19394384267770092e-24,5079761802360382e-22,0.3338523076884723,0.1905457442177547,0.4218495745895914,57303617474109275e-21,9773063183211792e-22,28509963385214686e-22,0.053690484527577,22968575287310958e-23
10283148454630159e-26,196830803746781e-23,0.3337558968302461,0.18900129867121326,0.4235773846111333,33167350360881753e-22,8847035599471211e-24,30657028938111915e-24,0.05366206005399222,15230152206845815e-25
1999114710390659e-23,4983214747070316e-22,0.32997534696688274,0.19192061611747954,0.42393939468133895,46515665549157227e-21,590881011337978e-21,2045123220311823e-21,0.054114763877601425,20837357023111417e-23
19611014544879e-21,5064872236517242e-22,0.3302294488744297,0.18920295127851539,0.42810149505988065,5966138475625898e-20,6077492530678002e-22,20870241305608956e-22,0.05240301061274358,21191858499482948e-23
9109895488060391e-25,17784344791850444e-23,0.32066630623890263,0.19249177640670054,0.4364629047512907,9364213119402405e-20,7797707546300964e-22,36149069394482687e-22,0.050280757023622766,4001610963412614e-23
3905490769587857e-25,10489968477133844e-24,0.3275993512057523,0.19112037034984072,0.4296227897015307,3825221337215561e-21,1417426525693025e-23,8594977207883621e-23,0.05165354786577914,4651263348003315e-24
25942188122471224e-27,7954363698682025e-25,0.32076195564112714,0.18940714640097892,0.4408526925906472,21156033993637953e-23,20973535882698137e-25,9631027836747582e-24,0.048977980901508254,3556568571254544e-25
2063664476830088e-24,5498848691487296e-23,0.3166616382949651,0.19280968636706763,0.4416117764824447,5655610974147692e-21,6869114216316142e-23,13753663068963483e-23,0.048910957712274494,22252402647007912e-24
11086421833630215e-25,1364104961200709e-22,0.31141286299931437,0.19998704470087553,0.4389910662048266,4780687515159957e-20,526177039572746e-21,20727459325272177e-22,0.04955845177602239,310021892785074e-22
6338600123367181e-25,7508376179207235e-23,0.30742479738795586,0.21223474418189875,0.43164775047494425,4256925099520809e-22,7145646395776952e-23,11238076858908296e-23,0.048692009884861956,12823338239552308e-24
10687247062479213e-25,11130732249884337e-24,0.3086455256813791,0.211956774706686,0.431923015565717,45694822480124235e-22,2113557359713217e-23,25953093383792565e-24,0.04747003892629764,16350644570320092e-24
6285381461243079e-25,812394447136638e-22,0.3128446757512297,0.21277087363265243,0.42551803455323955,2377480523423215e-22,7157039286187313e-23,12850472489829218e-23,0.04886588439156985,11979900428704736e-24
10394197235210443e-25,21155961716456628e-23,0.3039908383836212,0.2132075542032961,0.4349040560442033,5538288957743853e-22,1831750275699433e-22,40785177693404846e-23,0.04789617272547378,21189082049475064e-24
11169286095699265e-25,23643793778716828e-23,0.30396691403228615,0.212756532270523,0.4358187198353987,6037731531025953e-22,20349609909993726e-23,4645387218749813e-22,0.047456301737918725,2276116123729732e-23
11550569076348272e-25,23961143899005514e-23,0.305983593598324,0.21162764051962937,0.4350196104520915,6045790439479509e-22,20981217732526262e-23,46078409887219567e-23,0.047367616994293364,2249444169016804e-23
13005952588696807e-25,2740934133396513e-22,0.2970133268104354,0.21233904914370944,0.4446891292523547,7593542442763186e-22,23997203955710324e-23,5449319363317489e-22,0.045956649131377064,2601108778446568e-23
8383918098907592e-25,13630451716645791e-24,0.2950002456806006,0.21225214164765588,0.44670633264823223,28093399580879756e-22,208141346058599e-22,6363702447971782e-23,0.04603835919255971,12570689129209235e-24
12282525283749322e-25,24013216134335573e-23,0.29436973223519186,0.21517562524548073,0.4437540963082283,5922379378819343e-22,2180112231075375e-22,5719269509833905e-22,0.04669889856013836,24114849950277558e-24
8763881625958986e-25,11077221587828312e-23,0.28868757299790665,0.2153099099786419,0.45066519981853365,46304041315713775e-23,1280364836323922e-22,3564484002763279e-22,0.04533623947734583,18553948151102706e-24
7541426191825814e-25,7712412677567733e-23,0.2934515050113739,0.21226378593005316,0.4467012104658718,43569681774602063e-23,9253900443735922e-23,2278761994226689e-22,0.04758264959285297,15009799896945233e-24
7736003832567938e-25,10029327256560759e-23,0.29746797758333776,0.212981634306167,0.4405163811174557,33532088535973547e-23,9874336738524891e-23,21486161380442534e-23,0.04903324286742361,14133434069693566e-24
2094817303003266e-23,16926753495395879e-22,0.29069088500108187,0.21056202404745067,0.45299106316735754,4432195791231629e-21,13130904424824723e-22,4929273575065976e-21,0.04574334141203781,2981889337804972e-22
6588926321513726e-26,7860026769953211e-24,0.2736735810138388,0.22692025604677077,0.4508008109650971,19813563103898826e-24,6892043951796127e-24,15039892545082328e-24,0.04860530121290271,10899734575201473e-25
749513829568949e-25,10482630602075863e-24,0.27164881265195334,0.2292779928746344,0.4507006024407259,17643477598228703e-24,8001197620575282e-24,16249938704308134e-24,0.048372538424655345,11559215048545302e-25
9656878932148388e-25,14379563876329618e-23,0.27370234041354397,0.22611321630347195,0.45236022764716166,6140434184860066e-22,13857074841850886e-23,29834192643303004e-23,0.047823001193410125,187255745587919e-22
5967659064713404e-25,7938262988614091e-24,0.2703277334119349,0.22743380219420395,0.4555764207685475,1932151598892898e-21,27988568971438434e-24,6321116314864486e-23,0.0466599943675189,1737150946642964e-23
3866184314479772e-24,1452126187942759e-22,0.26761798398727754,0.2260906179781004,0.4603891286703911,75430517805337195e-22,6286170006531881e-22,1867409273953935e-21,0.04589203621987431,4498782255379185e-23
505278024417325e-23,10175620542522223e-23,0.262212839771314,0.22466733222348942,0.4696298486292582,1738841786682989e-22,4617213704539904e-22,9777369710879838e-22,0.04348823250418798,26720329821980594e-24
17051170561507432e-26,5745566429575732e-24,0.2637009411279931,0.22192785153282132,0.4720230929759079,29533642662966007e-24,4740329689034009e-24,1315298702596317e-23,0.04234805715028575,3868248141613387e-24
4425521152261316e-24,5314875351326627e-23,0.25400014107585545,0.2268482677932985,0.4750907721963975,16667588573431686e-21,7188009534027968e-23,15255449269993891e-23,0.04404380223338651,6710362568174018e-23
11655291643410246e-25,7253319044864226e-23,0.26671660811063186,0.2335546738044203,0.45535026804187506,3834384839717304e-20,27421911952392763e-23,25805315347173103e-23,0.04433947312234075,27101332844872172e-24
18454516562085215e-25,10832373351851675e-23,0.2788894865574271,0.24108530863356908,0.43618673408903563,1206070649384467e-21,4455696721677116e-22,1711736009921371e-21,0.04383498176523056,15409267240854326e-24
3438726776896797e-25,1082895104713873e-23,0.2928486894673186,0.24046316287135308,0.4168067953890317,25684583162864924e-22,11111617127376807e-24,16129823531152606e-24,0.04987874020867128,5192546461628724e-24
4107501628431697e-25,6677213168557327e-24,0.2637807695997559,0.24547029472422568,0.4374754456135403,18761294577342905e-22,599816723657278e-23,565808979102306e-23,0.05327159265226,257614845115716e-23
5703765709543634e-24,1870758481586189e-22,0.2750511371228064,0.24105731188641277,0.4297697878557933,5201398230473047e-22,2965384444498035e-22,12266581096491741e-22,0.05411949755976679,29458842467374174e-24
11101945792254254e-25,3087420007049007e-23,0.24942276858588455,0.2404078124670961,0.46132766285280197,31064343192812474e-23,24925161573550233e-24,3828685906677228e-23,0.04884133452741954,15726927417793306e-24
1001237263311416e-23,982793658064206e-22,0.26432543477672993,0.23255489063005055,0.4490931466288662,2215542527531077e-20,2054627306430077e-22,3161757829808526e-22,0.05400360615270993,13645612239249467e-23
1811875845160318e-24,22054479032712227e-23,0.2560800067118774,0.23145418855198321,0.45892902335884733,18539724023395884e-21,2604139089388722e-22,2515029260281876e-22,0.053517435832114546,715476563703365e-22
11544979184624875e-25,4313778204835193e-23,0.24582502507504972,0.22654197155700456,0.4732410627175819,3771205545171718e-21,57293192765817215e-24,50168153493136774e-24,0.05438798851405149,2917716695776032e-23
32570871476142114e-27,4631950160412783e-24,0.2399707298924819,0.2195457187054028,0.4871930477503052,515685360994132e-22,4773065086692131e-24,7867718261463041e-24,0.05329043409829506,6797491642750215e-25
32106661536555296e-25,8148044601006916e-22,0.23455393292136942,0.2080324705646053,0.4996237379351531,30567665114817464e-21,12783695836875212e-22,3188094498204532e-21,0.057753930804982874,7563221119887554e-23
874211020226694e-23,14562917652503207e-22,0.23194232844970006,0.19422701787038277,0.5275053539824552,824573095205514e-20,16094817725449661e-22,16245824167623502e-22,0.04631220761030938,147258315332889e-21
5582643338041995e-26,1660599384447062e-23,0.19870478978504225,0.19267675045422744,0.565416466555083,36888810096936455e-24,1519696102475087e-23,8841993675233136e-24,0.04320191525217882,3640982688992463e-25
6682660357135989e-26,22485581439290744e-24,0.18858542358019822,0.20179791815430093,0.5652846405569826,6315005820084684e-23,2412427273918906e-23,1185328078674324e-23,0.04433189567626075,35224732348729963e-26
284321573652067e-24,26590486398017723e-24,0.18706292280967632,0.19792037338086826,0.5726310752418267,9680825779435594e-22,16962389290904057e-23,6819542458051059e-23,0.042384394313501154,1477824139356735e-24
10818714359397705e-26,2487377128393391e-24,0.18711419869934104,0.217593250440034,0.5489174554124457,1367905787601357e-22,2209871519289563e-23,17986903067903736e-24,0.046374914296499134,16803878255689158e-25
14874640197940556e-26,7113964480893205e-23,0.1465124908046119,0.22290344044714022,0.590492884946683,8147405358018787e-22,1340220234326086e-22,761184510343938e-22,0.040090085648340185,19842390022975093e-25
11617556476978217e-26,6742906580700083e-23,0.14064437025435572,0.22202692430658397,0.5981730650569075,16491827257714798e-23,5209951031790506e-23,5500416395246923e-23,0.03915529799208524,2822471834994188e-24
17609597557734992e-26,3995876803117155e-22,0.13673439626667672,0.23017858397014904,0.5921251066846931,6060605054795106e-22,22185329277895555e-23,8136479717686737e-23,0.040960599512103575,4524645885115934e-24
23364140346941724e-27,1598899045275729e-23,0.1477107711257046,0.23813763152179615,0.5715431427210372,18681596548959874e-24,7461033333279993e-24,48329700647220635e-25,0.04260840723119012,4121872544382938e-25
1879496120601608e-25,2748973513101528e-22,0.1368043202986392,0.2328125332684572,0.591934697476532,2729295633499056e-22,16075329810927927e-23,11079725084197271e-23,0.03844762332208284,6069062642503045e-24
56615283476490045e-25,2086394426891409e-21,0.12971794592191063,0.23750909895129016,0.5953746768261865,13389149349745442e-22,6011699912473041e-22,7512046218089997e-22,0.03739328861978078,20633630914656808e-23
18774235062883532e-27,4549897972506226e-23,0.1019764915133655,0.24949037952144068,0.6033230251232717,14221288562875959e-24,10355244233352967e-24,774111568872154e-23,0.04521002508266441,9238693905228551e-25
22618847881481784e-26,7086119222320599e-23,0.0972402026036909,0.25515381230541795,0.6005339829437296,5401954131764166e-23,2983021106620175e-23,2473754278232094e-23,0.04707181876599873,37064877420502515e-25
7571920689336685e-25,18552551416429583e-23,0.10696709775043257,0.2582978551181981,0.5868054033068093,17800122195212712e-23,9316012012497419e-23,8663252700868283e-23,0.047929088452080736,11295852868204645e-24
14927657083560306e-25,21113659631532242e-23,0.11184204539704955,0.260542897989571,0.5828927093605019,20867094519512634e-23,9146904061128677e-23,9310242477538318e-23,0.044721722648327585,1873279238184988e-23
4953790424278395e-25,2190141992915902e-23,0.10349803254312268,0.26220096311040525,0.5905653378097732,14153713891289338e-24,14041434184569236e-24,16558004603185453e-24,0.043735593629755064,5756959046770847e-24
334552135675978e-25,9286582884829907e-23,0.07388716489353529,0.2705037694478081,0.6047971939022201,18646870435840637e-24,9458246033935103e-24,17686186388392264e-24,0.05081173269430881,37090570241777344e-26
18971705633556546e-26,4703158519998283e-23,0.08056999872325349,0.2755650797010892,0.5937339278820347,20247140890192708e-24,13194764369118025e-24,22459417671198966e-24,0.05013088838146091,21895126865224037e-25
8195797337385261e-24,4626476553915325e-21,0.07218210339800579,0.2756032961214685,0.6054007784519773,7653137719910762e-22,6671159506717968e-22,6649164835920915e-22,0.04680698196943524,10804068051757754e-23
5612648310924832e-24,21624599040168164e-22,0.08087529968127341,0.27139811990726664,0.6022410886749407,504686377521106e-21,47502224404916604e-23,44268312606141873e-23,0.04548182865626002,7261569078979302e-23
18716424863205574e-26,474241679526394e-22,0.07936410538026768,0.2694791185023681,0.6037682512414972,27153787202434655e-24,19974887732780887e-24,239234596141963e-22,0.04738840377780016,2434619989217906e-24
7754757646828446e-24,2208855732158253e-20,0.051843652624836575,0.2876573250811235,0.6131500108476718,22033447344091732e-22,3452077890966496e-21,24409764802541415e-22,0.047318611548388984,20718717580205175e-23
47140898390388185e-25,18627857831266742e-22,0.06112798810107979,0.2758362731308162,0.6158746265502377,8710276093986776e-23,27293194413685644e-23,36159410344458245e-23,0.04715847649651137,4659267896299999e-23
27386120726803177e-25,1134965615899003e-21,0.07616911903089088,0.27234934360788826,0.6045741883522772,7132918167510245e-23,27284245302698663e-23,5179314601122341e-22,0.0469053193492996,2984959105942844e-23
28817831083890202e-24,23967448642221128e-21,0.06943910686707006,0.2760215787520846,0.6085230008589599,26840564695447195e-22,9365902046663946e-21,13744485358909584e-21,0.04596600623719419,5165743824103291e-22
4826457523527873e-24,8632679284702734e-21,0.0593358394675174,0.2820967368625876,0.6103723072405737,16008263043319687e-23,17355518257396203e-22,46217959850462206e-22,0.0481799064821067,55011833685858796e-24
527341055819939e-24,8147118759992836e-23,0.08185168523653098,0.27236484067752675,0.594981287401005,10130473515275151e-24,25693927089932828e-24,6874381569373468e-23,0.05080199420751717,5910500231953451e-24
10960823311210943e-25,5934066167978338e-22,0.07575061785839446,0.2667664151092815,0.6090345321763355,29100567298277654e-24,10676531917015792e-23,1889418554285873e-22,0.04844749860088673,16945262732753642e-24
863721604920323e-23,104278953404065e-20,0.07851431572993829,0.2636824734539386,0.6105536825538713,1457584444674403e-22,32643051911046646e-23,486635919326604e-21,0.047247395395196005,1226156854921563e-22
1963241090575334e-23,4317846687441004e-21,0.0717202474576408,0.25101704505591965,0.6335106201831208,4078511625703385e-22,11585221712995734e-22,23664212458217107e-22,0.0437434940348942,3229958495301007e-22
1212602779412239e-24,1487193224991155e-21,0.0738282833992901,0.26193987696822896,0.6242626516076278,7271434013510096e-23,30132579703028393e-23,3367020156714993e-22,0.03996693444176873,54438330016463105e-24
3834165403401431e-24,10785969964582212e-22,0.0883493032792486,0.26007103370820894,0.6124657255587985,9491328284882454e-23,2381725672141251e-22,20347528298814586e-23,0.039112170932356624,14752915006510924e-23
14244263008030891e-24,4177640418696685e-21,0.046004661631824255,0.2606720292860394,0.6598252360169502,6668712148849018e-22,1932805784782807e-21,13259621463304276e-22,0.03348857646474838,13790772402547757e-22
28881348798230295e-25,16786671119384084e-24,0.00022900486424789514,0.29400954132264473,0.6709715599344706,3096736655198518e-23,2247953708307324e-23,12052980650936964e-24,0.03478976945281493,3925494977606298e-23
5958584146113516e-25,1726861926766407e-23,0.0013411131534910403,0.2798172809622106,0.6852609312833885,72137956818494045e-25,9739944328199512e-24,15549515194974565e-24,0.033580615308876696,8924498826178641e-24
6116283225826536e-24,3080421647331405e-22,0.0011851215553332884,0.27888495388411216,0.6872954700359665,724740424571998e-22,1352167279668461e-22,18205815108583844e-23,0.03263363069101757,11993746368344585e-23
36414682627774962e-25,5058980907334748e-22,0.0020030918229624844,0.27726479771486473,0.6911188809728043,49429125199531874e-24,14395324210408592e-23,1519271076227258e-22,0.029612240379903378,1342583423018931e-22
18439936722469267e-25,32283618593169895e-23,0.004651183745315435,0.28130415042199425,0.6829869279700678,26061206985701056e-24,8091029321877591e-23,7996810600552782e-23,0.03105715524598815,7099610293952406e-23
10335596532244677e-25,22744387843565249e-23,0.018694498893320297,0.28285670870018387,0.6647657690785871,15024300813025192e-24,3800708250220516e-23,3518546216579884e-23,0.03368267943739546,27196067751983316e-24
5937898217755809e-24,9220155371864771e-21,0.016638347312843853,0.2910721837225161,0.6628693913422681,15126808914266553e-23,43137338112396006e-23,38539717565010474e-23,0.0294095138160514,36967416322578215e-23
32772202003888117e-25,26056040705761034e-22,0.0006132151260953266,0.29630461308605643,0.6715763213012795,13556591924482157e-23,31268873349296946e-23,27689622234159283e-23,0.031502213864717216,3025883678116137e-22
4431534705907843e-25,160372778054665e-22,0.00021044357172035784,0.28942540608489625,0.6842985001319911,9586854986905758e-24,13775904399811242e-24,14501781014348938e-24,0.02606555376865788,4209792565739085e-23
13251964375689586e-23,62383217907101775e-22,0.00044817956587333175,0.2789274942245535,0.6972948075041303,6423631897352199e-22,25978180216857087e-22,17678293359705757e-22,0.023315564095123944,2575757178092688e-21
8678814977081979e-24,26201299132557554e-23,0.00012341410111164515,0.28696993123966896,0.6848780032522349,11085263243120736e-23,18622816622079217e-23,18607626659920904e-23,0.028027483577289222,41398180408621365e-23
26959354149288344e-25,30645911064992246e-23,0.018712938026807402,0.32137225188399593,0.6201013681590102,32434039781883726e-24,32194141728222787e-23,12876716734056678e-23,0.03981248757316864,16205946847269127e-23
47514167480024663e-24,11593816190932903e-21,0.033950619526948896,0.30853270700342494,0.6220675842438061,8795856556475906e-22,18643365732615167e-21,4255269857326145e-21,0.03540234593911532,11323735165730845e-21
6898583413370406e-23,19005815395202904e-21,0.02908158873619993,0.31678883534816477,0.6190542784321273,11614165791092746e-22,19975780716699816e-21,4783035369299035e-21,0.03501580155427255,14500895387256718e-21
668441201701523e-22,8511665532256904e-21,0.02980283274353826,0.3210284564776514,0.611776949705652,7883807316864067e-22,8024221081096523e-21,19246200597067183e-22,0.037366666175777205,57791660160696355e-22
1997489157469224e-23,7573135039463353e-21,0.03490352884159088,0.3393954082653039,0.5830503081779705,6168639160876231e-22,6187912277413376e-21,359724601190194e-20,0.042624806122896444,7953460105237359e-21
9662455310449629e-24,21678172255767434e-22,0.05217793038056534,0.36642740932377116,0.5328339614641858,294739325764991e-21,4561478543399298e-21,30230659856115413e-22,0.04854395816260508,6683905339444723e-21
206606077343249e-22,48298010688495215e-22,0.008840591430723079,0.36265629455468157,0.5884164715210076,3135403776615752e-22,4154727374091013e-21,4089886834764599e-21,0.04007133091559965,19029617348010004e-22
9757887378897442e-24,32605097463988284e-22,0.005013453623216921,0.3551775419662301,0.6039423835340886,1103998265620225e-22,22793254811920676e-22,18950221430666511e-22,0.035857885667556405,11801937967598776e-22
13738647592904127e-24,7456500364000706e-21,0.0013583486880403178,0.35409171655631533,0.6103958180269103,2633907065342969e-22,34140321990647487e-22,2722766536881183e-21,0.03413931588935433,930410914161216e-21
11023336635152625e-24,976082119473222e-20,0.006703307303090648,0.35682547021259936,0.6004542341957719,9432145153387924e-23,28313362200789316e-22,12671178995473192e-22,0.03600240623967287,6174287636924258e-22
10264539364958305e-24,11006795310891208e-21,0.018641899999739347,0.3490739928199514,0.5980582127633807,38500057793341903e-23,3418205860644805e-21,3014381126628104e-21,0.03420656376032242,1496009167311151e-21
5639514813823504e-23,33242991197550996e-21,0.05599419903901052,0.31908574926845196,0.5929615969550124,3120858283790954e-21,31331733201197613e-21,30481969111865e-18,0.03178675888443906,7346190614108348e-20
2173839159441279e-24,1037969255202338e-21,0.05670975465602234,0.32431916721280074,0.5870680057924088,10343976063183306e-23,12999287907633394e-22,11087938534457228e-22,0.03189515881428517,4361218260270147e-21
152172030135558e-23,1323114243052619e-20,0.04858062037653491,0.3279962108187547,0.5917201171930434,11304477019439688e-22,11824936306628957e-21,1182528165150185e-20,0.031628660058852086,3637822299035445e-20
2584818945461506e-24,15351918083053478e-21,0.05594106380105165,0.32702375286846946,0.5848132673807616,15235886494914133e-22,12646803903134035e-21,139512197505975e-19,0.03212124200068217,5719783383201776e-20
2976234490862986e-24,7920509849496061e-21,0.03767571145912372,0.33996458844016664,0.5900131942351936,9250501352041563e-22,6856763954911158e-21,7886551250092567e-21,0.032289547954380375,33366059707210014e-21
36993775880467435e-26,751958713653624e-22,4258343115443051e-21,0.3472231710904715,0.6227323734329101,13991800890875599e-24,6863773615178634e-23,9646889908126775e-23,0.030038834860234082,11076087824312398e-22
1076548955315793e-23,10045381282214922e-22,3606698622636477e-20,0.333731453727654,0.6361970574797601,19312650869073856e-23,9832515157741533e-22,11684418232318737e-22,0.02997882611526495,5323556170547491e-20
8037279211307388e-26,19070596162736983e-23,13573740209941119e-21,0.33521317749477575,0.633665922853868,9557249919748447e-24,18593966054085094e-23,15872859520471903e-23,0.03109316650993242,1361438932264633e-20
21972172125223247e-26,646998797453751e-22,16166816803708455e-21,0.3326558802026847,0.6430056986243581,4893801685585296e-24,5142221717784322e-23,6249546777957224e-23,0.021867331475576436,0.002454739149568718
11243448837522775e-26,9166727403222594e-23,1899575310139724e-20,0.32734417462407617,0.6470278550698967,9116226035862853e-24,8411902827868927e-23,1131790095295073e-22,0.022854708954238964,0.0027539674046755955
7779147645465258e-25,3579934015579207e-23,15500965688009614e-22,0.3287272517954612,0.6469925979671165,12228276494198192e-24,26979385311576374e-24,41125011782461805e-24,0.02424755683820032,30926393110004945e-21
2314274473054229e-23,7913966775860038e-22,2732386263488267e-21,0.3467037258933086,0.6262243644740942,3288716899768373e-22,5615876510780926e-22,13514940689065575e-22,0.02702379957103923,42321182544127705e-21
8121110033826132e-24,23627752362351774e-21,0.0002791150840642391,0.3600203529370721,0.609570094229194,11966742411666221e-22,9956811607497459e-21,5302872110135941e-21,0.02982040577196282,0.0002699397462541551
46704284160545945e-25,8251582286751444e-21,0.00015190054179429457,0.36264150162106706,0.6116750888307457,1454357351474941e-22,2390353321696769e-21,10002461030052324e-22,0.023704150079263128,0.0018155666392557774
20636264314096864e-25,13900345171431518e-23,36676678799031575e-22,0.3762017717230714,0.5979343211484562,3427602310294329e-23,6712800363603238e-23,1114774667607041e-22,0.025402215144634064,0.0004576703685555996
46551007898407415e-25,17337339373758526e-22,0.00024019994156274555,0.37936797884180684,0.5848372878619994,4661440712118957e-23,8043684614827197e-22,6745861738562104e-22,0.029314476077080872,0.006236793319486237
34645383963545385e-25,15696517927299747e-22,49897630981168946e-21,0.3676493664232602,0.5891916941400761,27142290634364113e-24,454195263584971e-22,3423232653396265e-22,0.043092383297236296,14670507051780888e-21
31605634860901875e-25,31754365391821364e-22,0.00021055236675712085,0.3682700337284589,0.569722891708917,4253737334126889e-23,3037060614665196e-22,21122997246804983e-21,0.04877350029723255,0.012998374061162075
17471130919884056e-25,8106049937784957e-21,0.00040184847365585635,0.3790164335257273,0.5609994969602237,1243900610757592e-22,40824227922129325e-23,1806868011243338e-20,0.05953366438174627,21847549152113417e-21
5370271676785494e-24,5984631500076413e-21,7176413686606641e-20,0.3838202392991694,0.5523394640613289,2010139559590832e-22,6302364387048739e-22,0.00040527066497217146,0.06334580780499553,10632780548819375e-21
17489623798913562e-25,6299857226997961e-21,16137243335390267e-21,0.37838987217873216,0.5575489173067948,36995393694722597e-23,22454996601631436e-22,17120625294676916e-21,0.06401845765493075,5779314727026747e-22
14955633773606355e-25,9979192218177126e-21,54790226936613255e-21,0.38330919480376996,0.5527843017886056,21890080163241216e-23,16792456715175565e-22,0.00017780794971054712,0.06361348139478717,48545002039027235e-21
5881672219168402e-24,2822764844403857e-20,7953188366681876e-20,0.39626464958301505,0.5364639189289138,4465433397549702e-22,3790003523968599e-21,0.0005458591325815603,0.06655638535690997,5718503783883344e-20
2947970722974722e-23,6119029649709695e-20,0.00020824275553614447,0.4115676086845271,0.5227265492063847,5552938411011674e-22,4583103320004687e-21,0.00038376031020392426,0.06485673958203056,0.00019074128805198902
10501927218801282e-25,3596612207023619e-21,15618324660575935e-21,0.4182802597274571,0.5159738501085834,21922189452402835e-24,12566519939533708e-23,9902080947848111e-20,0.06560361017710484,23895602461211643e-21
16337031644300355e-24,35059085954502065e-21,60907346213369664e-21,0.41751966219209,0.5149184437744013,32425222460474264e-23,14331792910435545e-22,0.0015786833780740408,0.06571118500067831,0.0001742854547904972
1931472365068545e-24,8624155192715964e-21,14239148882633363e-21,0.4129971319431256,0.5100629187612343,33355664674294444e-24,2763279853433054e-22,0.011329163813965105,0.06553343504721557,5417551525719863e-20
20726371467283165e-25,11353552426874517e-21,8026405508391244e-21,0.4139764174851209,0.5084891654766402,3485703175591733e-23,25534787140723785e-23,0.01228006057818374,0.06520443805404323,30246170519243926e-21
2989113227911628e-23,7928520060398516e-20,5123304680636617e-21,0.42441521596715726,0.49399174910192273,5011164899137142e-22,7104941039527779e-22,0.014104629866093236,0.06738752969778591,15225360202176843e-21
12119565803216072e-24,3750324466472983e-20,3243902741502777e-20,0.38315930577726265,0.5082780645427383,17916357889202415e-22,29598940300367845e-22,0.039559084711587984,0.06892849568805592,343358405770135e-21
31550067236500086e-25,39870948017979266e-21,1892929271650726e-20,0.3742276526544563,0.5283534902191832,4825732508257786e-23,1638835470885975e-21,0.030676442558298836,0.06647112571052474,0.00021079836895943974
2679364945110429e-24,39023543847659136e-21,6354332160490898e-21,0.36556347433517716,0.5254900379312626,12327423685271432e-23,1536273158757881e-21,0.04448670401932239,0.06429020047911392,0.0001225431324202067
7950686950011056e-26,21202028066814078e-22,22175427042342588e-23,0.35181260907010786,0.5116001437842956,15193750641142786e-24,8979497355170453e-23,0.0693791096060477,0.0671991519039388,6538610325062002e-21
1856827605880755e-24,44767557028392145e-22,547278718083381e-21,0.34760144927923586,0.5280749655553415,641445763311866e-22,39674314442826697e-23,0.0588459265433038,0.06516679583429769,0.0003053760088740185
13936105027060739e-25,27321132326358005e-22,18785428890132677e-23,0.3595603551316789,0.5128578580719084,4675044685586302e-23,2136699718866157e-22,0.058384563540782426,0.0688015403061161,0.00039250116803110483
22330589194475444e-24,0.00014463063524413746,1741070838134488e-20,0.34223132859910327,0.5134124374910056,26094237270444635e-22,1011070458952961e-20,0.0702221026034883,0.06320065381630995,0.0107586936875598
19787849999557442e-24,814854590865794e-19,13422078000670182e-21,0.3350941334612586,0.513460820586691,18848538063528823e-22,7470001800836317e-21,0.07828607982977251,0.06067740605152373,0.01237727789020885
11290902331825826e-24,5948427835262227e-20,6578408985730126e-21,0.3419586309423151,0.48422742815033987,5931621025869789e-22,29648612857016218e-22,0.09577926114262048,0.06645547156393322,0.011509576199161979
7484918798169329e-25,8992143803361038e-20,1334964452344489e-21,0.3415582796361932,0.4951962426164663,13052815481352588e-23,11347231695729792e-22,0.08612873803127154,0.06550148078342145,0.011522736530343393
7587613126653408e-26,26889196655435646e-22,20957290971151792e-24,0.3321584860963836,0.5062701330715492,6911799109697833e-25,10896255879210413e-24,0.08547015076904088,0.06252071244238816,0.013577796080453123
8018905829170525e-25,28228803322497215e-21,6822855469366193e-23,0.3341564959502451,0.5089797331122763,14028952889379665e-24,44323005458628674e-24,0.08701886506242153,0.06307260451362943,0.006743945175434792
4877419600889283e-25,0.013329022549043642,18744603639596638e-23,0.3440003988047448,0.47451195355736775,9219974638163329e-24,4565908856486083e-22,0.10012366923219468,0.06737565740673891,0.0006586447051854169
12368215978432164e-26,1972984624153118e-21,34940599776601155e-24,0.3268161016887055,0.5155353704869453,9041302285654009e-25,22167858971607325e-24,0.0722317642743812,0.05885539755051964,0.02655933487883008
8656130902546996e-26,5191416192477438e-21,74003790645702084e-25,0.310728811528359,0.5032832841513009,13748392299589829e-25,6076049561518618e-24,0.09015170488193026,0.057375531088312066,0.03845546199629984
32876779506762596e-25,2609639407198783e-20,14717339562564606e-22,0.30847486112801115,0.5311460138248073,5944627220966642e-23,14294502808016427e-22,0.05882049557375221,0.05352382328066404,0.048005745880499724
12590581887652652e-25,7956449523348434e-21,33285244653579254e-23,0.30885820695603494,0.5160731917282618,16426432688882433e-24,52094422507757095e-24,0.07413859377415191,0.05849798123628909,0.042423667223370126
19447005710273107e-25,9386030409705994e-21,375081626924458e-21,0.309394339715183,0.54735992516537,20507205950187222e-24,11394399238959745e-23,0.042486509065040055,0.052906016094221395,0.04784331245224738
538168251442431e-24,59113315610956335e-22,9562541478540166e-23,0.3133895401951199,0.5192645374745265,4005677998328407e-24,25006427314887975e-24,0.06708600430678427,0.05706192285281019,0.04319195866351343
4594450423706985e-24,0.00013202517676840785,33149293561414867e-23,0.3134538593621156,0.48736788547848525,55020833607814845e-24,1124962091630779e-22,0.10097860181786107,0.06093989051906538,0.03712723404132043
18050927296393607e-24,0.0001517017355154341,2705218179581868e-21,0.320699066654143,0.48524857149589773,20461551932920617e-23,5814445147547505e-22,0.09657728063236998,0.059720929311720086,0.03759894084116635
16897425055926742e-24,0.00024697086425536443,15848596316165954e-22,0.31352689648792564,0.4803298589187446,55788642984123135e-24,1812506416549879e-22,0.10736108220721235,0.05937825117393361,0.039155101551601686
225380889038158e-22,39649361186811775e-21,7154256497825222e-21,0.3125906536248903,0.4974346865685733,51630290734485515e-24,2200084008984094e-21,0.0949457922649026,0.05516344621059637,0.039816343460954216
8844077590644461e-24,2500455430440881e-20,3966580800288187e-22,0.3062762074974077,0.5231856225324438,16190934710154073e-23,4843959373298265e-22,0.07888243524063471,0.04724046958196128,0.044389208785786054
15597151156243808e-26,1797383152062555e-21,7757031102558984e-24,0.3241820787926308,0.4843112259299888,22485386615513826e-25,6666154489086206e-24,0.09341400547838169,0.056976118056717,0.041114757531434815
586195977777381e-24,0.00033205612766356115,12307251391167764e-23,0.32771785121265096,0.4788846655301345,2048069417833353e-23,3581766489634392e-23,0.09206968651871607,0.05482591821481357,0.04616964243896488
16511098349131535e-24,0.0006913721016977684,4988981039769654e-21,0.31762711742223265,0.5049182654752423,14989396143657326e-22,18921763693030788e-22,0.07800372997105724,0.04850605206400966,0.05024506635758486
16700203840795085e-24,0.0008172581904887436,15702203110236048e-22,0.3135903401938192,0.5288633029451669,20093688537865809e-23,37354068468963134e-23,0.059666614406886594,0.04630687319840098,0.05075344966712106
8455876152347189e-24,0.0012903379480119189,10106435491770485e-22,0.30170867128987566,0.5390295077174393,9446336340877251e-23,23687972740242562e-23,0.07035137826851753,0.03987468260943856,0.04774407172419951
4681089296980608e-25,29437601841720045e-21,26339420295021023e-24,0.31045982228067237,0.5335513776136891,4608965920349187e-24,797724243915771e-23,0.051024285338205556,0.04249355373781066,0.062441484033966266
36541317261195826e-25,0.00040037611067851445,6428754781365041e-22,0.30121759131483133,0.5439224085954644,46599890836487696e-24,9347982838251505e-23,0.053681640696791016,0.039499141555394274,0.0612780551175093
3270096989864985e-23,0.003109913519744739,61389682526317464e-22,0.3184770696699074,0.5028250385093981,1400211845697412e-21,1296669600495094e-21,0.0771533079167706,0.043949146244446805,0.05447665558900186
33643960817288536e-26,0.022824990843126804,10654008368245438e-23,0.3279760742898645,0.47286946846024885,21618592825350064e-24,2458107682986224e-23,0.0906425623617913,0.04398951210198416,0.04169723886680442
18266906562447302e-25,0.00017750643260354846,9153190852231978e-23,0.2846247386556994,0.5105834170584966,24205831790570288e-24,4171350744901171e-23,0.1177797153459439,0.04035619551036742,0.046478267718973613
4385788704735246e-23,0.0004180268204572311,2261519146661263e-20,0.23963440559229374,0.6165296907149725,5711735845936695e-21,22837889202248906e-21,0.07448146043491873,0.031107744802937667,0.03777746296006865
1649913615872955e-23,0.0001759975485816599,10036318022857133e-21,0.25391066272843493,0.6110177155631559,1955798638942762e-21,8307019344504084e-21,0.0637857580150646,0.03095557483356186,0.04013397567606968
51170978283194086e-25,802740705317682e-20,16204886337516694e-23,0.2521716533234474,0.6213513959891598,3494045926648735e-23,3959773846572331e-22,0.0528712729837417,0.027699459421929647,0.04589759279085832
587616501299785e-23,8350018406386802e-21,2904159147401651e-22,0.26297717633910833,0.6033508742106704,7782481420262118e-23,4115988744097982e-22,0.05730778873311037,0.032092676078472465,0.04426234890446529
3881026796179294e-24,1576953267207267e-22,1205766368010629e-22,0.252496898940587,0.612803598662288,3617206911523203e-23,8509961337441973e-23,0.055326250884562715,0.026506084200480826,0.05286676388740708
1862957016533218e-23,0.00029839537501302407,32415385679136116e-21,0.2751686966631248,0.5790623526554738,9294572025435043e-21,392523869913191e-19,0.06789170220991493,0.03452097420212217,0.04297689792008701
2964067450159339e-23,0.0003359834930326712,26592532410620455e-21,0.2632097725178722,0.5820011423662013,8906880208277565e-21,40533820358592756e-21,0.07330343593517528,0.037261175329749166,0.04381242748431665
15176375331428977e-24,11130647389311994e-21,5305858964890164e-22,0.24259649917072998,0.6081598416864047,33105834164421553e-23,4833839047149439e-22,0.06800595604008104,0.034675172830996775,0.04655003941986693
4579848411817704e-24,22767925141034495e-22,37700269711519404e-23,0.29293017572365004,0.525848053946859,19265670741221877e-23,3836871289022918e-22,0.08307445701206145,0.040065942248961,0.0580781363495716
3020205961051112e-23,44620772277554734e-21,10613364400913802e-22,0.3152486178966864,0.49985063995163054,205491729260503e-21,44505601518879055e-23,0.09568174451296281,0.053068077360972105,0.03610455741919916
3204425294720403e-23,0.00023653219960992922,12006406028299511e-22,0.3258660395883032,0.4537065033861597,16636038940844278e-22,11395972121352323e-22,0.11912428779969852,0.05867159906793953,0.042391002072442084
3937363785740553e-23,0.0005862956686804194,2986300201110064e-21,0.3387128679319139,0.4252355835048858,23850261728869584e-22,28875442194462384e-22,0.1304672633368219,0.06437602089393242,0.04061367041952989
8999225789553979e-23,0.0026136569819926207,2482122507819406e-20,0.3553275213254746,0.38408680981334287,2316315154348596e-20,44670673234712374e-21,0.14644089487388848,0.06758906973742387,0.04384930222575684
3740023169464089e-24,1003288881340183e-20,10462070132969665e-23,0.3484552913035331,0.3938722670785337,39284801613248826e-24,12177281832662177e-23,0.1467239144264983,0.07086727242218488,0.04007095246209271
14291435862923746e-25,6361610130157818e-20,8659202902096048e-23,0.34774056098428585,0.37302080652219216,32748846374648094e-23,16488934116714036e-23,0.15322493109032562,0.09401555785323845,0.03193394704967851
4883205739711897e-23,0.003890047043341542,2553608270296645e-20,0.3612598996841786,0.36844012517245767,17335529008286077e-22,2293924049114687e-20,0.14736001070101973,0.09700864233783171,0.021991017353025694
4459489130235347e-23,0.043975906296398165,13074739177087718e-21,0.3538014019090778,0.3462807515481525,6552095936412956e-21,2901938875764513e-20,0.14947890515472032,0.10526519773407542,0.001149146538801338
2497109626131229e-23,0.060168583202476075,6045774848742544e-21,0.34489463330538495,0.33032878384691045,3409487608644906e-22,11614409927446687e-21,0.15410585950195593,0.11018259614600354,0.00030151789263215814
8653200140129098e-24,0.06723813667435766,2927442686449131e-22,0.3301259382503981,0.33650739027294235,1542551449734288e-22,6851659476597003e-22,0.14418836080204842,0.12193825777952698,7754021646107107e-22
6561566408031813e-24,0.07790905895410713,9847560976808116e-21,0.3251976291242104,0.3406156226286881,14558267240599168e-22,4454858032009858e-21,0.12430234602795376,0.13195741633060332,2162127142377505e-21
21657544954889704e-24,0.08770285930643745,10915803947104841e-22,0.33364943025506894,0.3099989611445263,6437316524111031e-22,33840351835828823e-22,0.13543322552488263,0.1332008125663532,957019795512804e-20
8516405131106188e-24,0.07856172726361606,31255619782770023e-22,0.3198075925124522,0.3331532371293396,1395984114236807e-22,5987974300498788e-21,0.1344218468175329,0.13403041196144186,1592266451038414e-20
17555468518530192e-25,0.09200941929776037,5723389250141019e-23,0.3249880335745699,0.29226645862225903,1978637334249411e-23,3467709151834731e-23,0.1500124849231711,0.14072344739596546,4273336962153205e-23
338943574617446e-22,0.11116450662100547,573760155693082e-20,0.3252741254826619,0.2636927254864763,11418411178507952e-22,1100595457660492e-20,0.14744176318633267,0.15239316688221244,15793049704629165e-21
8457964735622391e-23,0.12106895682304719,14549852675431948e-21,0.3197232163158616,0.252635872815634,23449530072710123e-22,3878746164737621e-21,0.1506426757295024,0.1559053892050859,30309793756832186e-22
18532675388036034e-24,0.12023745356188618,15644866947585697e-22,0.31262878637985386,0.26508398723659815,33938721677259663e-23,8853983614487908e-22,0.129686075885163,0.17236021096874907,6781628013006268e-22
12424495843621704e-24,0.11624627521144239,23163800590752506e-22,0.32461386032067624,0.25501665414583735,16980882599476035e-22,6553715071516203e-21,0.11490854933363898,0.18920271380963302,13665708777243261e-22
3853527271174968e-23,0.11488037798641365,45876566205267265e-22,0.3537281269430369,0.22806995047246081,17983684343862532e-22,17380044678864186e-22,0.12746920188392902,0.17584293558653388,12445628321381712e-22
25657454092817144e-24,0.09817547862305921,0.0539336747633918,0.2568299020553184,2808732177100724e-22,0.05585291158141216,0.3705180690957811,5600846935327891e-21,0.16468282881140567,1227692024721749e-21
998675198261329e-22,0.09341739795375216,0.05459723253238097,0.26078017675050175,7718376591000488e-21,0.05214658687660432,0.3651416075399323,0.0004227948045562666,0.17348342627505794,2959023072520621e-21
29030601003126707e-25,0.10152050263879503,0.046944803439202265,0.2675386605869025,2839104870634566e-23,0.049937344575065046,0.35860091070655714,800861403907911e-22,0.17545752261093536,1440622967058395e-22
42776907747497975e-25,0.11835273902476925,0.04851298784449677,0.272077178378722,3950537925697348e-23,0.04265591737167496,0.3369932127508143,1952680010400077e-22,0.18140745035802391,27522033279012354e-23
24928255876401285e-25,0.12047466348045771,0.04557938199664005,0.27424350743593545,9302502161043825e-23,0.043429769232636674,0.32981425235880674,30700704442246765e-23,0.186456797875277,1225095354092434e-21
4658096562054105e-25,0.13310095457989823,0.04631149387674785,0.2758309407962727,33264611133523235e-24,0.04329808656342949,0.30906548174189674,23309829714325165e-23,0.1923927240755799,51537456560959573e-24
