4488740001963002e-24,834300289866748e-22,0.325468573648564,0.16537804687818008,0.4677336570512151,6027678476986742e-22,8225494805958563e-22,3562399941003904e-22,0.041417758472321965,9447374495681787e-23
1240795440204841e-24,3074244655930196e-23,0.33425881256296885,0.1650065670498589,0.4568649302905185,6563408947358013e-22,792118561462574e-21,29936565980233257e-23,0.04386785225039953,58037922995324e-21
10658014241775936e-24,32274964684562824e-23,0.32338492405233044,0.17418773467342477,0.458209182366776,4550743399834979e-21,6077627425248033e-21,3575133642154703e-21,0.04420297435561791,6476397255141151e-22
20165849607835124e-25,464485506923764e-22,0.3311597031239238,0.16380854833933692,0.46238466282629676,5769754710629059e-22,7961472141413787e-22,398659734438181e-21,0.0426451961573742,6930557398838772e-23
1042163683618113e-23,1910640167643445e-22,0.3284184118575589,0.1636707315722518,0.46683190966764937,8478253360586809e-22,10882342036419977e-22,5816508041821554e-22,0.041076074429864835,15327693352274037e-23
32864803334291133e-26,1442691252099446e-23,0.32672045974474023,0.16572381361067096,0.46622152714775505,2049602241833419e-22,311950721886757e-21,26682273708572215e-23,0.04133337186303457,29144553598524472e-24
7826010758137251e-24,33285094789732755e-23,0.3192961171565041,0.1584101986914363,0.48521429791331466,10426806241284405e-22,9121670225701614e-22,11236141852603839e-22,0.03707551189422955,4552057350735973e-22
7627185570971583e-23,29671458343917053e-22,0.3161679502141071,0.1665490616784355,0.47899059184683185,1540597782908118e-20,18096995254128298e-21,10740231498767261e-21,0.03824387261366637,12370247196274955e-22
10153198438446604e-24,749311984574828e-22,0.30131269593590204,0.1839287710290813,0.47561653782380586,25688874962079535e-23,29045818519452763e-23,12681557988529678e-23,0.03914122000722143,15957617140998924e-24
864196770591488e-22,29068826206995244e-22,0.2893358875308143,0.2081265665111902,0.4626571567060209,2572715249148752e-20,4302084212606057e-20,17489687215616293e-21,0.039784195654664053,6962613114604871e-21
4053891063897855e-23,1644721678000647e-21,0.28037928804305395,0.20812101649863166,0.4750759542863954,25504815073202144e-21,3800148177857593e-20,15462992802793022e-21,0.03633645154995284,6635071666830328e-21
10716471717098051e-24,5833443853870878e-22,0.29084173320952766,0.2095357504737517,0.4602985425736886,4135231500777689e-21,7090326195033831e-21,1787040196183739e-21,0.039309360545472835,10065388005851295e-22
3745797968538867e-23,22062664851512215e-22,0.27285669631476894,0.21557120873114394,0.47369767525051915,10093123228913088e-21,20131853443432584e-21,4407157042926403e-21,0.037834132161534674,34116838628951326e-22
554558471083428e-24,27401885407371002e-24,0.26919192471476183,0.21707581432200398,0.47698723511093954,25895245036931263e-23,6401800191013007e-22,11055185995506057e-23,0.036743913259188396,7495227717098872e-23
6165109059165455e-25,3043115616102833e-23,0.27385279898757864,0.21377840223064576,0.47627523183672443,2407589967428648e-22,5725111844844402e-22,9464969168769482e-23,0.036092552099198136,7587835272867995e-23
5323211115963079e-25,26874728964067668e-24,0.2638102159850907,0.21672503764369275,0.4845981711130761,15603835791612025e-23,5051632242992844e-22,6182689602275626e-23,0.03486576559104061,5923160229129586e-23
9215033754104699e-24,27566822075397304e-22,0.25571742016648136,0.22175095102142037,0.48776444092183885,540141674206882e-20,5323980931325998e-21,6199606799904421e-21,0.03474113391928266,6363069272181228e-21
32495146632348146e-24,69335000304219834e-22,0.2401836631592434,0.23581671761280923,0.48879953549661337,9383725178886536e-21,5739226532599454e-21,8290271113916138e-21,0.03516628426865715,34202446714305124e-22
3915616014737859e-24,23607997439063412e-23,0.22749014338268309,0.2381796178672951,0.5017553301090399,7618339343502093e-23,21598749823276432e-24,1654662938704314e-22,0.03257433427682003,7112011029239669e-23
6729143803477896e-25,32842252721957255e-24,0.23445332547318726,0.23756496109539457,0.4919731988909153,6040983290737553e-23,8297546768272669e-23,23029424639308156e-24,0.03600830549066857,9120010437279075e-24
4150814211115657e-24,4969657952578819e-22,0.2469120329016204,0.23993283683775393,0.4734825294999272,32238962153186048e-22,3039038871958419e-21,10601799601309527e-22,0.039663727113930326,10494151122147733e-22
4082180199756354e-24,28136677438288857e-23,0.23563647714453287,0.23353252854411488,0.4968981330051885,2030917912572786e-21,20510483588719156e-22,7239249118824043e-22,0.03392704051591724,7294501150306273e-22
14691174521889173e-24,3986719299461489e-22,0.22197066029187149,0.2564762966025349,0.48201989761859154,3887578806513827e-22,21034068430061335e-23,3163219538874256e-22,0.03953171787121679,9883017357825485e-23
2774759322863354e-24,58868023934156776e-24,0.21720701140791931,0.2615599609217235,0.4821133183977815,14411032765744366e-24,11747465897170596e-24,3453393366568824e-23,0.03911957860555348,8332286825980914e-24
1902269589011214e-24,5949630741773382e-23,0.2279644159943937,0.25520907673062304,0.47682939442939487,22860424262153192e-23,2946103824152741e-22,6879667628488759e-23,0.039996381199012554,7823648810565196e-23
4838385276739094e-23,2548157370507256e-21,0.21646036199232724,0.2611324687420472,0.4843224052064625,17971116977161676e-21,25390436666039772e-21,35479691681526033e-22,0.03802880158282558,6456412506003573e-21
2543317090124728e-24,8186191323667457e-23,0.20977700848463907,0.25668617789774895,0.49786533988316006,3523831064620195e-22,5138537757215364e-22,10436728258142455e-23,0.03567027711396248,14161107738236901e-23
51628067316629904e-24,2761614740198507e-21,0.20623480287890006,0.25692239145308776,0.5025314639476829,15260592915453124e-21,2760363259590589e-20,4518905399722817e-21,0.03425291971192214,8225634715082166e-21
23906082359368272e-24,26128217058746272e-22,0.2113764695241851,0.24849834350510872,0.5078295879912689,1252213639669088e-20,20209732952419246e-21,6331809927022256e-21,0.03224411314427054,9785427823505564e-21
447195687413429e-23,6609127691504956e-22,0.18628903399748548,0.2644963876820477,0.5157587719580429,9367760518945488e-22,8925892824721323e-22,12420463229034486e-22,0.03345033409748589,17354684992739626e-22
30299230248206205e-25,18643875806976636e-23,0.2006133933003019,0.2799819201105663,0.4840921024633092,16062224831986099e-22,2850542668233378e-21,40973165289627956e-23,0.03530703801878817,4901415713138346e-22
8690808332286115e-23,9145832627569805e-21,0.22652859967696748,0.2913538662418315,0.44357079027598884,2970001250674134e-20,39226142312010483e-21,11247705279750564e-21,0.03845713154287307,20566151856972384e-23
1639908721011474e-23,4935398207068127e-22,0.2632432190156814,0.28560639935516724,0.4023366078429295,15943296336662e-19,18515694421422932e-22,5660466694994433e-22,0.048809247466054785,4438905188233375e-24
19160024509623704e-24,13382380306180637e-22,0.24241873073053066,0.29440418657120526,0.40776077379491926,11422008206406258e-21,19563663925089696e-21,2258485690730679e-21,0.05538044685386767,1260493616530576e-21
1857426443518445e-23,7909821499720841e-22,0.27680251693825625,0.2885311386800184,0.37434665895614144,4243493468314402e-21,6542975404073952e-21,1102514847954782e-21,0.06030666773004408,3191553518783473e-22
3551267350950028e-24,30029199411530747e-23,0.2528270987043162,0.2984393090405051,0.3920563242463946,8340629706010485e-22,8563214747489105e-22,40900707779093583e-23,0.056674750041950855,11473204871206596e-23
5289134304881059e-23,3615157369579121e-21,0.26919752351354725,0.2939555614758475,0.37517819307066463,11089080511520568e-21,18103617519650716e-21,25758100024946914e-22,0.06163245741540188,8279680017314628e-22
10611469551025083e-23,11659275920339068e-21,0.2697399967742002,0.2979179106803756,0.3685885202117517,26975120712514117e-21,4692823638970766e-20,73171777088619314e-22,0.06365901866403696,15677449164974912e-22
24081768671592127e-24,15534843634557045e-22,0.2672970624096466,0.29403705671969854,0.3740381302396694,8425792473909374e-21,60533196013348715e-22,1944509782982888e-21,0.06460933894994432,41049366188733913e-23
30370040822959913e-25,8623364764657481e-22,0.2550996422799243,0.27635122691666497,0.4076961776399327,15912132177837797e-23,13693989216138755e-22,13441639405317615e-23,0.06085038539692833,3945676968909738e-23
3931627285812771e-24,38563484038420597e-23,0.23192577650676305,0.2531381189218824,0.4555742980023741,785585324049327e-22,19568952112289488e-23,10587195188047385e-23,0.059360994183151765,42699583346873215e-24
5898853881039008e-24,3535312369178569e-22,0.23332529584297151,0.24114474621307366,0.4767403003632547,28926029674687755e-23,3724067482416191e-23,34588861488362205e-23,0.04878844883752718,17692455871534547e-23
39053306702332565e-26,6474863837682601e-23,0.18320946487117265,0.24378431775126755,0.5307600139111747,12051834048964418e-24,10005797931118933e-23,23367576336942105e-24,0.04224597974634172,2310356473741869e-23
5253858225646494e-24,5508389121427794e-22,0.1717593456265498,0.25798655243569796,0.5267122508592395,5852514157018604e-22,6864933885580832e-20,41008378190176846e-23,0.04347140346376534,2468483916163743e-22
949502818193296e-25,962954349663665e-22,0.1660780066749232,0.24648591614412782,0.5478202388241662,5149238104146545e-23,16083135764797088e-23,16930122310565146e-24,0.03961549946920346,13243513890172494e-24
15734933644688383e-24,10546041817234064e-22,0.17999377465206606,0.262137731233638,0.5136772449450637,964362358292784e-21,7528084013265074e-21,7002948976277757e-22,0.04417997070136972,10153881629941328e-22
7090036190057476e-25,33301919099824037e-23,0.13570291402906673,0.27287020728955014,0.5530924487185728,16627522212480282e-23,1055743217902329e-21,837674639314826e-22,0.03833268476864992,10568006833385511e-23
2480887944072298e-24,11976774784012916e-22,0.11744735728895418,0.2673556060431071,0.5813903372123518,774044991432668e-23,32015542640475254e-22,4839100675858514e-23,0.03380215622663961,8538485978203521e-23
9286268573756725e-24,14835912381947004e-21,0.12318777905810728,0.2870681133095721,0.550852864741767,5514616708251277e-22,2248074998506254e-20,6153886947572783e-22,0.03885188777503783,8623164569891903e-22
10718033984964956e-24,2698258494404684e-21,0.13723021709388739,0.29823070640714194,0.5237692511268746,21977977683217515e-23,6531110794164611e-22,16302222723154598e-23,0.04076594844453104,13203795615358132e-23
19725747220478407e-24,7455423894803627e-21,0.10178430403539682,0.28706077363901766,0.5803715272737544,2262354945186762e-22,10767165186846612e-22,18562620638544473e-23,0.030774214072274254,21725171686664578e-23
31904913891419734e-25,14290313873177145e-23,0.09204356970122034,0.2936046746472186,0.5848524801907988,21946925694226038e-23,4212631138104487e-22,132479234222618e-21,0.02949829949655646,56658963823912153e-24
62537892842670636e-25,21063549236685725e-21,0.07387407822517936,0.3151261590105611,0.5697241411524265,8899286969636405e-23,8691686285008368e-22,10912895068122047e-23,0.04125342444649639,6007196250251456e-23
645915291526028e-24,8295728037981754e-23,0.0708413782565426,0.33162655145762876,0.5537679043737918,8507308263559662e-24,40733683136191325e-24,8241291667190211e-24,0.04376401557343949,9253144199136309e-24
7645112133819866e-24,1840079702870735e-20,0.09391571967962853,0.3275488433526385,0.5323322799049341,23963081920812525e-23,31244247144950126e-22,16043489897998334e-23,0.04618086878346184,3553467290949684e-22
3919304061882698e-23,24479622108084567e-21,0.09953498629076442,0.33463458812248154,0.5217657042296312,6397528385789848e-22,36307119617399255e-22,4829907965564662e-22,0.04403484423954327,6048474776021923e-22
25401813963973096e-24,50916719600215704e-21,0.07409350266178699,0.3435500929396504,0.5418221424548487,25236418939829715e-23,20842789799403482e-22,35555555821189103e-23,0.040480300783744136,32683983453496585e-23
17979117862840166e-25,21371137480260752e-22,0.05281603734499569,0.3561116716690357,0.5415652818586812,170290755124029e-22,9202217657522838e-23,16720424866822164e-24,0.049504726271864925,18171646211020384e-24
7757299816768552e-24,7131278041413685e-20,0.07443685945586667,0.3654869781341649,0.5088615946702798,22269509067616203e-23,26166668335096963e-22,30939263329018027e-23,0.05113953063946358,5678079467729715e-22
7253801092683224e-24,8173393833285214e-22,0.04661368876264371,0.37091381016505764,0.5360909018975581,7448928511547513e-23,4298351225833414e-22,9070974147749125e-23,0.046380070523465,10902392854491027e-23
29992561305020824e-24,0.00012460633278621875,0.0587048872308296,0.3640353139935749,0.5316861920427716,11720573294655874e-22,15136850461493005e-21,16386164731139977e-22,0.04542675682339524,4266059801315752e-21
41799792231651035e-26,16565268297465621e-23,0.07528456617222795,0.3461744219263799,0.5320977185907869,13712979739929305e-25,30064998156667986e-24,59827315575345725e-25,0.04644308543319162,4387706294511194e-24
327562517069531e-23,4459038461058572e-22,0.025617209352347327,0.3612032521054752,0.572414906670563,2349002059963071e-23,4556217647382048e-23,2981062021189522e-23,0.04076406062791602,2320101068267497e-23
36775965679091265e-24,9407180993012979e-20,0.04116040202269607,0.3574129890217422,0.5559580404473136,17025926232353015e-23,6684864718814936e-21,5342796665258138e-22,0.04536583264707684,12378716730800515e-22
21662309290768198e-25,2721627236420028e-22,0.05063310733947631,0.3507142257928309,0.556899125081594,10414948335368332e-24,28066509726871538e-24,16548694293460136e-24,0.04175319891281737,13514202471698278e-24
11987874003569375e-25,8401976685619507e-22,0.03430712782844946,0.3578324353148014,0.5676692453365831,14811480707018537e-25,4782222312127559e-23,3890521786584688e-24,0.04019029216401566,4765766416389554e-24
580108222239332e-23,4714633067201221e-21,0.028583482635483593,0.3717803257608553,0.5543430746384973,7796305030844079e-23,4476772942152514e-22,1560212528883035e-22,0.04528735155882589,3633104178415766e-22
3515062183151564e-23,5641045377303142e-20,0.05167748397969781,0.36120383499746084,0.5395971493348941,23706337279998938e-23,7659330849004101e-21,3651680103270451e-22,0.047456046139055644,7783823626778721e-22
5544880139652918e-24,21463288197687728e-23,0.03803730512243198,0.34141715243045073,0.5787135738573247,2960559229798273e-23,8116258692392693e-23,4906013862383805e-23,0.041831514334559436,7424917645244905e-23
3186002216897536e-24,10618592006361314e-22,0.028682823377238223,0.3202786362108524,0.6161869291199454,18554216903774624e-24,11324416069913168e-23,2800499733599603e-23,0.03485030909652594,7734702329951861e-23
6154208125631702e-25,15621554611315415e-23,0.043891105159126906,0.29055285282861903,0.6319853341387652,33503695874352214e-25,24688923035586166e-24,7288222145514501e-24,0.03357048108350629,3463149834660723e-23
4520968617329126e-25,4533541102730167e-22,0.04611906507863554,0.31718050770500045,0.6056696206085455,15537561206433692e-25,8354996391409358e-23,5183411872647398e-24,0.031030181441043442,8107335532791939e-23
3349246771806743e-24,5871089279418115e-21,0.06280195662010432,0.3099792424109938,0.5967702271161934,2415049011925995e-23,1292612309910262e-21,3454770871980329e-23,0.030441038367401464,3097362789084687e-22
15223254985595287e-24,4953152138674615e-22,0.0009773773411754054,0.31947169128302083,0.6566646019099666,11173999036625004e-23,4473566520289212e-22,1731154014430052e-22,0.0228847575508374,32916451975038183e-23
4287080754264934e-23,963658061571801e-20,0.00013110428926779068,0.3439192350965518,0.625996694244367,14338422390690047e-23,3351158257572498e-21,2338821012690387e-22,0.029936713610047388,28448838278422874e-22
4555809446872918e-24,5906204152642153e-22,9394346329395715e-22,0.311525450473663,0.6631451948834763,9583299256872466e-23,5358126015625784e-22,14535407056221723e-23,0.025326544689264274,4983430890510177e-22
8984721190315748e-24,46447982115247635e-22,5231360337804462e-20,0.2948588594603643,0.6827889535563797,2033736694583232e-22,1761854401785909e-21,5563869555006638e-22,0.02229005740592682,2640575999761262e-21
1948029035728646e-23,693963168297793e-20,30242829067294474e-21,0.2969505494884259,0.6836857192740495,3587828549004576e-22,32656006849062546e-22,4608300461368359e-22,0.01931828786255005,4156220343830887e-21
10729514244018646e-24,37383958564947027e-22,3555661426073601e-20,0.3111770431649519,0.666554018269399,7945183629206664e-23,10135976562393638e-22,1432258890813828e-22,0.022227053071088396,1343479551605818e-21
2024385314652179e-23,1201575749298059e-21,13068072456310268e-21,0.30189051452152266,0.6762742723495866,9443759537290553e-23,12848898373075501e-23,139513092005175e-21,0.02182032978401726,23099892379120472e-23
9899415388264871e-24,3477340877572263e-20,5509189291488293e-20,0.3251351743081427,0.6537488642780503,6502640009697327e-23,6753672564888008e-22,9843647753166133e-23,0.0210240374192891,12099632680940668e-22
917736718970183e-23,7993595572547207e-21,5471534485670538e-21,0.33835071969937297,0.6341588149753551,6697237094064132e-23,14506911191511499e-22,2754664134700445e-22,0.027473765178130466,14327098189744423e-22
12648303503999764e-23,24763455441750587e-21,4756935425043861e-20,0.3246466077676243,0.6549399854266045,10217986825268585e-22,19793989043061163e-21,14859264635940392e-22,0.020263294333927765,5535146490743637e-20
2097229760328083e-24,40615614778663244e-23,2578530661552487e-21,0.3053474177544888,0.6785582785648482,13339102633013252e-24,5559595996210837e-22,29214669592496255e-24,0.016084620320928864,6098062324690534e-21
12327321015347673e-24,10560309823970173e-23,16209530246694127e-23,0.34162217458171584,0.6323948541546341,6734389781828597e-23,7917015639433511e-23,9063961898297381e-23,0.02598239885380623,5523045556286999e-23
7954354915708441e-24,12690520289239324e-22,4818155036938256e-21,0.3868370350592527,0.5729474456119444,4896557427431202e-22,4308793689990079e-22,8680802974911528e-22,0.04020587569176539,17598602194764972e-22
8454880112218024e-26,19931916059894818e-23,1508524859629387e-21,0.3596652719300392,0.607917700206429,8176947039846707e-24,6887507240030946e-22,23411293722300276e-24,0.03241390366353286,6959323657816632e-22
8739367495709104e-24,38225795849742845e-22,13841428781053762e-21,0.3596657283925643,0.6094088196973981,9538940848544238e-23,66386286044105554e-22,19857941174557166e-23,0.030894044517990226,6802046904280495e-21
53093237146984314e-24,7409351996096622e-21,31133630696958636e-21,0.3758786672828224,0.5880036255756474,517679848133413e-21,1126489933701229e-20,8768733522730282e-22,0.03605117416753146,15277445949279812e-21
4680298595885318e-23,6166779124561318e-20,0.00017939028553156148,0.4344437486632191,0.5162308696556567,31864156584441743e-22,5430046269497455e-20,6560996551161087e-21,0.04897015289349243,5007603295228337e-20
24027282262311875e-26,7916622845505216e-23,39520956373797254e-24,0.48144105110477947,0.4620621049165832,6164144180852577e-23,2443770401357959e-23,8520788392215666e-23,0.056496461184027624,9258012572832082e-23
28085166427203594e-24,12599566858649776e-21,4670095835934091e-20,0.4531112140315818,0.498090656243027,6326816827848417e-22,23834739951419445e-21,17072414834943386e-22,0.04869623256561342,16393886267466707e-21
3723615339242668e-23,4401257252643021e-22,3866529202612876e-22,0.4568179524362773,0.49565884700220764,10479380326754044e-22,1217923635564131e-22,14012348601534005e-22,0.047519643321410336,1222599209559648e-22
45846271665166764e-24,10819727511370344e-21,2982652808137836e-20,0.4486633387885899,0.5056042969663451,5051674455630389e-22,783658269506997e-20,11693868579841393e-22,0.04566869110563835,13469900591096526e-21
10580020245723022e-23,1689440036170656e-20,5389671709832002e-20,0.4600802259180533,0.49014098397036887,8495544896228815e-22,57833194587285096e-22,16150987920079681e-22,0.049691490536145126,8154685027770176e-21
20524667604733452e-24,5756825799423439e-21,6399832524191687e-21,0.4458155155820052,0.5087728830069984,2747422734148592e-22,3149809843048896e-21,705624505158553e-21,0.045391227751912754,4066299466131469e-21
1218461560260131e-23,22060698742880278e-22,4697786602784184e-21,0.41898903789639985,0.541629359145698,4482237103453402e-23,15008969630844619e-22,14043982863651047e-23,0.03937152308772342,14776700724694484e-22
9786159055916644e-24,5118007829146557e-20,0.00040784845931996936,0.4324222957996921,0.52605810036595,2498141721767885e-22,11557690483456105e-21,4938135006140549e-22,0.041000775842826444,4748834960907748e-20
19186149859700583e-25,2476854567318983e-22,7798935414911455e-22,0.4350481745818317,0.5239485129936776,14021014603976978e-24,517264270684382e-22,2287198268157947e-23,0.041002047593936004,14671351687727863e-23
5274550100882685e-24,4587350246155107e-21,1327850571212153e-21,0.44448832606235406,0.5120766115269629,3607267601053199e-23,6405906717549791e-22,10221471557533588e-23,0.0434248432412724,35198158804053076e-22
2176974910902761e-23,12543981467885748e-22,3907714716906341e-21,0.4639367894694671,0.48828984486009985,11625965455938738e-22,9929451693002428e-22,1457953978668893e-21,0.047764434702190696,13358987550396014e-23
24997238313276994e-25,4706009771015853e-22,9696303845615217e-22,0.4651142099651187,0.4852961644778912,4265251446255721e-23,16605408775380073e-23,5928667348379151e-23,0.0495868612177496,10536148773945973e-22
5976708206131734e-23,20654104664160645e-22,1490666130294229e-20,0.43575714571641305,0.5184600145193835,30748506367282913e-22,1925154216967629e-21,3496614544916869e-21,0.04575345836059346,3852945468378312e-21
25574932867487186e-25,22069642464711388e-23,7069692588385312e-22,0.44154098682924253,0.5086779405832748,41633590866138486e-24,13307099453022104e-23,43259897401521075e-24,0.04966733868901537,0.00011258571079597954
16106034620122922e-24,8116542122424098e-22,34256608289214696e-22,0.43028372623739036,0.529680707875727,5086044686647729e-23,18523657016664768e-23,4961918707821935e-23,0.03596162046938234,0.004069406280198092
28337183846945375e-24,9080910006043314e-22,4050900673101622e-21,0.42118852458548683,0.5341567343400129,25724293492770505e-23,4471272167012111e-22,4143458245669452e-22,0.03657814480972637,0.008070490219940997
32653954471107054e-24,9074679046637354e-22,3467588274852306e-21,0.4150056304377882,0.5491140859795559,1218293841016909e-22,21745925688866752e-23,7756171565444639e-23,0.03328055040822298,0.002594908613903317
12105571010772923e-23,4905754890264612e-20,5435613449508995e-20,0.4625654025570782,0.4943009881925595,1907757428489962e-21,10810378045884973e-21,35783906949011023e-22,0.04182719233741821,0.001186585648688707
11050502777168266e-24,20901794335067114e-23,8434476133635542e-22,0.506789473182513,0.4417482864849332,9194670114978445e-23,24717892705657115e-23,17212765607710553e-23,0.051450683862753636,998170045442276e-20
11167497689320517e-24,6432169745816644e-22,1492331805952082e-21,0.4960863986892294,0.465296493196778,8485990774741904e-23,3342392673579438e-22,250283427646131e-21,0.03859518329889106,1910871620533466e-20
30279870920890414e-25,43409692158834e-21,787230170173242e-22,0.5321353485140421,0.4211967834177316,2498413225001645e-23,3753654315822067e-23,39063511179416366e-24,0.04659502366178898,7261766122116686e-20
19576685316772064e-24,6113190701519851e-22,1654136514202884e-21,0.5483836905787668,0.3898814336429242,16868937048990448e-23,6157942998191153e-22,6403136084090063e-22,0.05186642221967784,0.009864743729080536
3614246796297445e-23,6730919334316345e-22,14382901388173928e-22,0.542344115200831,0.3899171060702827,21473372771492157e-23,2591657040450299e-22,5137839242059258e-22,0.0677349053698695,7381511218830821e-22
669300691448311e-22,5990292699841931e-20,0.0001263151297477624,0.5336654604398843,0.37854792995017217,12092475174298865e-22,11918987397507653e-21,51898213555043305e-22,0.0731396579605682,0.014442348606288787
8714170214137539e-23,0.00015779566109102772,0.0003834151859620776,0.5337304855349144,0.3845932820187907,4909760454291416e-21,26399800575579038e-21,12922543234179177e-21,0.08083855772578896,0.0002521446274851102
44973722088939995e-24,9448420682467143e-20,0.00017996961630110814,0.5463883157576773,0.364021507883143,5215267736292936e-21,3070293469682057e-20,3251163680813237e-20,0.089104344790256,0.00014290293283641966
1303143571155601e-23,23240771657798514e-22,9469257543449392e-21,0.537958644092789,0.3748906581921321,28502306643504914e-23,1363196386923561e-21,2858175555024305e-22,0.08710729521381523,29662098110834505e-21
31099272672431366e-24,6305516524454401e-20,0.00020283420769724362,0.5455814413607559,0.36509062978139684,37669677529429336e-22,21361281568437932e-21,28843585676019535e-21,0.08861826393394992,0.0003897726166901967
21454567566058388e-24,1645808714006928e-21,2871055566012275e-21,0.5860571557498788,0.3161283321700004,29662211150464566e-23,34046781960588776e-23,5745131312639369e-22,0.09780518545652157,35767016932842893e-22
15614817708595315e-23,22610899279095433e-21,3709458933835933e-20,0.6148925945676094,0.289932217015011,28444433014828313e-22,4775817818599479e-21,3223550655196759e-21,0.09506530354683053,39179421979563826e-21
22247018953630352e-23,34854719066779646e-21,50395081049111535e-21,0.6352697461213878,0.26593679895903216,3756111010964896e-21,54251976655419135e-22,4276003130614151e-21,0.09865791858171738,36606755750928006e-21
22037404625378658e-23,31602983028188845e-21,3274362200343626e-20,0.6335516417969644,0.2687930047285508,4338518148166726e-21,5539552142732512e-21,5196275906926238e-21,0.0975480725658983,2763958331158268e-20
6703236726736244e-23,8867232874213026e-20,0.00010591611133291373,0.6267820480438427,0.27485022253401037,3920879428461437e-21,7596842195466181e-21,19071657221937213e-21,0.09795459030440029,0.00018789426645877047
44434874772240944e-24,91842110067433e-18,6465796309932088e-20,0.6258668285809533,0.2765637339755043,16886501920997872e-22,4688083359118415e-21,20482784764326746e-21,0.09725474139975339,0.00013129201743162863
4655869021557598e-23,30339076636213453e-21,11505235416901718e-21,0.6591516864208341,0.23337110889933416,1079367263541869e-21,14996885879892718e-22,31430836138043046e-22,0.1074201571958854,9434473744852661e-21
14848384388293828e-23,0.00011201617401829937,43177444792526795e-21,0.572365017266414,0.329414002417881,8885096072796783e-21,11456592907147963e-21,0.0008184023056503739,0.09714732935853354,7956486018899116e-20
22321737316149325e-24,3857792912605068e-20,25574974658026473e-21,0.549419395604926,0.3562441776054119,5089394681282639e-21,9316487314401006e-21,0.0005962410466465179,0.09356812271212742,934819233800182e-19
54995192742613325e-24,68020081603682105e-22,5659414392989152e-21,0.5509784600274762,0.3473871305890564,8467250107667287e-22,2692982415387512e-21,0.005542569004289025,0.09606464010592199,11144148167761135e-21
1764956384642505e-23,17974281582996277e-21,30417575401286007e-22,0.5083063429412034,0.3550909952482713,22175938448495942e-22,5170168101175982e-21,0.04215469545111544,0.09435051106764593,6903384113073214e-20
562573123102834e-22,2644280368360662e-20,634207203489652e-20,0.5069401828024467,0.3852343902386254,14368991372875921e-22,1100989214415391e-20,0.01633035286340908,0.0912848338999373,0.00016495227128010412
156795104129592e-21,54558711227507114e-21,7080174253620413e-21,0.5342709929165943,0.3537347652959578,7140070939976113e-21,12782373631048297e-21,0.01225702360986924,0.09954061184759089,0.00011488820503203329
43913557351192684e-24,5633963991391569e-20,4328619302975397e-21,0.5028455708323051,0.35587387240273316,1372498290100764e-21,10048897459260161e-21,0.048745483898418686,0.09169035057554538,0.0007725887224908173
26939373668443194e-24,34179660864241185e-21,46251897359456275e-22,0.4834847519191922,0.354736698118112,17194198842302254e-22,9562565678507919e-21,0.07692684387549693,0.08397171011849082,0.0008298821931766987
4315038624292317e-22,0.0001763630583023692,14270170514301523e-21,0.5032123103309154,0.2682453003927113,1543272222282413e-20,2281278059565705e-20,0.1256222151688154,0.10184123838399561,0.0008496254882620453
4208758693130529e-23,0.00020398249532202205,1085848742699505e-20,0.49841388949361776,0.30815464354451355,2401598716061216e-21,29131045147255996e-21,0.09365616854909821,0.09862847796650147,0.0009004047320651665
36070848685122e-21,44126334462912746e-21,10339435664103113e-22,0.46802381234981877,0.3446590261480442,15597447474012428e-23,15260224054965103e-22,0.09773371817701842,0.08893128676823144,0.0006052782111271332
3524386678415363e-23,0.00018412453420610763,25747148946028508e-21,0.460425810354999,0.36727887262642644,10617948136254662e-21,45501766898416004e-21,0.0881522157530304,0.0835078396051849,0.00036923501830478427
7063242983984471e-23,0.0018063746409264273,845608939753653e-20,0.4594347210467559,0.3040965686501783,2661336116933816e-21,39413323287862196e-21,0.14119347843578556,0.09291735352821168,0.000500902316900606
7881968661075272e-23,0.00041520987802836756,19526588505167327e-21,0.4570997874149781,0.36047543424047096,5176983291561835e-21,5958561517338441e-20,0.08960873586902461,0.089747930838977,0.0025685337519369446
16656043846424176e-24,4751814691818079e-21,3998059026668505e-22,0.43167958308035104,0.30085675112894944,16312731017224395e-23,42868756608347956e-23,0.16056093405502692,0.09074984786769924,0.016147123776464222
6461912566870588e-24,14057129026319383e-21,26572654024578188e-22,0.42929178464308154,0.3838658472345706,6008197731169676e-23,6178708194826513e-22,0.07096519840898195,0.07817718586622938,0.037682585037997665
7917656057610635e-24,29819254662934665e-21,16424315056120757e-23,0.43812801380483396,0.29859638862305204,6586811082676177e-23,14092662785190714e-23,0.15112553450379657,0.09285463767369834,0.01926522718440907
1719164628148498e-23,0.004205240987097373,45879455629097536e-23,0.44530027037099684,0.3658961914603726,12032634230277027e-23,5309043432928269e-22,0.07887194943577484,0.08111177145904673,0.024613449069812585
5275094378094251e-23,0.00046064047153174546,18853347022175264e-22,0.4658083006200968,0.2700528126741672,10499098943466152e-22,6351761376364021e-21,0.15887448567768683,0.09486171018876724,0.009932710610827514
15982486545545015e-23,0.0008759837650269029,8551007789838761e-21,0.4670989507332757,0.19831016721293904,1025079938250019e-20,16326116493230934e-21,0.2257192393210352,0.10483504997168161,0.003125321247829532
17113769101299324e-23,0.0008625950624440856,1938154489807896e-20,0.4846667353967457,0.20110287637678625,23186509069168196e-21,38660510677006344e-21,0.2033906543657658,0.10537254083785103,0.0045231982581127594
8315976126800325e-23,0.00018686957710814655,13090488837468055e-22,0.46341382829129496,0.18221345498967353,8384222501178202e-22,12354469845828838e-22,0.24522540777624638,0.1021621816531961,0.006794791634584303
12948940170238758e-24,0.00012021313817871989,8529916820211339e-21,0.45985650451559174,0.22634537640034647,8407802846114667e-21,1345800562254331e-20,0.21508976145213188,0.0911809527789133,0.007376783040609989
22879304239120576e-23,0.00010729932029281829,422724094122419e-20,0.43767312044662676,0.3002649923055805,10906912082267226e-21,11429043490651684e-21,0.16803051097531455,0.07313224458976765,0.020765040372862233
1153121435553291e-22,0.00045724771830621744,30719761159140517e-22,0.4493674851616096,0.24464263298399674,799606453597063e-20,8267546698359216e-21,0.21271073310815292,0.08529973128208562,0.0075027188469676135
11729816465998804e-23,0.0019788146505782572,17909840313297672e-21,0.4541778176661249,0.2535255952430631,2657158858006405e-20,26425451890722936e-21,0.1898157750748982,0.07475991925870792,0.025671053927677583
2634660024144347e-23,29783874620141257e-22,3318939722724563e-22,0.4134171868766897,0.33675087766156575,2452986441499073e-22,2778254353213046e-22,0.16166114071104928,0.055195340250048,0.03297159474853244
1475514177652231e-23,7130679524524911e-20,3219466097331258e-22,0.3984763844393059,0.42276092729786924,3012866793029837e-22,4786623372773067e-22,0.09254902739285166,0.04423474234524023,0.041906495078716466
20260126741129868e-24,2573181601951326e-20,5657922430755154e-22,0.3608203974964304,0.456742177412837,6622826181077452e-22,8855013889035422e-22,0.1197330195147221,0.026288918870625594,0.03638762105299072
1415336287174973e-23,3869757454570766e-20,1391810157003447e-22,0.37267329722131237,0.4502825470117872,7700417771407694e-23,7620324422310374e-23,0.09390664611454903,0.029238578757251877,0.053859926778752044
48266648107526186e-24,44687262862715225e-21,7116965376199959e-22,0.3458391056194859,0.489827359555568,5649938593632443e-22,4861247095010988e-22,0.08730084216854109,0.01776634443745745,0.05921984987434693
11306084897074544e-24,4363832237001826e-20,12515162498405836e-23,0.38984688250708005,0.3857273273339248,11053035948243881e-23,8241030657898745e-23,0.15150702464546403,0.02956746179126722,0.04330733600147685
28695022371276792e-24,29439479241417985e-22,2975155236703505e-22,0.3853520176488298,0.3662406444017649,158731982210954e-21,17092215335640317e-23,0.18090387478488992,0.026448440505477157,0.04105142284643216
7745182491835798e-24,10522158145196252e-21,10653978924278523e-23,0.2704326162579429,0.41565051066763364,23417333965869075e-23,33652238107673923e-23,0.2691297647367309,0.024411652883525422,0.020364248315333077
21856466923904473e-24,5570670169657154e-21,1515246526736768e-22,0.24491164663921552,0.5294705749117428,41481310608991116e-23,2079688809049596e-22,0.20444120193221652,0.005328984166778908,0.015841225516793647
6572631107574108e-23,18303788761840077e-21,8679663401287426e-22,0.27465516621291014,0.5283207981211225,1122962457437147e-21,17150895486106084e-22,0.17493129813540667,0.0039563080921361845,0.01811435390506596
7944866288283206e-24,8616958599172098e-23,9076136004041279e-23,0.27761611202746345,0.5519280536957479,54592260817351404e-24,10034919449697407e-23,0.14390116799080077,0.0005753564107667727,0.02597897005821056
4096077433371048e-23,14080595463409325e-21,3785975099538903e-22,0.3016277135847055,0.5064614272224945,7497797052970285e-22,9040383853885572e-22,0.1598801210901199,0.009007285336986184,0.023007298793872227
9321753505349138e-23,9789964754263115e-21,1758975030541682e-21,0.26003601350507843,0.5576827894418122,21823888350333023e-22,39694444858297534e-22,0.14493503501014218,0.00292567336837651,0.034402694683952975
1706205657130748e-23,4496076669395651e-21,2489775045319138e-22,0.29768633072154865,0.5017215916742757,5741507695772657e-22,10720514015169392e-22,0.16760439911950004,0.012027082443500283,0.020954187722795527
16621793339184148e-24,347650687568704e-21,15740344059314883e-23,0.26671088274689925,0.5079684435970944,9636514435042772e-23,18753181060031804e-23,0.18333278856890006,0.01889879869038932,0.02308828082384476
6349714172499215e-23,28563575800220416e-22,5249843970667013e-22,0.218494740454288,0.5739983871576462,5815026114143255e-22,5677330069111137e-22,0.17764462207424164,0.012562765831558277,0.017294890407343437
12309128859257685e-23,5123310407114723e-21,5849900215057719e-22,0.2660052258298325,0.4945126120337864,1133217009830614e-21,16513248234792613e-22,0.20013389748486077,0.0074908808284782176,0.031848767889432146
6186356073130851e-23,5326251843067849e-21,628300758240082e-21,0.3052187139781386,0.4257922858470578,6355182609609251e-22,1957377145871244e-21,0.23141839954271323,0.015242015965479671,0.022319975355054388
16190215500585223e-23,13446841567317562e-21,10704571723897474e-22,0.33860166804477854,0.32907457746039226,35167471435715534e-22,19248119450308864e-22,0.2784124370970079,0.026479831292354497,0.02741136534543715
14714487064903427e-23,3075763843150439e-20,12060546509969576e-22,0.3826259730562242,0.25861393140249594,10743212208103615e-21,26472696520948877e-22,0.2925889982357128,0.04196101242056875,0.02416458356514011
8527630289761766e-23,19451838624999414e-22,47668428993283775e-23,0.43322002387223946,0.15226967379520878,7259558996261035e-22,533649577287708e-21,0.33966008790705654,0.04491261267277118,0.029933835002791412
7372753034816237e-23,13203262030049583e-22,42213279494643036e-23,0.40612645361349814,0.18609591467336684,9011569566155328e-22,6174762115251379e-22,0.3286196668713131,0.05618131861158955,0.02297331141052321
5709261309266667e-23,13580130266314366e-21,2387278744983057e-21,0.41676708171517984,0.13576891366929883,27990465112478284e-22,888591564703876e-20,0.35238783517472977,0.06552396224015848,0.02952449773686527
21384625405061087e-23,8388005313646568e-20,40612106117654415e-22,0.46147021851634135,0.12143359945024927,23244456394011972e-21,1584790605311649e-20,0.33710468863588644,0.07160277479610418,0.008261471128968035
9719103780553277e-23,4327426580862278e-20,1205455537577759e-21,0.43903269124804123,0.13973979702870862,4077703641424395e-21,6291294927281463e-21,0.34716385722927784,0.07199250837248679,0.0020162002105318317
3072250206773741e-22,0.00018435002037055735,7269979642491538e-21,0.4121031248066329,0.1328529842681295,2440987710335702e-20,2943513232097261e-20,0.3693523910942368,0.08413997445487656,0.001305753141665187
10395920971156213e-23,12651331965007656e-21,21170924586035574e-21,0.3775010878185731,0.17618187032841748,4411990589529468e-21,14684352774107397e-21,0.3385339851341671,0.10762509303670326,0.00010494112301035595
4246665581682704e-22,0.00013351222822921254,5031631079321987e-21,0.35780356452110706,0.2270349073340847,465481059873005e-20,1308118054496313e-20,0.28948624184113764,0.1251656500278724,0.00035293175876945993
6811378602802982e-24,21354109052134963e-22,11716409140379308e-23,0.3709853094839594,0.17402816822090417,14717873054281794e-23,46483655669607307e-23,0.3253265130201861,0.1296569054322449,2324410381481832e-22
241656511146764e-21,8439721380310568e-20,31507980765125415e-22,0.3290561071841713,0.2227407090116966,4451628710687994e-21,12063641257392411e-21,0.31455287450220853,0.13332430628928918,0.000221698074272311
4332490794652593e-24,37709857942911234e-22,13341312518029206e-23,0.34041943978717737,0.1675868966957354,22489888573650276e-23,39906899046477135e-23,0.352476661151366,0.13951019521497493,22744514686256314e-22
7351940035654128e-23,0.0034707298865545863,14217905687317687e-22,0.3468021815920719,0.12917844710437365,7718883604691378e-21,11906583966492844e-21,0.35225507834542436,0.168138493037322,0.00013394925672291182
7259878172526736e-23,0.01546341372536733,13911583806158494e-22,0.33306557826192945,0.11447508244461281,5558899318940742e-22,7969329035389935e-21,0.34865496882120484,0.18832356459149222,7403179244059675e-21
12069171558360533e-23,0.03203015125587006,1472900982647346e-21,0.32650861774756124,0.12490790582304065,2976181343570843e-21,2783358339829548e-20,0.2948575070042564,0.22163568824152127,27726570346186676e-21
38427438915017914e-24,0.04716243572313003,34959513222754596e-23,0.3740192550179467,0.08915416628236009,7237817841882795e-22,4229227162582217e-21,0.241021712797009,0.24863616645468237,9226933526199595e-22
37286175101338107e-23,0.05069258443972212,2996297151623615e-20,0.41338604278875085,0.04366969836645015,0.00014571992837866983,9904184506302417e-20,0.2781160238947076,0.21383680412168918,23748781971149105e-21
1359861619579515e-23,0.0010581254216855053,41775284945001235e-21,0.42280659152748495,4649097861570756e-22,0.05560322787519693,0.16035857889165556,0.09111372462083193,0.2690147733961428,2724473634304058e-21
23510245702034077e-25,4036571586887406e-21,27940062747771345e-22,0.4329164494345698,14156084768943128e-23,0.045430065755457945,0.12234868799478446,0.09842750060060679,0.30086947003243364,8516924259304843e-22
18090399311827232e-24,28718273840067953e-21,1221336310029408e-20,0.46765120482210915,34480997672676273e-23,0.0372690124577123,0.12387411583417947,0.05804645732225784,0.31311725414781744,6608788792702115e-22
11384216035817244e-23,0.003202268600305186,0.00039059512240523377,0.5204337933131079,6493640635066897e-21,0.025679715812278948,0.11793431874940527,0.011009435303567029,0.32133374551458915,9520101486544863e-21
11405629866109943e-23,0.004849211622197742,0.0002880019214663341,0.5384475866176711,4087632042640007e-21,0.027699297624192716,0.08966120021914042,0.0003428397251441083,0.3387044851655212,3175416335699066e-21
21063943839143495e-24,0.025684607295980665,0.000544808908847365,0.5450789101253531,5515084536273889e-22,0.029605435010950233,0.04392092464972633,0.0019662443880771215,0.35319787991784196,6171309723056513e-22
