11042397005975086e-27,2976760200887495e-25,0.33361531844852615,0.19738667588144784,0.4124955603857039,1511398554216968e-22,23267611281301372e-26,33207261247298483e-26,0.05650229315330079,11833706131960747e-26
7275270636633462e-26,12871444791668722e-25,0.3337979686870812,0.19553583631765337,0.414224371132004,13504082418567883e-23,7700788750459935e-25,1265188010077524e-24,0.056441684974689627,4533892302515725e-25
14447031965722326e-24,22232648716068027e-23,0.3319003332836274,0.19720814886476515,0.4138380778349338,734937650806373e-19,3129900466657464e-22,3851669240391052e-22,0.05697896497956152,46377997880582495e-24
9070355367036867e-26,4835414427191446e-24,0.3305151090439971,0.19616287250145875,0.4180869470208108,17861622131516002e-22,4078874809828392e-24,7208162359649047e-24,0.05523326800628875,11485722031251686e-25
1435598881320008e-25,466505381671967e-23,0.3209040399631248,0.19876884381429608,0.42734848169476797,9786138228334436e-21,28201777104287916e-24,11674401591500962e-23,0.05296869555386947,30815286807212363e-25
17489882562765526e-26,8158807010636896e-24,0.3291887809464646,0.198087923763841,0.4177734642670138,773351552838382e-20,9954904706144326e-24,4109865317313086e-23,0.05494203547820331,2642644129514248e-24
2233024663747115e-25,4045347647026376e-24,0.32152378587620556,0.19782294471692227,0.42823046260129155,12009347650710585e-22,28888426090402335e-25,13785650978835618e-25,0.05242159626102102,10881450233075708e-25
7881564269171645e-25,23692928636316302e-24,0.31545693318789036,0.20049611697156236,0.43227101939004076,4927435145483399e-20,18356510995279237e-24,7525035260234077e-23,0.05172653033651891,76745151212261e-22
44912903070067635e-25,14796949629858752e-23,0.31582056223402255,0.20408635983474016,0.4274701915010395,4139426119509044e-21,13509250163709982e-23,8469750986463473e-22,0.05261755311738739,5936406522932314e-23
4335023504404322e-24,7778511331891422e-23,0.31341871662808335,0.21370506300426637,0.4212194532297519,9447095908020398e-20,7359796578773568e-23,31408331176182647e-23,0.05156179767594611,28697361564314474e-24
22449004199124112e-26,8762621085030652e-24,0.31760130108292295,0.21351214244348662,0.4180457465389522,4065145331020936e-23,12469749242936677e-24,18710903944102357e-24,0.05084072813792356,3322194660816412e-24
7583928034354144e-25,334170252256323e-22,0.32002297324767565,0.21374265160017375,0.4141627290801499,0.00020066078310771926,31077694990726254e-24,5636752911479265e-23,0.05187084449212479,19176128691621615e-24
42778218531982225e-25,15507847093203968e-23,0.3149459388861423,0.2125208546061771,0.42119827275856475,44974925791147804e-21,12859600496778957e-23,2802246614318161e-22,0.05128932315378634,6749024577080575e-23
34417366678021245e-25,814240223358875e-22,0.31487197085244634,0.21143367071133984,0.4229022745929709,12012376856840933e-22,5269985153435771e-23,9778274654123534e-23,0.050790616897545486,303638100127503e-22
4754764224348545e-25,1772257489748343e-23,0.3160630130589203,0.21094394916537518,0.4221440977916601,6216464204343417e-21,2152484232936916e-23,3151865730227891e-23,0.05084264557550482,670297875560687e-23
4858599056059803e-26,111081111666785e-23,0.3072708531581511,0.21104057995838338,0.43232750977422146,144402325262149e-20,11168885305657005e-25,290431135539714e-23,0.049359607038318494,8673709216194275e-25
1477810246203708e-24,15961081782118677e-24,0.3057336260487385,0.20950570780279548,0.43566489013180004,12281485514350473e-22,9777027023935112e-24,32144132225914185e-24,0.049094483144697255,5363937117029503e-24
6924590398763958e-24,586048925508138e-22,0.3129535540942238,0.2085968413957176,0.4277390793062505,674923426343069e-19,7290315127028454e-23,18104767222368572e-22,0.05064106529196898,1866194406371765e-23
13644782556498827e-25,6230287874985024e-24,0.3069710255027715,0.208684374456083,0.4351505797474235,10099682092869467e-22,30683381883160536e-25,923758175045374e-23,0.04919298870499368,17210751261280526e-25
8922728805533479e-25,24866165214308225e-24,0.31093114988855597,0.20489892305527307,0.4330389258085957,5593876710064015e-20,2006520351413907e-23,2765230811416345e-23,0.05107497762195011,1138391809790131e-23
1720449811696318e-27,906179589997099e-25,0.31292773893907266,0.20515032522127163,0.4299534726165275,34439266228408913e-23,7910935802834053e-26,2167957451694997e-24,0.05196811645784418,31656049328691814e-27
3962964421346573e-26,4430949863166842e-24,0.3060470672562839,0.204345540850134,0.44065836791738605,65373684319790115e-22,28855646144769854e-25,10308484612891344e-23,0.048942375622652134,5445336300821748e-25
37487296015448055e-26,12672363598709971e-24,0.2892610654549252,0.2185654577144421,0.44081319983947603,2738612084694769e-21,90389927858685e-22,47186108640709596e-24,0.05135746445616189,4650325452687878e-24
3610125227823642e-26,19362227314878085e-25,0.28615992396034634,0.2201037136775135,0.4430125350093432,2494932358447699e-22,8119326677716217e-25,15875478990775042e-24,0.050723558829768284,44931239646696247e-26
1777078285492267e-26,18026202595455011e-25,0.28760029086093025,0.21777038249097258,0.4443375875390908,1806753342897423e-21,13204561329975565e-25,42840003370458875e-24,0.05028988616099498,21381476731156293e-26
2599009154430642e-26,2337669841168693e-24,0.28531053208118407,0.21804153304798665,0.4475693081763364,25266284147952225e-22,2099532242531007e-24,55700786380687287e-24,0.049076039578180665,32390866282575914e-26
2825215875406025e-25,14574292369245778e-24,0.2835389992653186,0.21767514471254448,0.45018506900636696,12465565502487297e-21,12914839635485248e-24,384657444154287e-21,0.048587905546262966,3474963176630411e-24
12640575434958963e-25,4726581817578355e-23,0.27703508266520677,0.21582752908882546,0.4610896037220225,17970018648084557e-21,4553576722202389e-23,5447423948774117e-22,0.046029158255371995,17439614013556758e-24
32019090938312466e-26,2338795919981515e-23,0.2783322259497974,0.2144953701931477,0.46199167482791875,24314607793730944e-21,2030812815330775e-23,5931580520153612e-22,0.045155772757209334,4488829436088395e-24
6470413784002237e-26,6328220695103087e-24,0.27461057662534427,0.21542985503172823,0.46249087428102975,12608761711635576e-21,592627414350578e-23,20110010845724174e-23,0.04745587094002378,9400251490356296e-25
28956763603956634e-26,23477329974075255e-24,0.28599703825589123,0.22049382722532412,0.4464123373092607,27823644677885576e-21,1499120602928034e-23,3653062075358199e-22,0.0470685658448082,36596274672661273e-25
5672542107861402e-23,2205145153496926e-22,0.2925481162490084,0.22717342103513857,0.4349661193655608,1706852444452596e-20,20355032669842902e-24,3525949352781111e-23,0.04529496261872606,7509408907610311e-23
16341875394468283e-25,5238498160917356e-23,0.30152584559250606,0.2275403516695473,0.4205698246095466,0.00011341936541440896,50302364598871735e-24,10362711875243088e-23,0.050250328927950796,2188631352877458e-23
3494873064749748e-25,19670797150546434e-24,0.2699487931192212,0.23080637126469555,0.44653292522226384,67664238236209e-18,26822369474691887e-24,1861037468221989e-22,0.05264400859006598,4621121286721764e-24
36709495250929835e-26,2118902567465856e-23,0.27445583264452955,0.2275853164909085,0.44560186182756006,25561824147565e-18,28831329010721095e-24,21338005056186974e-23,0.05233115872269507,472370287755779e-23
46687203291800275e-27,15176668748392443e-25,0.2501089913551486,0.2248492224153809,0.4782155111184454,5147064034042852e-22,14314876737969693e-25,64273204136855905e-25,0.04682575026682064,7146072927655003e-25
13246739495573266e-26,4039160454599727e-24,0.2625657713302138,0.21564014513133103,0.4700956539262732,6375690691923656e-22,3086547544110454e-24,16557066773481806e-24,0.051697766576712274,16543118021745987e-25
44307319546638725e-26,1245022709172761e-23,0.2521117213071061,0.2123131369365278,0.48495519435019413,5824234255973529e-23,10070601727034203e-24,2551684014523728e-23,0.05061983512887154,55530987627456995e-25
17760375379382913e-26,5149147152508741e-24,0.2410790695072558,0.20744041927658835,0.49973386976625656,1128869759504118e-21,487082829319422e-23,36460292129348625e-24,0.051745463803588555,2118728188203206e-24
33018408775100453e-27,14193353934157287e-25,0.235511634197814,0.20325531523240872,0.5101416863622176,14851937118265935e-23,2037613875126182e-24,23355063520700508e-24,0.05109118845498284,38817654051661544e-26
13342145759800438e-26,4304500323458021e-24,0.23440708008675676,0.19423279674715382,0.5143711059970673,3118672081632703e-22,38537693792701584e-25,9779939487933757e-24,0.05698868563609111,15941556887527806e-25
261140340710719e-23,246989686562571e-22,0.2305019264048964,0.18091950637693727,0.5431949515741322,17580360587450282e-22,6530464138777217e-23,12669706538540146e-23,0.045381642904047316,1526856721830476e-24
4677270504173247e-25,5265943139995964e-24,0.20271586089128985,0.17782348930096378,0.5760746926722863,45669815933358386e-23,4204658470031553e-23,8037346472440287e-23,0.043385371849312515,6118105768470427e-25
11765484166333885e-24,712563767210833e-22,0.19318655279714594,0.18568895423563533,0.5765713432704296,6063744772629234e-21,1704470139849125e-22,28539615985642156e-23,0.04454653438352739,13078930134608607e-24
5012016542796944e-25,5835697100865448e-24,0.19296804918834112,0.18386033106570704,0.5800038391702211,1632797234569516e-21,629669839456414e-22,1674437662962085e-22,0.043165909946582766,10864645757031534e-25
19913774891011293e-25,1165316231704414e-22,0.19175346232708668,0.20590388552977232,0.5546733062096966,5562928605405612e-21,10943294062217311e-23,2648985224464927e-22,0.04766323739110122,52759920798454554e-24
13165140970496049e-24,22045032885054542e-23,0.15005743350794512,0.20854503446391465,0.6006759052411347,132658906541145e-20,4515589467629348e-22,980521586385112e-21,0.040718590109165106,44393622668521355e-24
48020875553689534e-25,11282330618000194e-23,0.15004751596829694,0.2094647050412878,0.5989469402460578,6017309709536958e-22,9488080258477746e-23,15365046645193273e-23,0.04153983782810469,3303000237956875e-23
848474270068045e-23,9542678118624883e-22,0.13917636133598318,0.21410031616432065,0.605432056588471,829081821519369e-20,1168340015047739e-21,1579847562206136e-21,0.04127909283987629,17131312998219856e-23
16636996842744354e-24,34885541332067307e-23,0.15133295028605742,0.2215151983009506,0.5840323426000754,36398692999345304e-22,25784774859387865e-23,4150950729723444e-22,0.043114804502229966,26007170480415608e-24
51207994817976265e-25,10288182640868749e-23,0.14361024250717502,0.2174133213070064,0.5991359856138264,5976897736038786e-22,11941298996785362e-23,18549883842907143e-23,0.03983942494330602,15024569059174207e-24
68531034005768874e-25,8650218456098502e-23,0.14060306485274468,0.22153154127619643,0.5980609734419923,5711938155811123e-22,2231720072587182e-22,3301771273475351e-22,0.03980310142349015,1011160484934756e-22
23755088351472895e-25,7593092712494162e-22,0.10877157343669301,0.23109177435525147,0.6138841079759475,19707550137323362e-22,24234329680023795e-23,5326528604522283e-22,0.04624903514854389,16477575444037577e-25
13811671715466252e-25,39976354514891773e-23,0.10523877041342768,0.23329738164470773,0.6134793080522211,9243674483929696e-22,17305196398385723e-23,41713367661124076e-23,0.047982597808197254,26387132922125302e-24
352181821179358e-23,5148759377625359e-22,0.10963711843388914,0.23848233856623688,0.6036603964950792,5584240602911074e-22,16978967484436905e-23,33350047151213425e-23,0.04821854144581492,2494711535382965e-23
4985270908792709e-25,379472528539148e-22,0.11423879856944806,0.2395621151176431,0.6015049423014949,8155401209813605e-23,15700277085017895e-24,33140433777978355e-24,0.04469396941769972,5753425903902227e-24
1392896480268383e-25,1823254666027238e-22,0.11202961596175619,0.23878674840640698,0.604524536976411,28091922138890134e-23,9426726434589596e-23,22244459228375432e-23,0.044658308622402346,9937246035814587e-24
1589378874843604e-24,10990035915863558e-23,0.08034341994574408,0.24564219039489277,0.6227094564435833,13443443688874976e-23,1236782008203265e-22,5154820564769601e-22,0.051304023465104494,24667813762051134e-24
8791051252515328e-26,3597514328083839e-22,0.08245908827537844,0.24995842387082098,0.6176595777596323,3551025980583043e-22,8514508659260698e-23,4680771651660844e-22,0.04992164400698481,26179458226486506e-25
907729537861467e-25,1004719179199704e-22,0.07999034934868098,0.24841399682529358,0.6247151400694476,6682077976805698e-23,5320848538670188e-23,14697561876467275e-23,0.04688014291205596,3277096228045211e-24
587281286551733e-25,6708077411900858e-23,0.08729616079377694,0.24481930679903963,0.6222919005813231,10438836281169284e-23,25270563275376494e-24,6813374827592258e-23,0.04559236611686517,7771179415101045e-25
3196781899851256e-24,2993518915252306e-23,0.08053752286342282,0.24750479692039876,0.6242915526884639,2405797842510842e-24,4052763955623736e-24,5958205198027952e-25,0.04766608710110785,2399777167019602e-25
7157543846702335e-25,10902503819387675e-24,0.06025603146436837,0.2655081091616225,0.6256589831604427,5961300632004695e-25,11616512118224096e-25,6924077074405289e-25,0.04857686187203667,2708748083827164e-25
10841159472600688e-25,7226543347583988e-22,0.06708014743535447,0.2513918189072707,0.6337379758918548,9203194336631411e-23,22547663457112498e-23,3961886842297808e-22,0.047788601459521476,1887087213414604e-23
15386245219383413e-26,17945611854252298e-24,0.0822423186513405,0.25132977929421957,0.6182354190262013,2317247365567162e-24,6913157421100202e-24,1179562419674849e-22,0.04819233652368214,12186671579436462e-25
7803585874510978e-25,7496367222374338e-23,0.08139986892327561,0.2506601787496319,0.6202945793705646,13129397902530371e-24,340318402754156e-22,4750721894670376e-22,0.047644766585259894,8393723436984369e-24
419841284398053e-25,13869794952044623e-24,0.06910285961130853,0.2545413008866801,0.6274874037684766,19065126871376954e-25,14907870308079533e-24,28889135926563334e-23,0.04886811548480465,6312952463657102e-25
18770288722693447e-26,21955604560815146e-23,0.09052741355575451,0.24707498318989857,0.6106821510109481,23640865782451022e-24,13597449483940668e-23,2370177222944629e-21,0.051712702027449584,6796633058341518e-25
3339521437332826e-25,17901259863956566e-23,0.08737446670008711,0.24537018008153388,0.6166758378309201,12808251870651695e-24,9491332487793518e-23,15548350031750999e-22,0.050577669547374395,3937026354284229e-24
21123945212992892e-25,1957914473914973e-22,0.09367999075639978,0.24837786500484033,0.6068033499807609,2255270671492788e-21,1754720066470164e-21,4857767863837655e-21,0.05112915088734336,5777083727338824e-22
14343965297271036e-25,6815394764752311e-23,0.08191593542015013,0.23760792518636353,0.6336387413838442,6215842432632165e-23,32486559058558814e-23,7390146535920634e-22,0.04683602405886743,17832453756536497e-23
13331446290021953e-26,8766422337537464e-24,0.0814323579012137,0.2457928017035677,0.6303022301585247,32378583570186863e-25,5138608340260939e-24,1516381797057958e-23,0.04247257540662195,23900222540781798e-25
1819905286911696e-25,7734167505255031e-24,0.0953227123882362,0.245549232720917,0.6176202596983358,41936748617856205e-25,5372625302429778e-24,1903606604084319e-22,0.041507583776075906,35742044356544284e-25
18184121956705917e-26,19446454866784078e-24,0.06569008264638197,0.24162173271077775,0.6552870308214568,2138386496218142e-23,3295885828461445e-23,17310387390704347e-22,0.03739933954386409,926763686539343e-23
30809120634935555e-26,8718258476873265e-24,0.018932982905482388,0.2750698543738845,0.6674585080545835,2582527293328179e-24,37020499048933846e-25,14397653112021046e-24,0.038538621663994924,3293363766374913e-24
3619166499283883e-24,10843752178327955e-23,0.02341666205046713,0.26642463448690307,0.6715428550442153,5787705418632147e-23,5998476967827362e-23,2217243285985572e-22,0.038615344488689654,5228478960739831e-23
1407239566371103e-25,1560681271888841e-22,0.024622949139895316,0.2684599652642531,0.6685092283460001,22161816213627468e-24,10575480294976815e-23,29682547077234226e-22,0.03840455200018972,5426412247859133e-23
926920062232801e-25,511622878980693e-23,0.027600198717248496,0.26531158854295306,0.6712360218033312,15191332478605636e-25,17321885621311525e-25,8373422758789576e-24,0.03585217268742047,14149597640296668e-25
3179187482613311e-25,8555938307821308e-24,0.03183083093601067,0.265804606137533,0.6655978474375133,34254139809153506e-25,3745362427530284e-24,15544265186880213e-24,0.03676667998065164,3920236779510486e-24
24743288054080482e-25,5674015238396426e-22,0.03998711129499903,0.2731622442104465,0.6474859988893442,2274159851714989e-22,5540657839456766e-22,963606621676505e-21,0.0393621823628201,1482786300275761e-22
32450676241946275e-26,508197903887205e-22,0.043488545146740526,0.2746737499773445,0.6471163821707041,9429745587781842e-24,1498117818361432e-23,4243471338820111e-22,0.0347208125093964,10293911738050465e-24
39596692358408173e-26,4293786019729504e-23,0.03277241890632185,0.2738304731249095,0.6578257245510355,67878796135449334e-25,9787250151895726e-24,3111115220628261e-23,0.03557128451407122,7884085550946923e-24
831278235704703e-24,23010954464938852e-24,0.037598092323930465,0.26457163767798625,0.6687120283030917,15658576833984033e-24,1651972910119828e-23,28280971999812556e-24,0.0291181229720512,344217654611086e-22
12492941272107986e-25,37612243052736243e-23,0.03275486079391481,0.2575311046343617,0.682891469618406,4467682930758471e-23,17112025545488246e-23,4900141946551654e-22,0.026820784173181157,6975969879024756e-22
4023694073179902e-25,8738663129398404e-24,0.03616068260066783,0.2590345242450218,0.674460844837757,68867855678304424e-25,7322806882686883e-24,12361747857538817e-24,0.030343894807366576,17796942700984498e-24
1930096611137681e-25,47068466254312396e-24,0.07727511318709285,0.2855122988749837,0.5942964947071735,7397398684718592e-24,6091667432852623e-23,5804966639268285e-23,0.04291561614335422,30459467028336974e-23
4887713475232093e-25,4672317859535263e-23,0.087760427707396,0.2803438871904834,0.5928574830399792,25724716421017425e-24,11753450175294454e-23,16114513441473974e-23,0.039037581637460864,26880836650335413e-23
7996827347007812e-25,13874473962114025e-22,0.08409088373024722,0.28935986732366203,0.5875260138041876,18789822347866014e-23,1745162550825365e-21,19192035279557157e-22,0.03901491201056978,30826199438729517e-22
2348092043526062e-25,1493088239956761e-23,0.08508685266674405,0.289605123753138,0.5853448003542546,4038025266918936e-24,4311541893258394e-23,30946731806915584e-24,0.03996290427612984,22568411006512106e-23
39121841853177945e-26,4641057616913816e-23,0.08842847770679683,0.29861185085357117,0.5696886865167367,7114182243217143e-24,19009425644384665e-23,41816043913899883e-23,0.043269939656820904,3830954963431565e-22
20402964332649316e-25,5574531649889032e-22,0.09522767594673853,0.3244218508339854,0.5325574807170977,2317319748693966e-22,39047461037087663e-23,6456080086365856e-22,0.04779059514232861,5700518000048536e-22
69816379473880215e-28,9300107122218667e-24,0.06514173439396395,0.32165507190796383,0.5718069118429712,2156507375318859e-24,27919221545867783e-24,8662454133068567e-23,0.041396135454317924,20393446732930227e-24
6438826766639112e-24,3843822447107992e-22,0.04867680178918074,0.31404906370079017,0.6017085018907976,14354209612277023e-23,7091113990814194e-22,55219526925292285e-22,0.03555797441653689,8927747674373743e-22
15862900861624503e-25,3569651099046019e-21,0.041222027355835786,0.3173709103457376,0.6070863590034064,5568030691915634e-22,680361011171333e-20,5612007965343636e-20,0.034244678420172855,8973144667352798e-21
6698446277889258e-26,35103430278000804e-24,0.04533775438921376,0.3174291008477354,0.6022330546782972,36868172605972013e-25,669231994085005e-22,98045727066495e-20,0.03499893690327537,66942333294496e-21
4977789314866138e-24,4995440827984717e-22,0.05377702072722256,0.3129196974284404,0.5998882909548906,11796897213092578e-23,5921180014825801e-22,428972815985977e-20,0.033408762631792356,7239160581843542e-22
9540759015457624e-25,11533784581879891e-23,0.08934054525875845,0.284739146893685,0.595205748603108,32873158264885364e-24,10494676775609833e-23,1525178035080669e-22,0.03071397505428834,17756053543143495e-23
35376848050127112e-25,2392646965147636e-21,0.09004764757192556,0.2871149586882235,0.5926318353987253,5411369992826155e-22,33515761930755805e-22,16812321714213013e-21,0.030176803217108018,5653904405847439e-21
2063940741247005e-24,23331610062119486e-22,0.0843251750259268,0.29114096157077834,0.5939410102312666,5787324581208316e-22,3240773007556851e-21,17059398486129968e-21,0.030563860320895173,5778722169368465e-21
2472180497219959e-24,21088502529612716e-22,0.08876741297187611,0.28970119429186225,0.5909117787260829,5489340051416992e-22,2889743815011081e-21,1557566295398001e-20,0.03059245603469113,6032312265985123e-21
2066561384386279e-24,33605887679240995e-22,0.07974197049860984,0.29512388073721507,0.5949766938542942,10661294229427384e-22,5532986239165972e-21,39861473327043084e-21,0.030093308241040003,14323424519640357e-21
1131247845508468e-24,3387678475312558e-23,0.014032749446714355,0.31033878620316707,0.6499221705707184,20278218368384904e-24,19361826178365702e-24,7497250661205091e-23,0.02570612187156335,2228690621793929e-23
9962332625101132e-24,3963911468274873e-22,0.00031500784254057454,0.3039342774455707,0.6703458332775626,20053729874159136e-23,36644242433718295e-23,8399742059556731e-22,0.02540149628203045,15718448630083625e-22
41012868528569184e-26,17944125219282257e-24,0.006549407375953883,0.302572934886681,0.6647808755800679,8634616118746342e-24,1736203106174272e-23,40415064376797546e-24,0.026096469832625674,2275588639281729e-22
31329051542217234e-26,7162830341544363e-23,0.0132172740126169,0.3004678326724355,0.6676010302852302,68976146787629695e-25,13278564382018561e-23,12435254325056185e-22,0.018296102721041773,0.00041630516246963297
6835578579153327e-25,23492222667922076e-23,0.01597373703425698,0.2971197057715694,0.666798918411246,12350898826167664e-24,3025049565128483e-22,42730156145873205e-22,0.019817567003235205,0.00028524833774173843
2858690351874241e-24,12676201349499e-20,0.000350120555125269,0.30306916950514584,0.6752508941110164,5760854252316526e-23,1373287443442296e-22,31112770427176556e-22,0.021319005653554133,73743401832867465e-22
20662144351086403e-25,1106383296591539e-22,0.004671547139826352,0.3119687306710367,0.6605710837885579,38957874764043376e-24,7904213061991146e-23,35302896988110993e-23,0.02278188966752987,6164999687821269e-21
35653597607214863e-25,1425374293191735e-21,0.0010399213343676137,0.31982390311333636,0.654718475993422,15833007656577187e-23,14283133177469027e-22,14106015094702042e-21,0.024352215343750015,4836262179910703e-20
50899252588719875e-27,24730317667982056e-24,0.005990749597067027,0.3225226553824134,0.6510394666254748,14018300940191801e-25,14238010426185262e-24,1212495617393129e-22,0.019814004879697766,0.0006329618438936712
6879117484600711e-25,18644110884844504e-22,0.00854810834288901,0.32926496796395666,0.6415692421208186,8638792413599497e-23,10334979804143073e-22,499325329455956e-20,0.020003032109223336,0.0006066712249215053
15348207429180956e-25,18186151791717748e-23,0.0034406755377623575,0.3311468565375974,0.639381408816407,3149917060934994e-23,14457772943531e-20,12920325720314932e-21,0.023053281368426392,0.0029644979405548592
14644714402842228e-25,2054900771039262e-21,0.0001287753494778823,0.3172212922469299,0.6466803444244831,10693764403158884e-23,5436493872378844e-22,14160251047626354e-21,0.03594586327166311,6857504122752639e-21
11162816438096444e-26,6153067847950422e-23,0.0056484324335517215,0.31810070355056197,0.613799772480124,24025599978820392e-25,8419938735977166e-24,0.011207560723844706,0.04236910108052557,0.008874357266791326
11529220439325498e-25,6511364189104575e-23,0.008531340122874483,0.3295202336082388,0.6029591238493944,29288269112624833e-24,14464901843574427e-23,0.0056113540919505355,0.05337648264281146,12254808348618947e-22
21756767946160715e-25,39148121139022613e-23,0.00012394489509107392,0.32917303086462396,0.5903109465720345,49704890700164944e-24,20455925914210305e-23,0.024561374558800607,0.05582694762966568,3107558770612927e-21
4846667188606677e-26,2954380486231515e-24,2208304685951603e-21,0.3265549251343131,0.5940640830425287,726363954905116e-24,8321602001597456e-25,0.02197401222145632,0.05740431997819787,4467575262304348e-22
10819950925763736e-25,5374996353531052e-22,52159415255407154e-21,0.3303338515028406,0.587895372347057,1973364847961427e-23,47830854695391365e-24,0.024859969879407064,0.05684800935933963,10031350118387669e-21
2601128279369619e-25,11921511097090982e-23,35611064617863553e-23,0.3348143156415397,0.5779211903725788,1153506980779999e-24,6299813655895793e-24,0.029145405324216882,0.05811783882758343,7667948229380227e-22
10886807959283472e-24,3280155229220492e-20,0.0002224107369282464,0.34746332669757857,0.5729975332085717,22392237319970783e-23,10109198963318306e-22,0.02229491037341165,0.05649673850198647,0.0004910332023845447
5746655545581905e-25,9991860039831317e-21,5588732622682578e-20,0.3487783039173534,0.5666935908436153,22540728187449022e-24,32287044788913383e-23,0.02750905027978289,0.056653618336099165,0.00029921145097742296
25942548125443475e-25,5756145409523043e-22,4643826370064403e-21,0.34587870476863164,0.5683456494669209,5661725033321624e-23,9564725594734904e-23,0.028804982424480867,0.05583245752402878,0.001132831516190929
5916006759660626e-25,7055996893672175e-22,22015344857124827e-22,0.3435108989788805,0.558900513290522,14563807513657108e-24,2547323611061117e-23,0.03782615907803066,0.05629735994870652,0.0034621209410515617
29762794504177566e-25,38799453919517546e-21,236486183787602e-19,0.3466173873750442,0.5570025861650957,665303862310243e-22,7532349791901917e-22,0.03946367329312653,0.056181521833089824,0.0006715605197146915
9441805243636499e-25,53813985548451844e-21,5181630759355763e-21,0.3518954419804748,0.5498361108164801,15531521346357492e-24,5963878925954132e-23,0.04012342356943295,0.057765131810807065,0.00032082009181216023
6631275541533561e-25,4387113435490544e-21,6584444567677751e-21,0.32750196408060633,0.554383542447803,23618118982306434e-23,1173268927724336e-21,0.05712606291649229,0.060968159217464006,7889666428914158e-21
9327206348100034e-26,29111994733513796e-22,29935181173839293e-22,0.3208553066123971,0.5668179873786504,8690396695964198e-23,4342015671621256e-22,0.05343399544490191,0.05888406753985522,22171078242994638e-22
16733637209685707e-25,69264144111806985e-22,5060118892932831e-22,0.3119656774380463,0.5750856667734756,375571692909812e-22,16626660417292332e-23,0.057468814487645875,0.055354523578323024,0.00011767979904859458
9656341622678693e-25,1164429050831931e-20,19204903232175786e-23,0.30818399329630397,0.5555505785658478,2475552295234126e-23,6171552947814873e-23,0.07625921167637965,0.05947826501530811,0.0005160276700561307
1436877064834604e-24,5761036293281943e-20,406381637874874e-20,0.29850927749264533,0.5658793165165341,1300014726875332e-22,15641555266398716e-22,0.06875902715165501,0.05704004927539787,0.00974895979048925
4824947735682909e-24,0.00016441842691260252,17366733246637642e-21,0.304299008664877,0.5556899323096732,1264208336513942e-21,62303397036101416e-22,0.07052784209653387,0.05879573817118336,0.010498194224585112
5218799552142893e-25,1640127031761251e-20,2824164241191993e-22,0.2941840941120847,0.5558097645915218,5874701203995238e-24,5118707399667674e-23,0.0743530899006875,0.05464007232377113,0.02099623780153216
10307191585399668e-25,8848640301643255e-21,16982842107553e-20,0.2893600215221639,0.5571386791381291,2110241184731581e-23,4655761529817262e-23,0.0768963212986239,0.053397123262882894,0.023198767618800905
6151962214035533e-24,9328991823401212e-20,2655260004982057e-21,0.2928347458700152,0.5447550016831989,19399275958051306e-23,6784068361508422e-22,0.0852254137574321,0.05646326903367387,0.02062474592482305
6769082430484e-21,0.00030076825934117427,7319027651373964e-21,0.2934717526455987,0.5465980403007831,3460942173011692e-22,19230212128871293e-22,0.08204692989848807,0.05572927939378243,0.021843634588221902
25197557157768686e-26,14514218337720013e-21,3835503736578861e-23,0.2898143053583872,0.5531456590387313,488659249143987e-23,12592383244259559e-24,0.0792417923181848,0.053788977049290074,0.023994695930986944
54633530765262026e-27,10119025292579218e-21,4202155757750746e-23,0.292318046145637,0.5497443881198336,8912387867126411e-25,9895248380413333e-24,0.08153903765693989,0.055896113655421166,0.0204922425343702
8554324981584038e-25,0.015290749880723677,6414257437658018e-21,0.3059781819253894,0.5238245719132273,20997257594622703e-23,450761435795567e-20,0.08634914158564486,0.059125508695028986,0.009420713300165784
6982185326561007e-24,0.00036300507410063975,5639748446678643e-22,0.28919942103386453,0.559223967384463,12504918160652288e-23,23022943456478188e-23,0.06682221132179123,0.04981666840057835,0.0345738005495843
5466488772686977e-24,5079440329411094e-21,7260411823941533e-21,0.2770627388851303,0.5625303829676126,51099433716507045e-24,22886452028867044e-22,0.06889168517550676,0.04817681783841296,0.043323690070104434
6763922766162507e-25,10612042671025459e-22,20751083189366532e-23,0.2730313625261149,0.5751420321671302,12028815449258834e-24,3436514957405761e-23,0.05489972780564238,0.04564317202460797,0.05128238969281557
24112381087355355e-26,8531007868293132e-22,3009060343045156e-22,0.27140869611965773,0.5765291923361192,1551716104627174e-24,4265987786293127e-23,0.053667303381901274,0.0485369710789238,0.049856638623861665
5932636301939578e-24,16352018869561884e-21,8160667277282872e-21,0.2697432275228259,0.5987823965120538,31420812994929956e-24,6952974438828595e-22,0.031764210836418186,0.04493396701083154,0.05475095278079528
5551450599667469e-24,5033588034786465e-20,37507974347093845e-22,0.2693837775960497,0.588472127685621,41194615164484215e-24,7787668318683279e-23,0.042064713992552794,0.046412113331295315,0.05361305609389025
5968669336232073e-25,4137270833265486e-21,10107355507655565e-23,0.26930689976931343,0.5695697960100207,851608006432171e-23,18042136431446205e-24,0.06474012795812509,0.04792782236361419,0.048451088399463535
4135775687974582e-24,2927748732523978e-20,3979417212201729e-20,0.2738656986252365,0.5658343981323467,5145512927005058e-23,15476296092432905e-23,0.06558041481116604,0.04710708512492519,0.047543121292949166
964197780169689e-24,4581753468087612e-21,20864054038030587e-22,0.27046222828687216,0.5647403145234775,1642593399006432e-23,3909936954921768e-23,0.06866508956158168,0.04753216851469985,0.04859347446497823
3064274970044415e-24,2917007088331255e-20,7327313947341738e-22,0.2699795332096601,0.5755963508322701,4291024499499033e-23,9148121325172192e-23,0.060195992359205475,0.045027512139644454,0.04917057120121215
15931350740240648e-27,14586585832920257e-22,47606963400576163e-24,0.27279587497034796,0.5850369174799749,4551123073366777e-25,3874130160164991e-24,0.05239293649727622,0.03899971433393615,0.0507730461077519
4387920969290626e-24,0.0007810987828573832,1601784140355095e-20,0.2888232759576234,0.5517519801260332,4778459428986233e-23,300640307160035e-21,0.05969587896542718,0.049170150433402324,0.04976124508044156
2032963473060706e-23,0.0006418510026385486,16082299196592695e-21,0.2920598861710143,0.5431257429282165,45095293871977786e-23,11086469518655417e-22,0.06275055051321878,0.049263153052748546,0.05214115410371803
683968014683406e-23,0.0006970597245694487,559148172282066e-20,0.28899401896589544,0.555282140745846,1067826473579418e-22,19867719985691693e-23,0.05529826620431001,0.0455713147110854,0.05415129586687741
2154059719270293e-24,0.005135392080586488,32399375641436475e-22,0.2898204690520538,0.554860053477417,4481594254104334e-23,20430115633354803e-23,0.050207491878550656,0.047537220901342575,0.05243588140123904
237733606845458e-23,0.0158203374843705,1530365163278666e-21,0.28933673976689633,0.5482856028476905,30137082531841343e-23,11865222938085125e-22,0.05673874857165644,0.0456229768468637,0.04419257384689158
26440482744988593e-25,0.0064462530124013906,13789840051225951e-21,0.29395460175726584,0.5517688812288631,41374519914252735e-24,7101328069059495e-23,0.03881594780014191,0.04711369503888858,0.061886716290985085
16118875442133305e-24,0.00843840420475601,0.00016571527654306396,0.29168720562122824,0.5502081574016606,32717958512252424e-23,5628617027345693e-22,0.044596668601570265,0.04644738484483776,0.05845555788924142
24672485172686308e-25,0.024584909010085674,28201067911720748e-21,0.30245211779124676,0.5178459235581895,16500267820051022e-24,503610788754247e-22,0.0565643325946574,0.05027127835884535,0.048253168290461466
1027673713870757e-26,0.04565007455765929,7424953438169727e-22,0.315241653986712,0.48837099956088653,18387601314549436e-25,31366967936065092e-25,0.0650664986884526,0.05092675173037886,0.03474327399488368
5026777646642265e-25,0.02913518254502278,5872662382133418e-22,0.2959739677576965,0.509734415530286,12063051569917374e-24,8083073205475793e-23,0.0758292684719253,0.04843402768153169,0.040892457350831836
7140937501157682e-25,0.004138536923466197,9138526847360397e-23,0.2389732888800458,0.6389557975423111,8739971377896897e-24,2348166427729775e-23,0.03771366207498758,0.038818107943388545,0.0414004823150285
14392851791058892e-24,0.0027153577563951503,9134199861140576e-21,0.24879707442849847,0.6321132011897012,1236036457634876e-22,8772170697276844e-22,0.032511630409244804,0.03902364962267873,0.044828937180151594
5949765024404418e-25,1168419920071212e-21,4871707992172747e-23,0.24587718507433193,0.6420524298709746,8018846986651005e-24,20329995929885683e-24,0.025811240674099477,0.03553849836124404,0.05071939993860589
2371448888940518e-24,0.00018341258744894367,2188710263849944e-21,0.25447329584773276,0.6292401600469121,12009771350394048e-24,22097755692650217e-23,0.028445490269499787,0.038790166559782846,0.04886505061960457
3887686730466536e-25,13194604818720799e-22,37660516695060456e-23,0.2502422613170121,0.6287681941448127,32841947502497207e-25,13065156397180729e-24,0.029717561481627585,0.03362965282721974,0.057640617425561126
7361372073658773e-25,4184917387392863e-21,10611283277853195e-23,0.26587999441701754,0.6029400756526194,9160002301078989e-24,3036809392699189e-23,0.04116051765617518,0.041436083618985264,0.04857899736089592
6390255459798346e-24,21986964614309106e-21,8668998154829717e-22,0.2604310700810293,0.6058436659591893,7464024840205337e-23,24839536027785405e-23,0.041203370290607,0.04272989122612357,0.049768819153146904
795818830746284e-25,25099906342611125e-22,1497596208586732e-22,0.2521922785566387,0.6149176788626763,1497104412578263e-24,21798658389674727e-24,0.0388011175432354,0.04216287733168458,0.051923364580094326
2408348477697794e-24,0.0012863643901314889,20974495651556476e-23,0.2997411552814112,0.5348564838225659,25375101591932964e-24,6737553671690185e-23,0.04965873218626008,0.049554365461748094,0.06490259395571124
13674784130893592e-24,0.0460907430416347,45069126130503453e-21,0.3181864226403304,0.4837248475150746,24673991878744457e-23,16088066450724825e-21,0.06011596680002375,0.07128334640991828,0.02053725598584191
8329501353079824e-26,0.05768466728579994,6878786788794706e-22,0.32515132471975083,0.44249535978416493,46964051528472165e-25,4365159429313448e-22,0.0776022643669124,0.0767077495384021,0.020357505130621876
19004608143627598e-25,0.06618058266752946,7989766970511971e-22,0.3314559114676921,0.41805738509220636,327851685292418e-21,15505744665004262e-22,0.08826068483913074,0.0811522947152415,0.014890461914922068
4691142972149785e-24,0.08316906013488051,15585832557031415e-22,0.3412145007949842,0.38134479254593756,13464392859551165e-23,5946358938356671e-21,0.09638172097800304,0.0858366532891875,0.012045627979726723
8218167031557279e-25,0.07666074295967432,6133260876573664e-23,0.33560670541695126,0.3897945475494922,11625463659344184e-24,4830621697956687e-23,0.09925234346489943,0.08706204543132388,0.011623493091647138
10607845345088887e-24,0.05433627518585244,14168159896910696e-22,0.32917055961026837,0.4001935618950956,21361381501488093e-23,33539478991272197e-22,0.09774490906187415,0.1079008214754734,0.010648877785808286
14223484353172703e-24,0.07915847117949541,2082846835974211e-21,0.3370082906164836,0.37589830352279346,22241134861854746e-23,35409463758407726e-22,0.09615565118194128,0.11143762246692185,0.00033580060439448225
33371175264076725e-26,0.10810083033611778,18209622977066332e-23,0.3282695515501811,0.3570252157827111,7781923232295429e-24,8267566117526976e-23,0.08936373540395616,0.11724019431677679,1997227287345164e-22
860998053115832e-24,0.11724551849744061,10380829951263449e-23,0.3239059734098914,0.3499317146525298,15577401198173407e-24,12203447151440423e-23,0.08941583322766493,0.11950013946025183,5784710838074477e-22
1477468992283771e-24,0.12101565405985219,1233264905196021e-21,0.31642851472173544,0.3499931492860144,12043673983942547e-23,24140145220722624e-23,0.08463735715526813,0.1279236170120079,11118457754560141e-23
18861476595171855e-25,0.12916492328822954,13342592856612974e-21,0.3155521975523423,0.34642549733279004,11630029975582635e-23,1931309182595186e-21,0.07264123988042007,0.13619987049237017,8793653587812777e-22
1882312686322134e-24,0.13842164247078073,4493115864553488e-21,0.3219226311877535,0.3256971439931025,1591166550733455e-23,17517785789410908e-22,0.077857581333216,0.13609304152909102,16967976961686973e-22
29710482684441013e-25,0.1339865897497277,20164295349335574e-22,0.31898128436858536,0.3332646153936368,20739229365379416e-24,17121005143321943e-22,0.0773012721747407,0.13646127114001363,12149330446057785e-22
38969382086696907e-26,0.14235078122302988,2350585694044752e-22,0.3213197143368304,0.30416181244619234,8777121833828202e-24,13723466007934267e-23,0.08955337690274515,0.14261382761695546,10601439748337294e-23
1921714407182507e-25,0.14925180814986944,6801290583222745e-23,0.32132377834457326,0.2929902464194286,18053716062580633e-25,8579626079953676e-24,0.08802553577840863,0.1484085471364071,5581214846771319e-24
1070659706990019e-24,0.15333724992593648,28456001383198863e-23,0.31678929564974123,0.2890499925957865,11511226619829828e-24,1021053791611205e-22,0.09414040519470178,0.14668258751861982,6986886757934282e-23
65518446074884775e-25,0.14533906677047037,8641017213589647e-20,0.3086926781217489,0.30571106444559965,4928162506208012e-22,67339269840303954e-22,0.08275883603192807,0.15740159289190317,31182711617229703e-22
11785903995292654e-24,0.13609781866448167,13029590646591475e-22,0.3107903754579954,0.30126361593297657,3870889651426319e-22,14885516725756087e-23,0.07887776731679864,0.17296818865164867,3832869039972933e-22
27548617622855523e-25,0.13381754122018155,24338767761887263e-22,0.33446299714555944,0.28479415205083,10234550465382155e-23,19551882612457294e-22,0.08410344981732361,0.16281712588408695,239716688737797e-21
4029411686803829e-24,0.11968689931876915,0.08387625633288628,0.18767461622779555,22410584545526271e-23,0.05720257526125221,0.41535751574763136,4661869138535909e-22,0.13620040774983663,10350396564051334e-22
1404189944081116e-23,0.12365020361863101,0.07968163078454144,0.18897674222435165,15152664002040356e-23,0.054291514137378205,0.41272207464960475,22630867273988113e-23,0.1406749093436461,25333646321547806e-22
33204841479379555e-25,0.14122386826326894,0.06715815279497177,0.19022986817550913,5154392550922019e-23,0.052651962818349635,0.4120616526026548,19466788031325218e-23,0.13667388288498736,36292796808445164e-23
18013266172869905e-25,0.14858296491051945,0.06913001666139144,0.1955679387699966,15408262148642613e-23,0.04761005416028587,0.3984728710575276,8821305683504104e-22,0.14063451301862231,6034071366518275e-22
13510290690299844e-25,0.1493718598850254,0.06660055710916049,0.19519284387298752,9164971454687445e-23,0.04860177833463403,0.3959174522862924,4878955057293858e-22,0.14431476624338002,16137226623211277e-23
7323613485962133e-23,0.15348248185521018,0.06753105144848087,0.19706755434278048,7001630432450806e-22,0.0484946632134579,0.3868025934935232,2848769471674252e-22,0.14660562086331083,14976507434133795e-21
