13992946258878827e-25,7681486049703525e-23,0.33191784224007037,0.19381984620309195,0.41969956842463035,14073689972608123e-21,1345829900283312e-22,44635930991356364e-24,0.054548404086938666,7922338378181278e-24
8610382644551445e-24,8053520997682647e-22,0.33407092979588854,0.1919352883117027,0.4189062988017542,9549772666971717e-20,18967033920021455e-22,4819205481458565e-21,0.05498430777219743,14772045861585412e-23
8299163047845339e-25,11234738135528797e-23,0.3300140735830037,0.19436277872315247,0.42053442754427317,562820667614694e-21,11831614026898794e-23,42389020351966987e-23,0.05508747837325406,23572880079145465e-24
2615814293434867e-23,15523537240932151e-22,0.3293833425664366,0.19220739816980195,0.42486060923896707,0.00016675738487022953,13476807906365707e-22,5697466956368667e-21,0.053372863400194315,4055802156072026e-22
12685051778448295e-24,75481313010698e-20,0.32109098380449647,0.19504897856962278,0.4323672548390806,674504237591982e-19,12619492131592026e-22,3654422981578249e-21,0.05141951552064128,13297238321777558e-23
9219905677409375e-25,5049880750895007e-22,0.32915956725971474,0.19407244223147033,0.4234357621022533,3922636613858614e-20,9629947456008947e-22,55288474879733504e-22,0.05328593373887419,7055013779916129e-23
5754758387371871e-25,1274767445171501e-23,0.3187228458396741,0.19252197122440853,0.4386286343445073,5095531931783102e-21,1983578110095326e-23,7761863940802242e-23,0.050121335857503675,6424531664998584e-24
17551819454266098e-24,5557027286360101e-22,0.31591347547304227,0.19625896866641782,0.4375175024592514,0.0001843944546760708,13284677998960163e-22,4258373121026369e-21,0.05011924047317892,25837814721546355e-23
796662103254726e-24,1013337763925063e-21,0.3135349374419282,0.20156483780707007,0.4339855782062067,4219383528442036e-20,21267832264597378e-22,4614098028045085e-21,0.050864572047485394,12564654328495909e-23
4006338588742357e-26,8889544315388184e-24,0.3107509395167927,0.2127293226389832,0.4263782342884242,9490645346863045e-23,18523048258984587e-24,3419189112604835e-23,0.05014134526078185,1746071774872772e-24
19026247812563e-23,7128873258747763e-24,0.3117141370686173,0.21258225171608533,0.4269587221130527,18732755646367002e-23,8685900673970698e-24,17170258453677054e-24,0.048744665737590766,2861767316211754e-24
16830872299096337e-25,28645789808073223e-23,0.3143127647887053,0.21375112004732638,0.42200992816134564,6464858825717048e-20,13427163579682508e-22,27257865504026205e-22,0.04985701101845632,1709833179033304e-22
28291759472178093e-25,3541726626893514e-22,0.30805403335189185,0.2130768491555259,0.42961254729747406,4992030518815684e-21,3005824647115678e-22,17207627310295465e-23,0.049250698371356434,5016448156318246e-23
5006834759470642e-25,4364306110924708e-23,0.30748101275724016,0.21285488967497213,0.4310496751958999,43286318889412956e-23,45459469845666945e-24,38758266391174884e-24,0.0486138511148052,10035794694146032e-24
6412423570097384e-24,2252613990390786e-21,0.3107879417028789,0.21125594336378478,0.4289406512242737,5371669844838092e-21,25532905027889644e-22,34115720369557893e-22,0.04900167594859965,19255664800824212e-23
394544060400033e-23,29564065951536802e-22,0.3018926050303191,0.21170704181291317,0.4388368798455168,31998070334285032e-22,29190701212938832e-22,26182438534517387e-22,0.04755162298331667,15323774808441795e-23
22129055266104303e-25,11167233287922193e-22,0.29881609590043845,0.2112959238236909,0.442742121560869,12959968521917943e-22,9731846046923797e-22,2220554028627976e-22,0.047142191433675644,57222826816875087e-24
9235472913012742e-26,7257270935062496e-23,0.30186829953356503,0.21240537986751828,0.43740161971502783,2003646517417809e-21,17516998139393171e-23,7746793737186205e-22,0.04832165937437958,15348655941879018e-24
1914661957152653e-24,17630155825968223e-22,0.2966457659745275,0.21248446286187025,0.4438442376225469,1682850029895061e-21,15664450042348587e-22,21375753837613783e-22,0.04701830426898059,775921051231344e-22
8650120610291368e-24,4207064778480619e-22,0.3017098394408106,0.20892305331397695,0.440069870486577,404078800525799e-19,580909387057696e-21,2533999597726169e-21,0.049253156380385174,12823600894223136e-23
14958782128410336e-25,5661698653869128e-22,0.304650146148176,0.20949419471253322,0.4353948038768771,28722334363094985e-21,876874122384904e-21,3103253293495315e-21,0.050427514865687986,7026962507699859e-23
9785700195145981e-24,5258242241475086e-22,0.2972384376311707,0.20796248621272426,0.44767495892057196,51380252644566935e-21,7072639990774508e-22,28787363163497243e-22,0.04706846719755678,1481761561879578e-22
26648140200753706e-27,21949730872515185e-25,0.2791827423545228,0.2232046925773446,0.4479270082552734,3369208686242816e-22,3307368317711829e-24,8107637686076511e-24,0.04968520574291045,5127609297698809e-25
22932002157379553e-25,33305984988552813e-23,0.2776190653526749,0.22542252495156073,0.44756484415673814,0.00011623098304537017,9600956052900969e-22,5804011208043701e-21,0.04927016204147062,7305460479095637e-23
9312884802044895e-26,5539665886901363e-24,0.2801852204127734,0.22235668396361513,0.44843856406570604,16163627059081118e-23,58325918667036425e-25,10418235552948647e-24,0.049019346868332564,11696528010451965e-25
6904730813217529e-24,29118852180728416e-23,0.2767864908278568,0.22329614224428082,0.4521998000081836,2282189377813474e-20,3711001247103984e-22,776428002801398e-21,0.04769320183208228,9757298150417804e-23
8160237071061713e-24,3542441021629009e-22,0.27433541257247873,0.22250516518374733,0.45615700612809446,28459118302066768e-21,4796581550818058e-22,104309535216027e-20,0.04697195341571375,11842875687823557e-23
20425943722195118e-26,22154633824832018e-23,0.26923657421204694,0.22079285244872676,0.4652646074590858,6708111577021426e-21,3514410808921872e-22,6704298617768431e-22,0.0446979912605643,2288644761769171e-23
8704030561717797e-25,12499904342677767e-24,0.26937736843945415,0.21912615041762698,0.4680942812224225,16676331344674772e-23,8960616293867573e-24,753614926298493e-22,0.0434019223442397,13124047545001271e-24
7910705861888334e-25,1291880818924293e-22,0.2635194734004681,0.22158114716449767,0.46919807443161765,8626142790855459e-21,16011310474798486e-23,4863002674991187e-22,0.04569188511814801,1734996047994382e-23
9618623386300603e-24,28791348016351905e-22,0.27531769984271925,0.2279186031211185,0.4510516223280715,9962412866282305e-20,31956224156496595e-22,10613551617109276e-21,0.045595419147949234,3335042190561917e-22
10827040538987073e-24,30693164048088255e-23,0.28487902368742557,0.23562890737372466,0.43500389241160337,6306740563741424e-23,21699613118116173e-23,5013259578216644e-23,0.04448751481165361,13760204236351972e-24
13064900453134944e-25,19035292633974302e-23,0.2948640659218386,0.23664702547611588,0.4188730488015197,12879844476536788e-22,38711830150921203e-23,13067757826080288e-22,0.049612666735627475,19526991550736323e-24
30193551847198854e-25,14723266932034672e-23,0.266507029844489,0.2389570811381345,0.4415100140151637,1909482786818385e-20,3303085055493437e-22,8242219971631445e-22,0.05300544777036568,27628495500025403e-24
3456669332407253e-24,9769933560900919e-23,0.2759584290082004,0.23598951443823576,0.43454421552829736,8518309564011361e-20,13396715235612833e-23,3883754992667415e-22,0.053421990213947335,4421713551072999e-23
5521356985143721e-25,10357397560874695e-24,0.25037848397103807,0.23410370515557918,0.4674789387518495,32187848312531717e-23,4986388152797401e-24,2017511325481509e-23,0.04803850617131196,7998576510456173e-24
18746495251115557e-24,2781996783832895e-21,0.26336100704782994,0.2251440760874262,0.4585122696739539,6860110933916874e-20,3149679868957089e-21,9429397455954446e-21,0.052898397459646945,26880072122226186e-23
4708922488125576e-24,18932741021493807e-23,0.25373313876941367,0.22235623780864888,0.47189368771447066,1422950973334661e-20,4945805023166568e-22,13607808511368666e-22,0.05200060487025333,5192002006472879e-23
8857703826348061e-25,1350519606112717e-22,0.24012907754472282,0.21845385317851143,0.4886965271320113,3585854907739573e-21,25026672966966565e-23,7809653108349966e-22,0.05271576504963484,2407056495361046e-23
7151714186810703e-26,30347298739718706e-24,0.23750365395534942,0.21266903107886836,0.4976433490223483,3144820455219798e-23,4456238732455971e-23,9434179715172463e-23,0.052183762508351016,26638363110092696e-25
333273131001809e-23,4418436436213852e-23,0.2347485909822403,0.2021934938368752,0.5056518164437358,9223775199098846e-21,1268741566871349e-22,23332179624958985e-22,0.05739433303276329,34320010968638796e-24
131544519588319e-24,40361739087135244e-25,0.23097101217654262,0.1884532903643998,0.534807111919447,10244480986320385e-24,34979492590111766e-25,8900826346909734e-24,0.045768556225314436,2503261917168542e-24
19285223943973446e-25,37797444701362243e-23,0.2003756586677011,0.1860885453785299,0.5702517418623569,37361356045284246e-22,6021221850754261e-22,1156847350301003e-21,0.04327808881157221,9027256187274758e-23
6366588529623938e-24,6170534450261314e-22,0.1894723112611016,0.19482587264868834,0.571520171698589,4948161939146079e-21,10301325395665146e-22,7047175702658492e-22,0.04417423695489304,1010050896171845e-22
27287296126244353e-25,44658989401874787e-23,0.18848279341686977,0.19189603797687538,0.5772445500977965,11101809883448053e-23,2988862518568648e-22,7941993275697911e-22,0.04237487141451787,9367179847270802e-23
66197533824412e-23,11021049914502431e-24,0.18750548090052596,0.21265937633987086,0.5533948264657019,2003786563576216e-22,10847213135074246e-24,6688770972542505e-23,0.04644001441171684,12085666377190779e-24
4518375103096931e-24,3921508975987982e-22,0.14741486211250476,0.21656395180533908,0.5956850703202095,11094329731406642e-22,7514964802285176e-22,34178884669196063e-23,0.040333490374403064,25999898798549385e-24
9820198786208124e-25,37807349427329066e-24,0.14300443730745746,0.21674060453292104,0.6006613675754204,3766334431711217e-22,20717894824890474e-24,15444855241134831e-23,0.0395929713455433,28649569325815627e-24
2351543561012522e-24,23682057775244084e-22,0.13830998216289256,0.22302393061072842,0.5974360752842897,6704518411193486e-21,21479740205579777e-22,20933324865598573e-22,0.04121661555232116,800075224011982e-22
8526860847205655e-26,35515686317718324e-24,0.14878267513094393,0.2311415436139278,0.5773758801605056,29544789910663104e-24,29035836676919562e-24,11446272115686935e-24,0.042699793092363963,23767841778663543e-25
5104171726157599e-23,14568533003789045e-22,0.14027776810308945,0.22587587018002678,0.5945251828669346,10682177236937128e-21,49072872267979496e-22,16048415667364215e-22,0.03930225049629825,22615305397303646e-23
5534901865284662e-25,29522531363419478e-24,0.13401570322919407,0.23063412698158128,0.597020749222413,51667000594287404e-24,27805490797151075e-24,14332434339863132e-24,0.03832929343470522,32511700003654323e-25
3260189987130878e-23,11567728290837075e-22,0.10211075062228804,0.2419069902801261,0.6106998088776426,29692033509690807e-23,3287394043216693e-22,16844177398535884e-23,0.0452803841644409,8257838533954128e-23
2716410251021312e-25,3805673405668151e-22,0.10072039085678926,0.24567113900678988,0.6061432048113838,1421994290754348e-22,724395699348058e-22,7092859068700737e-23,0.04746459559082054,332764921103294e-23
9118866277712229e-25,6699989654272028e-22,0.10874765541864598,0.24937957705200584,0.5938033891335058,10181410209243632e-23,19534298202864943e-23,31470914751397347e-23,0.04806805691858794,3870017615358421e-23
1589806204800314e-23,6150705895391697e-21,0.11257078573307028,0.2514936070115627,0.5912538656787444,33523579752914962e-22,18125080855404464e-22,11793320532147444e-22,0.04466894826758056,28250553347671353e-23
19058251865338846e-24,14217809023634722e-21,0.10733912589265059,0.2520401609252988,0.5964229696120174,27235123073025578e-22,30240852821076237e-22,22234862275393284e-22,0.044175074251612954,46136742655405525e-23
2268813489240077e-24,34357193991610374e-24,0.07669260130154415,0.2594156816059467,0.6128751723622892,5896981100536176e-23,40745674636361694e-24,657334310410592e-22,0.051016320966728035,21688583284376538e-24
37634283267499826e-24,5118605734869979e-21,0.08065855158659947,0.2645255200912722,0.6048723923346887,14146483719541557e-22,6547773761476849e-22,4353899041157419e-21,0.04993151872671213,4376962858085229e-22
2176640633667746e-24,5764119287683971e-22,0.07758191856082808,0.2631003327529507,0.6121936162247963,58945007494322765e-24,4210445321803795e-23,3707414784443578e-22,0.04712305773446251,2434710537200251e-23
20831688375766293e-26,4365829807148155e-22,0.08355414463588687,0.2598749366965218,0.6110114154361509,6666374965371317e-23,7399747661881215e-23,582497740441382e-22,0.04555886671929593,8098649382700349e-25
12509423692624664e-25,6788349676182218e-22,0.07979193975071933,0.259909497247974,0.6128038736935638,55521471050729676e-24,20240161580425508e-23,12243508416757026e-23,0.047493602388321024,2647508067917417e-23
10527766122117459e-25,6906437676120744e-23,0.05575754662241297,0.277384686545421,0.6192092424709432,26961189363372793e-24,475414241858218e-22,29659637544492924e-24,0.0476483364501004,13631698281164867e-24
5927503032904834e-24,22377917560043284e-23,0.06400854554072137,0.26544128308943915,0.6230325514819725,10027522312439669e-23,12998310944810254e-23,20306124700130937e-23,0.047516894436120144,6242547536161267e-23
20576609440878813e-24,13399314928330582e-21,0.07826892086638546,0.26359676653429104,0.6106655921509928,7475700056298044e-22,455547013528119e-20,7537562018720884e-21,0.04744220949576293,2504588488918434e-22
5292652767009992e-25,9107310416874759e-23,0.07413265539010691,0.2634074689298955,0.6162259426587264,10134114485100279e-24,46935129801628495e-24,5994656378711426e-23,0.04623371776026013,6643220344246104e-24
1025579324359122e-24,4299041347471182e-21,0.06336225327460934,0.26874410991959363,0.6197991889117017,3609426614046867e-22,17338815712904059e-22,11212255912141542e-22,0.04808681800650655,11377080635621686e-23
612173125900377e-24,10580124040125017e-24,0.08587813959149546,0.2619317940126174,0.6009229001345503,9863564558775108e-24,9918342042324056e-24,21023491824022037e-24,0.05126710751317593,675046611278578e-23
15662067274134974e-24,5274438316277143e-21,0.08115444730797672,0.2584249531138288,0.610900319189628,34618052996970694e-23,28604876895225407e-22,1659536308795636e-21,0.049509767847939354,3562357144665738e-22
1346639731590631e-24,16901320602620334e-22,0.08502100987588554,0.25725099434449006,0.6087599598659347,10147330567476241e-23,9740988791037494e-22,2268625305817635e-21,0.048962865058130835,13634631276325963e-23
9204162131231263e-25,4742430092176361e-22,0.07660869628702027,0.24419492792405778,0.63406960269652,27343538391578023e-24,6585383830527244e-23,10964911865459467e-23,0.045126068650940154,26429502876380994e-24
22141264252202453e-24,13636147769512563e-22,0.07676509708274137,0.2550176060394809,0.6270948159220722,25865359352475604e-22,4207903279387671e-21,9215497482714202e-21,0.04110325928259939,18259804654795936e-22
5349216961986957e-24,15979423585953321e-22,0.09149384368057832,0.25343402332179915,0.6149173398716493,991824038874057e-23,8104965611119892e-23,7732549605827133e-23,0.04015301877404011,2774868864562892e-24
35033867502561323e-26,14188392256179453e-23,0.054566768384073205,0.25223375641227586,0.6579991535677078,8381239748204886e-24,3826981877831258e-23,233291615712243e-21,0.03519989634773193,31067178020296972e-25
8247054489458482e-25,18285697638910534e-23,0.0052061199768474176,0.2864889455061529,0.6723221859954583,16272742723925285e-24,44730976019082856e-24,3182662486553521e-23,0.03598245189022042,20130361739058565e-24
1607122379430576e-25,38860425070384783e-23,0.008617583970259229,0.2747566078995722,0.6810769834840648,15548028328587023e-24,8824131998417955e-23,15368243006150201e-23,0.0355481603092198,18129333346645147e-24
16920390784395445e-26,2659068046227533e-22,0.007439734079191993,0.27539098836076453,0.6824829639139929,9653553585037517e-24,59446648842111954e-24,9924965911533685e-23,0.03468586567836992,13557287988148132e-24
5628059973907338e-25,3613635570098033e-22,0.008937313151591278,0.2734008822816464,0.6857820117804141,8045817294413918e-24,56315701107893906e-24,6563656514127413e-23,0.03187928558438518,15277536418449966e-24
2514402838596251e-26,10906952739406829e-23,0.01574787974230979,0.27473621522536606,0.6760434254061115,3584347906500295e-24,20580735767100485e-24,3626822442767048e-23,0.0334723054839232,4615140287748105e-24
3119857506655884e-24,1500887308752425e-22,0.030175340760578498,0.27980934280690417,0.6531054233924519,13953413643849877e-23,3056657907629824e-22,6166256789218367e-22,0.036908512431588596,16557595255036682e-23
16346214118399584e-24,23843939138149713e-22,0.025516474847580524,0.28372869742430046,0.6595292097355689,4168338604193132e-22,6755799804923129e-22,14106672919706476e-22,0.03122024530553953,46886332251006266e-23
2277894763936503e-24,4359820894490057e-22,0.01257568265803484,0.28552241110552007,0.6693547797214153,1639693326461283e-23,378224936164776e-22,4718976260281708e-23,0.03254656068178949,26163994942695538e-24
33598205554761096e-25,17645093106540432e-22,0.005794039824773059,0.2829603291399605,0.6841861474278575,33656620652175123e-23,5941787792890429e-22,12550949004813495e-22,0.027049247177331925,62827210289124235e-22
1800091756705745e-25,32504886818167484e-23,0.00013927915247058186,0.2745822083107434,0.7011314673786011,4332021464053573e-23,8338296760488984e-23,2969614589880759e-22,0.02414446557055103,18306940836683466e-22
7935440645254923e-25,34992228596277664e-24,0.002218203164194843,0.279527187118775,0.6898335235686577,9753025669375394e-24,1699741789249997e-23,2386136048500343e-23,0.028420808783617996,1909675452198728e-22
51102145070872525e-25,7241157120315378e-21,0.04143685348746589,0.3054234973581164,0.6123528152275384,16386981861643238e-22,812605586811763e-20,13406437129627404e-21,0.040744907941065445,11508527708918534e-21
10806094972389828e-24,14200351826073668e-22,0.05488745111106265,0.2967898675013142,0.6115242064636571,5164069975991842e-22,3299569715395298e-21,2737154494469043e-21,0.03678206080440932,8430147517856253e-21
996729196115041e-23,12427830851118326e-22,0.051754495979216955,0.3053206721759081,0.6061661661911342,3717382021258402e-22,1879430321673168e-21,149850080840766e-20,0.03674894507768553,4718156326249811e-21
22275663294177642e-24,2506823855708237e-21,0.05380179663129093,0.3067824280947249,0.6011993379448151,7345857171728852e-22,34121208714515125e-22,31061411698899758e-22,0.038196537215768864,10118166360360263e-21
2406255681132176e-24,902172639919605e-21,0.06077283169158262,0.3213053767815966,0.5747552965298952,18545158850240362e-23,18416852875389031e-23,6531733257476778e-22,0.0431644133627729,15426214367126675e-23
3329482667989326e-24,24287477666550144e-22,0.06702255437284854,0.3476843678938174,0.5376133148778984,338530481898602e-21,5438830063613455e-22,31644758513103627e-22,0.04767059464310236,26893789276025843e-22
1111480908001428e-24,14035074928988067e-23,0.03550081949747026,0.3441702777233964,0.5795187690782663,3117156007843038e-23,6601556856536476e-23,16044468900701784e-23,0.04080968761169718,4699542994462826e-23
57611420586505614e-25,16912681315558448e-23,0.02342455500755464,0.34018852147127415,0.6002810174862924,8411102834750829e-23,1691987958434208e-22,3166417377224207e-22,0.03610492489759143,236298110541172e-21
5873886315873912e-24,1866485393451991e-22,0.009706939630291206,0.34307186312720184,0.6131977815397898,8448939954805181e-23,17264833603531516e-23,30276459793058205e-23,0.034022406433530224,2568444236360849e-22
8507468858130498e-25,6999415362571611e-23,0.019591342537324818,0.3418028086970665,0.6030359302298659,1127473686235366e-23,26640353304241326e-24,51774464035929576e-24,0.0355697106176928,4738328260138346e-23
1549808484708771e-25,5662649405881981e-24,0.030680556442908433,0.33561724817841465,0.5997379366834523,20788472584457164e-25,40088913480099265e-25,6852379691951265e-24,0.033964234063997706,587350014815221e-23
1971518353971509e-25,10763916596260597e-24,0.07085871623108443,0.3049620128825861,0.5927060006712978,4857549862513119e-24,8885813092959313e-24,16104461804142578e-24,0.03147321293945419,16466604837361906e-24
18661402830904216e-25,9772292951558291e-23,0.07246697655575747,0.30649592613627824,0.5899664967470134,40546461821090084e-24,4954697436616441e-23,12084891931630198e-23,0.031070204882748906,8514675775593038e-23
7480820171032452e-25,24248015026948298e-24,0.0641462569684639,0.31267235637406054,0.5918711400943675,12413902924074238e-24,17424319785772236e-24,26202736349655705e-24,0.03131014052732663,24998860843913457e-24
4106038878254234e-25,19071768381797625e-24,0.07006401613999967,0.3121171311635358,0.5860329975018476,72470286545830326e-25,13024506245555004e-24,3874647480938058e-23,0.031785720533469494,5616032739637114e-23
1232020298187276e-24,22716598288537043e-22,0.0567465862802764,0.32059503753550816,0.5911300417534059,3232348332764158e-22,1621556260386588e-21,11804089358857318e-21,0.03150270762223482,9605036415329943e-21
16500361769825837e-26,6539431527903586e-24,7205042184795891e-20,0.3329716371613312,0.639097798468745,31709591510298594e-25,57638631560767316e-25,1011962757992701e-23,0.027858455263370403,3293073357433914e-23
8130430856354404e-26,4594675047587594e-24,6425880166282015e-22,0.32057370293367754,0.6513849566163002,14819724780445823e-25,2694803807406949e-24,5848684762568284e-24,0.028040653548078418,2961259482732368e-23
16669615306649798e-25,11503093983917198e-23,6867744083038281e-20,0.32184305471703123,0.6493981619158025,6059116394115527e-23,12615190193822567e-23,3563757650436556e-22,0.02868433653828884,5109571281171939e-21
3969081882966086e-25,44397464900646294e-24,18624584911110696e-22,0.3207461118050029,0.6571193078537704,975384247566802e-23,17769570353851403e-24,6556212191263113e-23,0.019915260995582638,0.0022173190084073357
36917629953486234e-25,5342859953932514e-22,0.0015106733466754606,0.3155299016254015,0.6599909164493067,5979931187109229e-23,12054042554388666e-23,6610105785408127e-22,0.021198340280606246,0.001768788971249684
5735289806379107e-24,10477089484511204e-22,0.00024407631099464488,0.31650840035774186,0.6602268285457059,9460989467418094e-23,2518939190783998e-22,13817232717266154e-22,0.022927650085449953,9026302833333187e-20
6728416372632245e-24,28473336619587003e-23,0.00012441257959597016,0.3306880621125238,0.6438379728681327,11240374443332008e-23,20469441818509743e-23,4034288978140084e-22,0.02533909029294339,945015854272411e-20
8230684221939186e-25,5245262140064426e-22,0.00016138181091443732,0.3431218745590262,0.6288013894267905,4294063493883656e-23,1559379742852372e-22,8130553223469035e-22,0.02787321855927065,40598361888133426e-21
6052576391724043e-26,2117504329963472e-22,21446363273585947e-21,0.34649186291714934,0.6311168941878016,8347316046177694e-24,27094044459139498e-24,14449019352709127e-23,0.02184912371595481,0.0005202810732292337
16670341439183845e-26,4630769583641248e-23,9680537042392347e-20,0.3572627811067096,0.6192880983979825,37475130200109095e-25,1640203196446005e-23,28800697778967104e-24,0.02284555778688238,0.0005066619133696666
3526894115452492e-25,38789901740487297e-23,0.0001287087212285327,0.3585496641361876,0.6102612577958121,19305753506931565e-24,7446545570748704e-23,37278095949153025e-22,0.02646524781137966,0.0045909117029431035
153266295935838e-23,2871630121235317e-22,24786732875231797e-21,0.3461767795365987,0.6137146019056549,2269759388856742e-23,44625728407095236e-24,10458867297192737e-22,0.0400813899520664,10399667115846751e-22
343699922408222e-23,3544429974898275e-22,0.00043795429717554855,0.3475895213446204,0.5933346122706664,6377779397000701e-23,13736714819874775e-23,0.00023337585118783869,0.045736392803847205,0.012667584407578664
4203906261893393e-24,20066424831985966e-22,0.0014913932442225052,0.3599371625639375,0.5818713588741365,7584601379236504e-23,13569704732224523e-23,2983804198089123e-20,0.05666378290424372,4241981855135468e-21
5246884817762671e-24,1335549075410509e-21,5344680720081655e-20,0.363351394870284,0.5716773231569967,819987982605596e-22,14988615687429376e-23,0.004610136133729002,0.060305240129074525,8862220379710221e-22
6463446142932969e-24,17587172953373367e-22,8280637308216841e-20,0.35830765452804214,0.5779790800569162,10709178931023984e-23,3549857699744926e-22,0.002456879373778978,0.06116943372270683,1918687179231453e-21
28152668051760704e-25,5419811397504425e-22,4155776242621654e-20,0.3614493562650432,0.572020930015321,458704581390155e-22,11263843379143327e-23,0.005958853271140458,0.0605275243722855,10750082210136128e-22
23472475573334584e-25,2393078898568691e-22,8780251206424508e-21,0.3709055750472105,0.5575082961314786,403971745149949e-22,9553141293975918e-23,0.008796558503000405,0.06277838391400731,2028569387537512e-21
3147524824046468e-25,4796396619095934e-22,6117939430280025e-21,0.38595195701721163,0.5505950777543059,5000920874499881e-24,1286047247919972e-23,0.002382605949501728,0.06105972793593406,4015586638699842e-21
5798223633026056e-24,8470282298572209e-21,0.000133056535346434,0.3885400896121917,0.541888993286536,7985340035739524e-23,14165047479511377e-23,0.007718323247271691,0.0615450034593668,0.000165836274821473
4449834702157293e-24,19914828955031563e-21,5317780806226892e-20,0.38862052870525854,0.5417971022679123,830621869436982e-22,21673649118751716e-23,0.007947240948500642,0.061465489963002794,962412289949105e-19
41667376650056545e-25,51125146888691324e-21,0.0001208299940845816,0.38327239446903566,0.5305775466854954,42129187285292545e-24,1281269656626861e-22,0.023389819856619684,0.061535415856880896,0.0010526935681510316
11769497432197043e-24,0.00017825261736852596,0.00011300989623567835,0.38508070971036745,0.5285328743671508,16146350124374467e-23,31988834754912614e-23,0.024383789014263257,0.061287819865800064,0.0004230514074466638
12836244930848474e-24,0.00017669016261024327,3391048763431272e-20,0.394430856030998,0.5172176684215525,9305630748611953e-23,11247124282426942e-23,0.02412275822048713,0.06393067148495768,8722682797078622e-20
3696633947150858e-26,122917676617772e-20,4305915285230183e-23,0.35879892158695637,0.5280703106175147,7900004719397574e-25,150610491030642e-23,0.04770271045506431,0.0654260442503329,738521112015638e-21
3609124337722821e-26,9966866605690859e-22,16388618978787777e-22,0.35085264019082796,0.5453274028256545,3224657887246135e-25,6400384886323235e-24,0.0406664617092603,0.06314970016463055,11528021253194297e-22
12300506988276711e-27,9768260522853884e-23,9099732394058578e-23,0.3422563526281105,0.54702262834578,790833134687205e-24,4619782192552844e-24,0.050376699454179386,0.06034402413760372,10133154272503855e-23
4344139093171845e-25,30778848375409637e-22,5112242926860634e-22,0.3331252801475957,0.5303402621979565,9107908821240266e-24,8477049185193137e-23,0.07263881117290916,0.06389102681424584,9362453368490742e-22
2824630910944144e-25,4963864170783361e-21,7210365211223721e-22,0.3268112833819368,0.5458332658973489,6151104809829955e-24,238245049234117e-22,0.06316962638540607,0.061677137887489526,0.0025029712890865213
2224524238800415e-26,14601397357295853e-22,4880124400688593e-23,0.33691574881655345,0.5319700912971294,5226076731923078e-25,9505711527726924e-24,0.06409234565713559,0.06439015401797936,0.0026301412196563677
9883056107948636e-26,9210927757511613e-22,4148690407575479e-23,0.32113110161873654,0.5311796068995827,19481959041165726e-25,4940294396175069e-24,0.07221968489326484,0.05936696955916862,0.01610166746224161
3158252410260854e-25,2943467600109447e-21,18957623192485486e-23,0.315536207013079,0.5319023358048585,6954977438054422e-24,1905812145100655e-23,0.07767520961265041,0.05749428934330143,0.017388798853355245
2471801929462894e-24,19891144666346173e-22,13239169805313374e-23,0.3220934829919695,0.5091792576004665,49658446084888355e-24,886380173103633e-22,0.09029764828837768,0.062419168912635783,0.016008179932125277
45570098410551117e-26,3298748363525523e-20,7224887362163175e-22,0.3214462555755775,0.5167947515721363,20876235751794415e-24,7819970166912694e-23,0.0832500697384726,0.061297776946153154,0.017177336663649494
46395574417109806e-26,7139318969598021e-20,4147778174175298e-22,0.31344395012634224,0.5266862628929615,875953123788785e-23,3995472195605111e-23,0.083439058067912,0.058771247817293516,0.01758762394977077
5399917632676703e-24,0.00015541747168898687,20948069854731116e-22,0.31585736965799543,0.526704441149444,9841492559031742e-23,4684748356813432e-22,0.08476530787886455,0.05997187255669491,0.01254292418863799
31689603986538285e-24,0.015517354225544329,1413795168572884e-20,0.32643961439558883,0.4969402110206931,8631919432659051e-22,8352327884114947e-21,0.09366887670579992,0.06360192886530362,0.003808629626052935
25678513600792545e-25,0.0001406844267995435,2139665984276484e-21,0.310127333418783,0.5355219941692604,4564553504516651e-23,25332840565595983e-23,0.06947109203836667,0.05478281794928013,0.029953636789726134
5906988627255253e-25,1225304393344762e-21,34008032561053926e-23,0.2958775115167301,0.5285063057636612,128821755718082e-22,4237006046707189e-23,0.08126695914082914,0.05320711265438121,0.04114048969674754
98085004883417e-23,2191356603002728e-21,419073518234371e-21,0.29283085655869096,0.5507609851535336,18221263766096318e-24,54552635791580286e-24,0.05684747213082683,0.05015194639290067,0.04940605557918627
4837068125082524e-25,5593716037770552e-21,47370535623320327e-23,0.2926725199716912,0.5420840118730867,9726414990388676e-24,3593293950979746e-23,0.06546933315103792,0.05410177757290418,0.04566624386682534
5234927591452217e-25,5161737737070162e-21,3232085657640163e-22,0.2917382069449943,0.5702124963222567,7190572234730604e-24,2415451436469401e-23,0.03780943423809496,0.049414212706002984,0.05082013297378776
20326683327973722e-26,9625536848360705e-22,1410629491323026e-22,0.29451259274656416,0.5487409896642665,4597441556438068e-24,15323428012551402e-24,0.05670872945649921,0.05242021959721286,0.04761634479468687
11016217688872109e-25,3121695664179445e-20,4551917022513945e-22,0.2939951031595856,0.5232800239592745,1600872587722505e-23,39368145711946236e-24,0.08508883709869705,0.055353024811784404,0.042251282343821216
3022619002331236e-23,0.0005391102100984204,5263865271947382e-20,0.29919666452259336,0.5206452241521603,572724736047343e-21,18659701046264374e-22,0.08319490778047225,0.054540408933749104,0.04182857682716101
6358201981453619e-25,31225935971854864e-21,4908189674620593e-22,0.2953551866311816,0.5167102024516858,7084803336241869e-24,1693249667775858e-23,0.09058719777335279,0.05422262460870674,0.04309304712700669
3463062853483827e-24,26343999551092042e-22,14679024804604127e-22,0.2942233779911482,0.5310204879180684,6799754875539596e-23,13251613904525577e-23,0.07997145088944553,0.0506659675011583,0.044114409420989154
18213244835671783e-25,1309230743278337e-21,3627676608505938e-22,0.29329229971189813,0.5492675525232544,397235688277717e-22,6391398395948743e-23,0.06684359814968896,0.043354917176342926,0.04723985498153032
2226048090937937e-24,0.00017899811562555867,16365357966096055e-22,0.308876564441149,0.5141039518787217,6111839475979324e-23,1057909592026851e-22,0.07851591119007272,0.053485047718218055,0.04483772098501145
2030451811755679e-23,0.0018080709603465067,18884856407423602e-21,0.31235066415600266,0.5068487166451913,6442847136640051e-22,12013008359946293e-22,0.07851208485064384,0.05250741472211927,0.047952297919223764
8552451368212706e-25,1171358015685622e-20,7590109997265696e-23,0.3035654897621126,0.5286964801799428,1268740089512145e-23,2065644630819105e-23,0.06834321756138728,0.04688898483350738,0.05249400398270281
7819288361099495e-24,0.001518191135579512,831189906847841e-21,0.3016945541570764,0.5431524713743525,10610830001269748e-23,18918884306030515e-23,0.054664862309099914,0.04665593885992653,0.0523128478576363
818711910659503e-23,0.0021815248531671418,8706202738770549e-22,0.29361211556180006,0.5502673322842406,11840028435432158e-23,17682962749607718e-23,0.06360722266461219,0.041567338857372634,0.04876329174133697
12681843684542582e-24,0.0021712409304352055,1052371839254658e-20,0.3021999601093189,0.5422028570233978,2467212735384257e-22,41757641267698417e-23,0.045544305322239735,0.044615071810033255,0.06325536410665443
26876943100365862e-24,0.0008883130523285566,4832024135963753e-21,0.29722343774676285,0.5486851872656147,3100048489695426e-22,4790740815399035e-22,0.050264903210882304,0.0420908076053119,0.060841703139080154
16886300316375243e-24,0.009951367096550484,14400320054223856e-22,0.30987065028231364,0.5127726770383987,23418320671478697e-23,3407353599772594e-22,0.06782689458178426,0.046332419180879755,0.0532439599832078
35120604883055366e-24,0.036713618383779914,5984547300085606e-21,0.3247770424170174,0.4743172492146397,7541663037183676e-23,3239031586890902e-22,0.07952938626137551,0.04767092940716826,0.03698535532834191
8570069613815724e-25,0.002872875557906991,3843872559622156e-23,0.2866745825332943,0.5202166832691686,12230913216321568e-24,23110644513021406e-24,0.09891686888317426,0.04261825974384752,0.04870065537531968
5975414033247817e-24,0.000314651895673618,11315169692117876e-22,0.23914090595432322,0.6272209063237628,3268239944371184e-22,39557074447537997e-23,0.05859470026246151,0.034244298380054945,0.04048267729659038
14532847850393174e-25,867028365000629e-20,3713847269625393e-22,0.25146577671020326,0.6213412646616593,34391938276222905e-24,18343779579348114e-23,0.05004775017730972,0.034275983617795894,0.04285996388163692
26284617808935167e-25,22689634000840775e-21,4461014248231244e-22,0.24944584705030057,0.6304718023263823,8291361741010963e-23,1662538840462519e-22,0.04083264283018613,0.031139569145986472,0.04808675111575551
541178239201985e-23,4270332428745301e-21,2890797521753457e-22,0.25998611409725786,0.6140979067930998,8143426905726717e-23,16577225252473733e-23,0.04470906377389555,0.03502719284185597,0.0461749104634057
36248972067523524e-25,2861865357560336e-20,553320911814732e-21,0.25144049453487055,0.619794012778065,21067605742068042e-23,2444728971089383e-22,0.04431809238974252,0.02979058798275927,0.05462718156622119
33112060127283142e-25,8413712892687117e-21,5491567106506983e-22,0.27009448919059525,0.5909145203633396,15013452848275846e-23,32352118913572803e-23,0.0564325001939396,0.037915281235487375,0.044633769180112824
4237973623691671e-24,33044587241823595e-22,2623920990578941e-22,0.2606398831082204,0.5937121038398774,7932361208904907e-23,18636784378528616e-23,0.058757312150069484,0.039505178699857035,0.04738168542172144
13129147986604447e-25,3662328922354435e-21,17979936371386081e-23,0.24792582338731145,0.609302964475463,51375682585596024e-24,8906488623907428e-23,0.05597249320352499,0.03841941510622864,0.048375319945701954
2658159482064496e-23,0.00016760029982876642,3469540401328575e-21,0.2959157504044783,0.5296124786693975,12348749630909643e-23,7335748170025906e-22,0.06883320122665425,0.044379346202169025,0.06108727001316111
1593798511300461e-23,0.0013965288762038312,7931409175981609e-22,0.3148866520394343,0.5094623569123882,18320840657464213e-23,4446595148183858e-22,0.07940316278840073,0.05818315111171233,0.03666671132503706
22578162992174475e-25,0.0016350934777944173,8478065479642843e-23,0.32279677704386656,0.4699043314066474,29286334128210757e-24,4697427304016956e-23,0.09965235924841215,0.06274499578544426,0.043266279738755964
16878493341663433e-25,0.008662859048115108,6117917924805251e-23,0.3339659983672996,0.43915490069880553,1894772977054543e-23,37489448876050016e-24,0.11099002886544067,0.06849701115038824,0.038729082565739543
37750110641984015e-25,0.026003197839775876,12242555072726751e-23,0.34801769690461054,0.3938278405860731,5663437374283133e-23,8449230696533816e-23,0.12330296566105281,0.07369826086192044,0.03514977081932513
11464974560834716e-24,0.0026612922814388314,3812813377635234e-22,0.34022988423346406,0.4178855072882382,13911638256352487e-23,2989330668394774e-22,0.12449758515895049,0.07292767766374794,0.04179722257839094
29139129958989105e-25,0.00026865958206806213,11556313670551885e-23,0.33709157081693975,0.4036037332312749,3490941078216916e-23,4508627885822097e-23,0.1289804304629907,0.09785121877111964,0.03220418866285909
9798084990690228e-24,0.037965025742021555,1747545206681977e-20,0.35239049771065784,0.3702678493371715,60976471924134e-20,11151750584773546e-21,0.1250366100317858,0.10378010379450683,0.010530666618402379
8453290418388791e-26,0.07371178266857004,25982580013288667e-24,0.34251651925314647,0.34911338822825966,11300452397399105e-24,26539620650084204e-24,0.12389224424213735,0.11076524386610073,7578346004930955e-22
20550880949762537e-26,0.08586359390312136,16122128878102733e-24,0.3337265989530889,0.3397681465480744,23154610822455555e-25,22265153389357184e-24,0.1262373203373481,0.11440384588526886,4534648649827309e-22
25086913653022486e-25,0.09106553769846955,4985674681228375e-22,0.3243547822924844,0.3419512852794176,6191867700056834e-23,9723131097543542e-22,0.1180744616543051,0.12454959530667233,28024607107847924e-22
4603933142686946e-23,0.10119784231432467,9386223362460782e-21,0.32334870042190045,0.3391495867202488,7512258160509003e-22,9910844009812989e-21,0.10227343492474836,0.1340040186093301,63226769302656655e-22
1176345602211253e-24,0.10965868892202633,36536172402977537e-23,0.328313445934653,0.3171073437094683,19628047754210674e-23,3757037256310919e-22,0.11044723966705083,0.13447179239843138,550846097709753e-21
12225851238186899e-24,0.10276620655913987,37409897736046607e-22,0.31971701303182326,0.3319106767474208,6510437781394686e-22,2312871377150037e-21,0.11014823340019742,0.13544970407688894,14490537505985158e-22
4821648448393523e-23,0.1141481313497154,17600048371325922e-22,0.32397964255944217,0.2966919617691755,36833236779383475e-23,4241910862986312e-21,0.12351767942479139,0.14165007717604763,60892562785125315e-22
9816649539945821e-24,0.1298594113046349,16785186395061817e-22,0.3265845995934233,0.2717604030965931,19438158154622017e-23,4270262603414662e-22,0.12092306568711665,0.1508699213631548,2892119063421687e-22
18916223160927662e-23,0.13469481735367217,2959538287995437e-20,0.3190611155517855,0.26860710259156784,9227329120069507e-21,37514795757704624e-21,0.12573812066157553,0.15179113589536447,3118127613320552e-20
3402037891134724e-23,0.13140854013566888,18778310322687383e-21,0.3096402962374071,0.2838263168919101,12589310308299714e-22,1759578573213322e-20,0.10934852644470203,0.16573087846636417,7774776603176817e-21
9016360212262814e-24,0.12504387461233812,19006278559373283e-22,0.31873185699154616,0.2749624468944539,7554559020978334e-23,2884580289442745e-22,0.09889918598335574,0.18236011411683223,24775365748964165e-23
7795143238145636e-24,0.1235706485600645,23664586771972128e-23,0.3438243541357804,0.25486424316012607,7972970897289405e-23,15504150176503596e-23,0.10862849129907527,0.1691117089253507,7470738184447643e-23
4361779941589784e-23,0.10839912463187527,0.06623295057355927,0.22685375906724858,10508613369084085e-21,0.05634955449477819,0.3897984345239098,0.0001867741515721544,0.15215295614620195,1589417968791496e-20
56775239641530536e-24,0.10696020333780001,0.06568398821607926,0.22868257659909783,9456461844710656e-21,0.05332446951776365,0.3858894921875877,0.00018357048537318525,0.1592426559929709,23530426240227718e-21
56048244370804215e-24,0.12214717015968467,0.05367533122007844,0.2327691051972305,8948941063876591e-21,0.050506108972381676,0.38280682573105373,0.00011176828232011838,0.1579597585970744,1492685086997943e-20
5947625259462468e-23,0.1345688802271959,0.0552628859564557,0.23692932321327298,8231241589521391e-21,0.04385883998462904,0.3675995319499263,6596519552513483e-20,0.16169513918892678,11143566225792361e-21
2869382374055573e-23,0.13643978364389175,0.053124804391353114,0.23590853600076414,5449228889226821e-21,0.04508851199284935,0.3630861367465566,40919216041081155e-21,0.16630174297213893,4087113684936196e-21
2345243632011448e-23,0.14293853654019692,0.055193932015373086,0.23961905441008324,21709803067773777e-23,0.045506099195265715,0.3448724648673743,51803764626521e-20,0.17186784178233785,13126012534502384e-22
