13895149886566586e-26,16672575468560291e-25,0.3336146774895846,0.19869448011696506,0.41071442916901013,17666331462096343e-23,13520956811169772e-25,2587812751065058e-24,0.05697623020349246,6103221216585738e-25
6302181275881158e-25,23726302262156668e-25,0.33434569969539985,0.19673280372003413,0.41183490695977903,6669211892873252e-22,60456482695388196e-25,454800020329942e-23,0.057085913842891245,8553173857614062e-25
20605459701769436e-27,5734046836095983e-25,0.33169000123948683,0.19787722562902976,0.4131715585294115,9730406789694135e-22,13178602293502296e-25,33852010099812474e-25,0.05726023605961725,20513383619321705e-26
17684924830190032e-26,6492759755802837e-24,0.32961275679722435,0.19719906665849588,0.4177194839070788,5999542379474196e-21,6304827559983004e-24,4300648474183344e-23,0.05546263578383856,13307771210311096e-25
29799836177639268e-25,2391208771762495e-23,0.3199183075453406,0.20009007139271257,0.4266574498883512,8749158616027712e-20,3385168609554092e-23,18179970703526253e-23,0.05324642700457301,10057489847303484e-24
53865773285022645e-27,27430206790649456e-25,0.32904030526670913,0.19952375586817947,0.41607156939601175,18349721636447794e-23,11622917750823465e-25,2963544906385744e-24,0.05536417982221742,469126714339257e-24
17640742973684103e-25,6019860435313814e-23,0.3210111391768148,0.19952874186788322,0.4264585188158625,4547528905594157e-20,5151590660265376e-23,12281662134205417e-23,0.05295586672743616,22409790599762228e-24
3260718251092986e-25,17910207908106987e-24,0.31529188865171354,0.20194886684079158,0.43047993833278,915356295458124e-19,56363347535499346e-24,2818492976165657e-22,0.052187404434426564,9664913294728546e-24
4816412081833231e-25,1400112978583652e-23,0.3150515007415238,0.20505485536166057,0.4269693896846784,13280414717424075e-22,11942723453168868e-24,3056164282551729e-23,0.0529228635101254,5673326246199583e-24
8500074296772965e-27,28590524734970984e-26,0.3147226106913312,0.21383323378032526,0.4193854213737683,26562803560886125e-22,28215485928746816e-26,18054144032262296e-25,0.05205607537265657,12041097508377024e-26
7394425751940703e-25,2645403284450836e-23,0.3164133268844127,0.21410697703179413,0.41842118081421015,3258093264450448e-20,21758794258093057e-24,458793227016931e-22,0.05102582842365292,11082684570415579e-24
19057387754365022e-27,10322298852125092e-25,0.320740346985596,0.2138467453412718,0.41318343059173723,9558415068452707e-22,5936151807782647e-25,1168222975222912e-24,0.05222851837172652,2724570903192954e-25
13670294051582364e-27,6003432545707694e-25,0.31526287249857743,0.2123579216402942,0.4208187811941935,776007710401687e-22,4574012773121954e-25,25454924661238313e-25,0.05156034340700023,12665781217252566e-26
11764770460460789e-25,4120198668677312e-23,0.3167209007508044,0.21109287050177525,0.4207790568760651,34106824412569766e-22,3028298768947506e-23,3894490096906403e-23,0.051403633018212325,165659982251297e-22
16671791263934281e-26,5940511556931039e-24,0.3172073247223885,0.21085065456367744,0.4206631641269787,11959724632392222e-22,4652843651007224e-24,10933472219339155e-24,0.05127763653532505,23865279406151e-22
21260087274717574e-26,7911877785573117e-24,0.3089552150370384,0.2112264386795485,0.42992201769543825,4670628795601468e-21,65272886700303776e-25,15625121389000776e-24,0.04989162437517148,33085493520631794e-25
2049172100695603e-26,122342493413336e-23,0.30758011400480284,0.2090560098958385,0.43372778092490566,860682790021539e-20,6061123327632861e-24,10282381938491692e-23,0.04962737726504722,952839157315607e-24
15492293061110286e-25,12386670022762408e-24,0.31357739102920096,0.2081146910178559,0.4274917181334529,1005007277434961e-20,3983128773179109e-23,4445217189045805e-22,0.050805642673654984,8787301931284801e-24
8127318356470697e-25,3096110134144313e-23,0.309720374000157,0.20762302655307535,0.4328727199496098,13499717954037832e-21,28622146932530772e-24,2764963300979063e-22,0.049770028821250034,14065700078190657e-24
19832702528161595e-24,7866610490738717e-22,0.31425819813984146,0.2035715236901484,0.4304343838159818,22797252542975786e-22,2239781060732458e-21,1108459474391013e-20,0.051720065167882405,3065742507915016e-22
28338416378022267e-24,997464889835016e-21,0.3154637805117073,0.20380808533218944,0.42826156156443845,25066028289439928e-22,2890627648491487e-21,13947875784941186e-21,0.05244706515249102,41184855811512034e-23
4192248632484883e-25,12452662573164053e-24,0.31011432624524393,0.20313402629024302,0.4370582146499204,6585440079197216e-21,13593232818471498e-24,5994679964950531e-23,0.04968675817405419,2788942661052197e-24
9792383637425913e-25,9312716143555573e-24,0.2907284614039949,0.21738857860189462,0.44030219003867055,22115981719440478e-23,38789051603958545e-25,54772220361377405e-25,0.05158052845495128,6858565582076728e-25
20661991212608105e-27,7415393885430207e-25,0.2887021006672995,0.21856457576955873,0.4415907938311566,5098153089346279e-22,8757593076880452e-25,8849017319127651e-24,0.05114200913070229,29899349491132135e-26
5952615319938215e-25,17833602830073192e-24,0.2897840459008131,0.21638238099301096,0.4431617552179126,2218694921001185e-21,12033534553704007e-24,4855529020384469e-23,0.05066951357780729,6597795487171377e-24
37617506926084113e-27,11632119985345732e-25,0.287733702149378,0.2164443283300384,0.4463574299841925,9587428330360977e-23,8271292723987293e-25,22471444374565368e-25,0.04946443897329333,41774576079122474e-26
7760168386093205e-24,2995305505651012e-22,0.2863554822279,0.21630053888057102,0.44826035009547427,136518249611682e-19,9568032640529026e-23,1664245586167859e-22,0.04906936469208145,5681617384065205e-23
29770628391996294e-25,10308039128031471e-23,0.2812685719176738,0.21464112179762587,0.45742219592587374,11935134816257885e-21,7661101799937111e-23,30102613724200097e-23,0.04665565046582181,4106300480285162e-23
15697379482220714e-25,13330648243868622e-23,0.28072204277062934,0.2131601107043836,0.4604829997044183,1925482564497642e-21,20147388957620855e-23,43097275078056254e-23,0.045632112674184586,4134608178788294e-23
15585493981473631e-25,51869219040601684e-24,0.2778853584456634,0.21360246532903188,0.46053900392490366,13105149937680957e-22,38290861690520635e-24,12694477815293047e-23,0.04797162205204633,2107144840074244e-23
1943901579841154e-24,52108451364819023e-24,0.28939073699154166,0.21829952260677582,0.4446768718230397,5106077078865402e-20,2700247231676189e-23,9924055876470065e-23,0.047581621333915455,6179097864967302e-24
7215543856798639e-23,25540432858263775e-23,0.29742447914068965,0.22420177016646514,0.43234109729125236,4219727102019876e-22,7342754301814986e-23,18010265237979814e-22,0.04603000360968992,25804660245901175e-24
5076057498400698e-25,1760677619357274e-23,0.30248476870934965,0.22525782580917206,0.4220647896752861,990668603380515e-20,13699571911910332e-24,329978510070477e-22,0.050182637310340165,6998396473533734e-24
11479094296317864e-26,35523687155964576e-25,0.27015427911789835,0.22833987816422663,0.4491759947461244,14820453021545157e-22,2595376835489097e-24,35016689799119673e-25,0.05232835473486557,14275870739362293e-25
7680881238109133e-25,43340720580148586e-26,0.27437626042410623,0.22524098537707013,0.44836562247886264,11683912115369915e-22,536720438768921e-24,4550473025684833e-24,0.05201595688320632,15571210572046094e-26
7812391534851991e-26,7252550157566953e-24,0.24980820449144617,0.22212647832922552,0.4816374796157735,33554366106713985e-23,851483234988832e-23,17349915582455548e-24,0.04642746417647708,4657346310683608e-24
11544131206029855e-24,6682892956106761e-23,0.2623438562258825,0.2127839169773449,0.47353407937214564,9327451698439949e-24,18804275084826984e-24,17022944279764388e-23,0.051337864179279546,6511421822289908e-24
2552502382197068e-23,25940841104716266e-23,0.2518783410080254,0.2091833693156174,0.48868078627747424,18265745211961593e-22,6648256659428272e-23,12577741077658216e-22,0.0502540477920018,19842290950436476e-24
4007416789237237e-23,3373994436547759e-22,0.24007938304674536,0.20427662120262693,0.5043754308673628,38977691628450885e-24,1291268338055906e-22,1695052597268456e-22,0.05126798042542026,10728840924610569e-24
1259180476537718e-24,4085444945490193e-22,0.23444201945002324,0.20052528194987718,0.5143421094463613,25702468722852228e-21,15423787821695594e-23,26838954005120235e-22,0.0506615684448432,8531289910849019e-23
5481075102355138e-25,19557415268292314e-24,0.23489468079609396,0.19199186553261938,0.5161575925959768,31922431500646377e-22,2126028436335173e-23,20647814897706742e-23,0.056952411191156904,9796987596306782e-24
9637819164650828e-25,4614225753181057e-23,0.2307047934240315,0.17878021085719897,0.545133419243067,11046627624858424e-21,24650310315678667e-23,4404761851317091e-22,0.04536973245498646,6336108029930918e-23
2808021918015503e-24,11627751988239171e-23,0.20336752809505249,0.17538506075013224,0.5778278803061765,922058096366252e-20,32131879805779645e-23,5890233059487182e-22,0.04340916972728847,11117751666378012e-23
31259532544374434e-26,4858358856475861e-24,0.19388407700541854,0.18297578375055604,0.578580559375588,41979375677821075e-22,38138224072085686e-24,12074539449988336e-23,0.04455521500453974,2873038322255107e-24
3666593837458757e-24,14904792882570036e-24,0.19386219948786518,0.1816694551984599,0.5811167345407043,14226114159888637e-21,7469103211390756e-23,327395655274123e-21,0.04333696444619926,18341410552116899e-25
29882002727322167e-25,9291397729608329e-24,0.19000206276824783,0.20367241730570643,0.5591728109023447,1256542952912076e-21,66263321425723715e-25,11581156784539447e-24,0.047151419223511515,2771187620689264e-24
1146377722662359e-23,19244284494566254e-23,0.15110403067996772,0.20612576673029304,0.6018513844703409,48197385973107916e-22,1847005034606449e-22,5007031193036838e-22,0.04091304209113023,6698017816642499e-23
1058210500732062e-23,18632564765787036e-23,0.1488461701144807,0.20681667561558517,0.6032806419845619,37732347139124605e-22,16321645789776378e-23,42549444953950337e-23,0.04105189302602145,6040330632512482e-23
1510940408475515e-24,16162821713298217e-24,0.14006891306272626,0.21137108697475343,0.6071126875516542,14853431467653403e-23,8066611406910703e-24,2966725480029733e-23,0.04144710841122386,57672327457209936e-27
976998881506732e-23,1966093838641428e-22,0.1519008089086012,0.21870261124452461,0.5862211416529143,17601433377757467e-22,11916495144678812e-23,26822423207029855e-23,0.043173037344498864,46933041072413545e-24
792110582595553e-24,21138763971509248e-23,0.146881572406647,0.21500222688176351,0.5974554304289927,31440215065248365e-24,13466641017722386e-23,38802080345734464e-23,0.04066001022615235,7096615751649857e-24
4754590249470051e-24,5406114439680299e-24,0.14171832113335317,0.2189907157484103,0.5993274893521668,5466201079980775e-24,32421603392104505e-25,4309663113279332e-24,0.03996345772972911,7029317541250672e-25
3945870118225475e-23,21425899724407167e-23,0.11058873082454826,0.22788286376121844,0.6150352782476303,6854279509252343e-23,6270277650342834e-23,31704458432998e-21,0.04649266447589048,4602395787198797e-23
974407571172808e-24,749257327304108e-21,0.10520576304353318,0.23069304485467243,0.615935537961694,5662510372086136e-21,6056222325882688e-22,10911655529719638e-22,0.04815746973530292,7487674530077148e-23
8332365803577352e-25,2551109006482202e-22,0.11143585720142471,0.2352015097057175,0.6047987171540035,15832207015085691e-22,3021946159388517e-22,287429031385363e-21,0.04856145534268067,3180781604880901e-23
10788873400424612e-25,44809317804239803e-24,0.1160416469147228,0.2358167799442931,0.6031851036388899,4600470848195355e-23,2386929768521341e-23,420265002524414e-22,0.04495629824461443,13468810691840504e-24
25988835136505973e-26,1538736742352872e-23,0.1126134143216876,0.23546871784315218,0.6072926128075364,12637109493243544e-24,10023732296725256e-24,17256275979565857e-24,0.04462519625328745,32151910702559954e-25
612555889756346e-25,19701630984262675e-24,0.08044182998891353,0.24175938561782798,0.626566376810412,17579012183667877e-24,8817873597716951e-24,1506175165751417e-23,0.05123234538956161,9719708988220967e-25
23072531450834724e-26,2438335489332567e-23,0.08264305718489397,0.24561393941868354,0.6219179065667584,10932413558414657e-24,1773061745140433e-23,7228751353035722e-24,0.04982503333260066,2991353192669611e-24
2380028647439132e-24,7114280257928688e-23,0.08139108598974751,0.24381231664932018,0.6279082922692444,10159509631164708e-22,32244474281623257e-23,6439706897967752e-22,0.04688620298629987,4621636892927432e-23
3921482550619928e-23,5536617650633911e-22,0.08757410231567618,0.2408260683598417,0.6259921164115255,1067402017781064e-20,3886305959938782e-21,7173686751804572e-21,0.04558478439453645,6016299495739209e-22
23204578024768497e-26,20433387247011102e-24,0.08060265935313879,0.24394041073384273,0.6277525696953001,7111572452205117e-24,992291001534069e-23,2450299760915938e-23,0.047704296957983006,10569595459577384e-25
29448234792633593e-26,13661291210417227e-23,0.061494751208203545,0.2620138903162501,0.6276434988973383,613108133380919e-22,3306092984438678e-23,3783150467516326e-23,0.04884758950446255,96012299498023e-23
9665121065575138e-26,7607916732436567e-24,0.06695789279310005,0.24848312251699575,0.6367166257969505,1999603656437523e-24,3726440565577851e-24,39078825566996446e-24,0.04784230523254859,11509407809495733e-25
9960372628381966e-24,3684405676013325e-22,0.08361807479563108,0.2475454135271119,0.6204139235465483,2556952706131953e-22,3619139655745395e-22,9601202308065828e-21,0.04841184704496274,14387340724216124e-23
8974617572247991e-25,3551536206253883e-23,0.08281869996567366,0.2467145126126345,0.6226385308905192,19560114642882242e-24,2615427362697516e-23,23041996374344393e-23,0.04782793202980666,1195424059862865e-23
167762000958641e-24,39895249366731376e-24,0.0708612971381004,0.2502221787233865,0.6298576833533109,7056473701224235e-24,3495419269187712e-23,33555421692421687e-23,0.04905842031847612,28388243437924294e-25
5025474105936315e-24,23455450028190806e-23,0.09242005732237094,0.24317384754806826,0.6124189232711208,8054086545463321e-22,6956530655395176e-22,7249742085746442e-22,0.051984999604011116,12729238787877617e-23
3875246895340168e-24,3919377042405606e-22,0.0893491045755089,0.2415611696178841,0.6181992047009746,3876701263098615e-23,27709877634974464e-23,16707068539881378e-22,0.050888126044585945,12675433253332032e-24
72339584817612974e-25,10380665534305368e-23,0.09314057484386222,0.24621352865906465,0.6093973935339053,10801016317287583e-23,14818463030710162e-23,11814505482162238e-22,0.05124692218133592,3209821677073737e-23
3942677694917903e-24,13431562591769795e-23,0.08259310244131074,0.23611166223395488,0.6340528439243404,10391841509771841e-23,10088595203298373e-23,28611858083793916e-22,0.04723912664673295,6050480128471197e-23
37485606190565076e-27,1488425487051036e-24,0.08278777108067684,0.24321412499963377,0.6311021987165734,17699954275089119e-25,4030647712810115e-24,14185111092520165e-24,0.042895881631909785,2059552403005193e-24
12117478837573212e-26,6905515799969401e-24,0.09604998515748676,0.24305084520013917,0.6191097863032441,14437973026988503e-24,36162948727792256e-24,18671807558830845e-23,0.04178910116981082,3784147984575397e-23
9285656468969379e-24,20209540595142516e-22,0.0698406560543734,0.23709903538675534,0.6550234288385759,11208668446234787e-22,27708709239709074e-22,16878887968487225e-22,0.03802836427743325,9055930536153911e-22
3198809345980521e-25,12662921386274397e-24,0.023704069785238816,0.27149273775650307,0.6654605462884844,6277576877221928e-24,6511771944898289e-24,156957497781445e-22,0.039342599515733365,5189663179174902e-24
31544892713111577e-26,13764978053146033e-24,0.028697640561722835,0.26323449086580175,0.6684678369318028,57395198667041916e-25,6129912091778358e-24,39490870542761035e-24,0.039599958910363685,7291175826246321e-24
279207715607993e-24,48831010532896904e-25,0.029074278227773635,0.26664046382247136,0.6648498598576389,2783263147247183e-23,2988677249867329e-23,646450831926312e-22,0.03943519104658023,7951697793057608e-23
3422257299834049e-25,8560823577847831e-23,0.031019756755103364,0.2630196020782723,0.6693965296836445,19667814068998653e-24,6345243175532106e-23,6660042912203672e-23,0.03656376783400697,10797788373558088e-23
3909227708223959e-26,18556816295742873e-24,0.03674444892143884,0.2630258440267373,0.6624644049887227,6442514763877743e-24,57669411570723495e-25,2219886012655735e-23,0.03776524508445103,39744919842749436e-25
3769172217173491e-24,9445587927701174e-23,0.04376730552225148,0.2714055239554582,0.6445412004762192,628474397456722e-22,54648172595374875e-24,12970221827330066e-23,0.0402855597213935,6489637544269025e-23
17875938347695585e-25,3072422168218764e-21,0.04699637862536268,0.2732925335845955,0.6438757265714943,4733115563269979e-22,6512614417914079e-22,1775940383975441e-21,0.03582817370453186,12127942245219225e-22
25560978451795076e-26,9346534156298025e-24,0.03900858980881926,0.26945114344545046,0.655275360098844,4712377295784587e-24,4990499957853653e-24,12985661903102349e-24,0.0362648696352046,4720650950550912e-24
8481603801787576e-25,1408745153652584e-21,0.05534779820803456,0.25780356336481786,0.6565774868741108,6439770901676735e-22,6271541897062505e-22,2718058292799205e-21,0.030260751534081212,5001235860609768e-21
12145966415253278e-26,10019353660293149e-24,0.041107969912983135,0.25331012313608514,0.6780778766260054,141359897607103e-23,29071583681201093e-25,16772024343070708e-24,0.027503990480350116,8610960300646735e-24
32462562945153274e-26,1257715121852808e-22,0.047142627147836326,0.2529348963563038,0.6687564259969611,4098279292565205e-23,10186469702935537e-23,5276506560543802e-22,0.031163695576833607,15583277741592817e-22
10731645970013827e-27,3081005496705499e-25,0.08683294869256668,0.2801577679873757,0.5894298077035895,2033777387135677e-25,4938577590754209e-25,17998709126809271e-25,0.04357947224683703,5539880005575518e-25
41490118687228686e-26,25622819492935147e-24,0.09659720089473701,0.27527497944523965,0.5886508066378943,12333868477079435e-24,2871104385320552e-23,5484080939737387e-23,0.039476838478670076,52619923717954446e-24
6520775355348562e-25,4379189509248631e-23,0.0943434877743261,0.28454117906833803,0.5812913104608829,2143135463329776e-23,41556032742700864e-24,10808802226377243e-23,0.03982372925157769,7792546046767147e-23
36141753637168455e-25,4511341864637683e-21,0.09378204864861893,0.2846189419529255,0.5811152013485453,18700485229521092e-22,8921186407335563e-21,16218467955046697e-21,0.040423440910856624,28842480082834478e-21
25763705836713667e-26,20376494588299888e-22,0.09762301993487277,0.29240145411532653,0.5666951014095409,6457569595980723e-22,2426500510133689e-21,6459936266924765e-21,0.0432642679992862,4586467883513934e-21
20552174384550674e-25,16167470906358889e-22,0.09997882416023701,0.3179956162895623,0.5342325758670704,5400971240777963e-22,23554669888120897e-22,17975965742759688e-21,0.047767442305743466,30510450615861103e-22
16480040179226533e-26,22224842459540085e-24,0.07390049878101984,0.3148177603348524,0.5697563705658946,5242939484033724e-24,4485784767508795e-23,11081387717855345e-23,0.04152514513489337,4187900863108479e-23
4340061799612879e-24,38088514585815315e-23,0.058907382977540945,0.30645448874215,0.5987329847689908,1031856831596067e-22,5934203993099955e-22,16427396640830347e-22,0.035901389748635826,10291916527295656e-22
197697905589718e-23,20742415963405171e-23,0.05024495690845237,0.3105848905224935,0.6041896933848032,7182055804182027e-23,24465167336280305e-23,4900657310715658e-22,0.03497908079811573,36244702720392454e-23
398074191876598e-23,4774486591620866e-22,0.05388039808224589,0.30944481256414114,0.6021919005190742,14365354792175274e-24,15212009131181673e-23,1569730836530088e-20,0.03446653070571952,12905464636216887e-24
17808871072811516e-25,21063247615555282e-23,0.06135567188630809,0.3062348774551674,0.5990557593378406,9371420351444372e-24,5990599340731727e-23,42175078177125704e-22,0.03334917312488216,18997359434161292e-24
13546744868270222e-26,13577824328084886e-24,0.0959957156098243,0.27924278349060155,0.5940234036213897,4072388804195711e-24,44883717121569635e-24,7534815456399344e-22,0.030737189418359363,9170892994320857e-23
4043218731259289e-26,3921833387301348e-23,0.096225572840285,0.2806868030691946,0.5931605269383353,252556399380228e-23,9059768032299708e-23,20570981609902308e-23,0.02992655493116308,20412947431234214e-23
5172562294235699e-26,534455929150595e-23,0.08912539211051441,0.2852296669812299,0.5953919449087905,13099222595870647e-25,5634000860595223e-24,595066050097757e-22,0.030252917624361723,6528281177309373e-24
12802445741092213e-27,13353950935374416e-24,0.09231681390445205,0.2837045901541039,0.5939334309592734,12760836745386805e-25,32533132313655235e-24,7748567708550991e-23,0.030044961046279843,7927412680332419e-23
292019858388461e-22,41167762483697396e-22,0.08730737984748413,0.2871620448170104,0.5958023158914315,9836019301586016e-22,4728402408584411e-21,5506915135250845e-20,0.02965695971781098,637259235750073e-20
15352684144144145e-25,8293248622922487e-23,0.0220990381744826,0.3022639662086553,0.6503390975891978,17161358909766493e-24,21716908130910912e-23,21500933637797854e-22,0.02529457117995869,8579561134410227e-22
7931268241310524e-25,33754784905705395e-24,0.005578721271836043,0.2979278291180463,0.6714540558919442,16750538738611275e-24,34415516261044536e-24,11980153169794548e-23,0.02503880498790896,38321538751804006e-23
14368306693013545e-25,15885401628636403e-23,0.01260063660392797,0.2956297106552027,0.6662158110274571,3077919280240393e-23,23720394412842684e-23,2545179952917725e-21,0.025548914498534792,1953760808656152e-21
6943175439190163e-25,6245989050056082e-23,0.02037589743688682,0.2938187647613897,0.6676767517356621,1622183843278628e-23,15154962274473216e-23,6360718193781661e-21,0.017994548502361273,0.00012744591997248126
2038103809440407e-25,9750513137282699e-24,0.024290108277648867,0.2903748052813423,0.6655887092208168,4595843888045636e-24,16168025600849747e-24,12956540457217767e-22,0.019731306285686562,13744563975094865e-21
18898771274856018e-26,3884853819229639e-23,0.002334708178984036,0.29749141855538885,0.6793838232124806,645403555163317e-23,3140090705739937e-23,4607369291821173e-22,0.020786835871370455,26765526250816513e-22
4165396341770983e-25,1194732155670294e-22,0.007974377232566238,0.30542460301332586,0.6639228800804062,15697378597664876e-24,9444330478553294e-23,6804499482585696e-22,0.022669884757493878,7344436083847542e-21
8390508483102368e-25,3364750487956472e-23,0.0035025259427627618,0.31203917741000414,0.6609717102211646,1656837510608666e-23,29168428743060405e-24,4261736707877057e-23,0.02348588504048223,5785443619928561e-22
7615747825929648e-25,503479760604415e-21,0.015053377624226929,0.3132908401592845,0.6518773919422707,40822313078693553e-24,20811480794842438e-23,12192894162056628e-22,0.0197183010452935,58116761032844406e-21
44961474773753906e-27,4866649475274566e-23,0.01772012204034995,0.31875831786772235,0.6439198486390375,7186410663091582e-24,2852274178070124e-23,14512373236182924e-23,0.019598204339370817,3277567427958776e-21
680948408403914e-24,41665747585358615e-24,0.011239937192225307,0.3215654960241841,0.6440978285141389,13145084427507564e-24,3288066534150406e-23,28782548690122993e-21,0.022484186732491616,0.0005836806152267767
25648516068482816e-26,15167279101292027e-24,36516219279871483e-23,0.3094638649396257,0.6557031888926542,4761820696521528e-24,7417209642693659e-24,5121877935218151e-23,0.03483247811886241,24065350840960373e-24
20947103808442546e-25,26738595236681095e-23,0.011774259045673084,0.3079220343941046,0.6145990941535928,4740559178872777e-23,9987731106581212e-23,0.016940111026486217,0.041772602970711725,0.006991481645853591
4034253580754516e-24,41468719858449595e-23,0.011765028783183341,0.3209636634146061,0.6025698165781262,837333383668065e-22,13991572400503005e-23,0.011791727335750712,0.0529086091328158,5123851247738492e-22
19638773285509516e-26,15513828704054197e-24,8063427645015915e-21,0.32146362727567596,0.5936645075748008,3856178336345394e-24,6270650208626675e-24,0.029850816875315416,0.055012886547259734,7246226355431323e-23
903223073197564e-25,9504894499189632e-22,0.0002181260610385611,0.31695036305240704,0.5985615635269992,4699766368586085e-24,5201719645704331e-23,0.02794319390764479,0.05629371925521657,32026899978825786e-21
18260538156727117e-25,2151326853199661e-21,3939261910144934e-20,0.3202960597074239,0.5933815408493788,3744411698193233e-23,12945698253138332e-23,0.030644321766707505,0.05558340815292382,52956849505202225e-21
1211684079135477e-23,996660092570159e-19,0.00024956947074867815,0.3238002628443145,0.5836425271348684,16925772469741752e-23,6470765344939086e-22,0.03548177731380892,0.056713747069708755,116217085302453e-19
6553738190658863e-26,969008323657919e-21,8380945387030317e-21,0.33536087267146547,0.5784635173629513,9042723244889818e-25,9198484047014191e-24,0.03094533749677954,0.055195803996188855,2510835064527919e-20
7939162458092031e-26,2117449000130102e-21,1534961037793514e-20,0.33697763412975484,0.5743500177837874,1845123174601889e-24,12860128023235884e-24,0.033140023772946,0.05516716083812166,0.00034768163173334757
46585371572177025e-27,18221374654501266e-22,4627362010258564e-21,0.33653283302851605,0.5732965292403019,12689956877529069e-25,15950091383549608e-24,0.0347729275238867,0.05515467877773604,0.00023656466425120765
4881153227126703e-27,25993684198998105e-23,413966808006954e-21,0.33172689888576146,0.565729095063824,1233355227246848e-25,1944978383686764e-24,0.04384932534868664,0.054771447938072634,0.003922556786781822
8564210721575747e-26,5274424404220532e-21,14968087469674183e-22,0.33523261282878025,0.565026502329547,23730977744061775e-25,17159994271272814e-24,0.04335815687387145,0.05466138299649056,0.0017145541194417597
8215096881402722e-26,878987273957489e-20,44880385025217233e-23,0.33963985541054204,0.5591352453541927,209603328368217e-23,1002046417839071e-23,0.04495809431766825,0.05599566324648303,0.00026189079558537484
7220191169539911e-25,2188465869857966e-21,43972713217392827e-23,0.31791501250845833,0.5615918829320131,16201661989006204e-24,50351815096647105e-24,0.060853738233649306,0.0596340110286358,26598286709442723e-22
5088532636705386e-25,2634814751950434e-20,1616999962032889e-20,0.3117232776710124,0.5732510585865855,3829278898140114e-22,17705457849726942e-22,0.05733665691624593,0.057611991362833896,3234339178068937e-20
3254771740227306e-26,2578437417610188e-21,29717943483896186e-23,0.3032780152776298,0.5830329973547319,3968565493749356e-24,8696031374831937e-23,0.05992731858179579,0.05374791587373667,1078633383428098e-20
10266124569722326e-25,8571744547903057e-20,15013100731779717e-22,0.2997295174047038,0.56196623471948,4493788390986663e-23,5161583528210473e-22,0.07855849867476188,0.0581685928083673,0.0014893755143038855
16082596193973502e-26,38791347458380374e-21,6952917542405857e-22,0.28988046849962223,0.571917314515509,8209723457757688e-24,9107514024461452e-23,0.07051121946054843,0.05570387978756386,0.011947531651865002
25206124582075944e-26,8920650565560986e-20,10989317893891614e-22,0.29515228774894026,0.5638472965981695,13416755295242214e-24,16199752023239458e-23,0.07107130011813241,0.05708347047496397,0.01275516395599652
13509736407032755e-26,23288071413680414e-21,5051684253343532e-22,0.2859514546448239,0.5630686902215226,9609075442824879e-25,4039584906233103e-23,0.07513600091991883,0.05319511463211089,0.022624904849951586
9101080234443191e-25,28809625063888905e-21,2581247784938647e-21,0.2816850015933028,0.5644396162806447,8374136132169277e-23,46573024310118694e-23,0.07664768593776312,0.05217072447159244,0.025025030462131278
13451588810155668e-25,13976640189496797e-21,34410359494357815e-22,0.2841301349962164,0.554639457082995,10958829961703641e-23,7210788065643647e-22,0.08298199621137416,0.054624257466703637,0.02360590455429837
7678135408676486e-25,0.00014555480332728351,7247936127067896e-22,0.2855293698584721,0.5561194512711991,13571016558565128e-24,6512310619912922e-23,0.08046669050129722,0.053940101770794655,0.023798027539367834
11897963068666068e-25,0.00023110601883325927,5210209349375912e-22,0.2824055798314139,0.5602187961758647,18861188177594837e-24,716975649964598e-22,0.07917701956393318,0.05243859079711209,0.02552829484336002
16420253252326486e-25,6975825978711331e-21,44703575059902705e-23,0.2851700985960519,0.5561582937782059,3084070183288582e-23,737153508977116e-22,0.08099294163657698,0.05473095612636545,0.022940180802987275
7479017196899002e-26,0.01589846727237149,11282204982383851e-24,0.30025077319509347,0.5328149741868823,15747677613556124e-25,4648545037796325e-24,0.08249954851532863,0.05767250166931599,0.010863717580696583
1272475463973554e-24,0.00033537257736772537,8266668914579248e-22,0.2831481915594757,0.5669787982243583,21017263357098982e-24,9071258816186634e-23,0.06589884639834535,0.048492974161671275,0.03514487740955307
5716630661874472e-25,3380146273201454e-20,68326075556771825e-22,0.27063680031870646,0.5708216818366156,4555310783179878e-23,4853013450989366e-22,0.06617347285539904,0.046226873205006104,0.04610000628785732
13378493539298006e-25,4367633121330669e-20,27191931688358155e-21,0.26666453476053553,0.5821568432265801,10022299311041007e-23,1245400575852984e-21,0.054154130679021875,0.04463505322112348,0.052317222888427974
2091588461477401e-25,4768141427844908e-21,18506194629423635e-22,0.2655345103714377,0.587595502587773,16630135176409475e-24,15283428432067582e-23,0.04956606056369746,0.046807401173516144,0.050489736869190505
4797778775358674e-24,20210327606204732e-21,6743144598288637e-21,0.26336916735525917,0.6078014233024743,7263810063971026e-23,2455441086581611e-22,0.02981701107974319,0.043473743319759055,0.0555113784925413
18814962809519857e-27,10850997896338767e-22,2309258557500156e-22,0.262748049922904,0.6004100203635093,3540756738781988e-25,987116346349948e-23,0.03772331086331351,0.04456434877959992,0.05455294379803626
8616125473282995e-25,383521532189662e-20,7418173862223955e-21,0.26138806536378,0.5838773393277368,5807656200698651e-23,30670856523291183e-23,0.058582926265335636,0.04604849511933611,0.05009155488495564
15236151410822174e-25,1048994306081871e-20,7961251069417473e-21,0.26615026893937427,0.5792774287531843,23124299668087247e-24,7133619387774114e-23,0.060423799423487336,0.044998330974939,0.04913162473064333
69294276500297704e-25,8153080814358623e-20,2070748071556669e-20,0.263622699490282,0.5784565575878651,1039125179401559e-22,29497842405751244e-23,0.06220235784053175,0.045362110641450785,0.050253630329986955
5114182525354066e-24,0.00014173744868843614,4777350403950568e-20,0.26347352802377283,0.5875142017810954,3137331070609999e-23,38257589389007986e-23,0.05490640870792723,0.043140214623892614,0.05077571684719042
18305973881052473e-25,6114515895579743e-20,5583677248624609e-21,0.2665779416602333,0.5950473553629195,21232850457805735e-24,15481557195844407e-23,0.04854727534132127,0.03788381244214965,0.05187670847799763
19436017754156717e-26,4965168109698564e-21,12062253083273307e-22,0.282841897097282,0.5639706911880804,2195340046041765e-24,6471174725921803e-24,0.05390708497521733,0.04768486294039092,0.05158928354474104
9027218008566492e-25,0.00016314703504543573,286007706686195e-19,0.2857488366046737,0.5549404849404099,8687478764233853e-24,29724569373654206e-24,0.05808528517752025,0.048236127147048724,0.052797479009859906
6146181643151034e-24,0.0005029744998384815,25548850829626293e-21,0.28409259796386355,0.5635230810966759,10243006019111536e-23,2063191508619965e-22,0.051010085015102125,0.0454259939736053,0.055419403704570096
6106218410442554e-26,0.006279602112234356,7043549911023845e-21,0.2862705707980073,0.5590400711926466,9945043664623316e-25,2053314080291888e-24,0.048628309062575745,0.04771973335701114,0.05205466681912255
21677499451445475e-25,0.02069616204832015,0.00014042361643578104,0.2873638496169099,0.5476928438871685,3219754787901852e-23,19557366182812322e-23,0.05460299009221989,0.046731775273600985,0.0427717255262221
12165159835176755e-24,0.01283368983377083,0.0001696449257213513,0.29258226302745605,0.5498898515556435,2531117855947912e-22,3098720944144109e-22,0.037220879841486997,0.04853869181276993,0.05876440385493329
2349211293200764e-24,0.007803327858410037,0.03508817555909848,0.283908886818361,0.5370940975312586,4561583800939975e-23,48832939054573607e-24,0.03576917042912404,0.050456723877410674,0.04987952112926196
9030934372992659e-25,0.026170419823819468,0.007980658810845264,0.2979489795314736,0.5180484375014763,14360431964201332e-24,2780840025292098e-23,0.051771321828762415,0.05182793346830767,0.04625220596424694
11641849780092735e-24,0.04954321290509078,0.0006833080239801319,0.3129374607109141,0.4902738877730456,2500557580949261e-22,5070654179110307e-22,0.06091056879231615,0.05217050232512952,0.033480290706505565
940808471879762e-24,0.0364306436331202,0.000679232457575227,0.29811489747565806,0.5067172211539064,1835502463630048e-23,13071872494255745e-24,0.06896668760551189,0.05002921484891725,0.03906207045681285
14610758057349327e-25,0.015128473560773065,1130890521358606e-21,0.2405964269657409,0.6320267718528287,2208018973371258e-23,7362564980738869e-23,0.03267410420434902,0.041342898521755996,0.03823009683719581
7638986240934305e-24,0.012199596041457265,46648236656953086e-21,0.2487517786071842,0.6277305288906547,11120321155619432e-23,5493524155601745e-22,0.02769235990009747,0.04158261091406862,0.04199580921472847
182916164616677e-22,0.0019095539990584569,25732650070867074e-21,0.2451831885632272,0.642180983673729,22828232931164585e-23,8872846775627283e-22,0.021715036450685545,0.0373823955712683,0.05160197523332343
1788032354794156e-23,2121081215376777e-20,60635714238143214e-22,0.25258737458814107,0.6338584435189761,21789092598257883e-23,11633381456107657e-22,0.023508420101783375,0.03994023981161458,0.050076848486302145
8062108075528144e-24,0.0001963768962589993,7528102161354816e-21,0.25019251346911275,0.6305826328302588,10668040710929698e-23,5531322619430094e-22,0.02568521341811343,0.03459674568524422,0.05873832172545117
6098880964700859e-24,0.0003842486351859927,5677429838809415e-21,0.26429994492052394,0.6084523785135579,7645001310382665e-23,2516171404409498e-22,0.03592532263301533,0.042343536304679956,0.048588557397170135
6972057314271867e-24,0.00021961043761662902,8704946237932412e-22,0.26005121783380936,0.6090950295184718,8932251721314952e-23,2886835789973303e-22,0.03605833604322747,0.04363466331673897,0.050939887377363186
6737987915732806e-26,2769012188123357e-21,9880955507051817e-24,0.25376548730370607,0.6157983817845153,8747099189565092e-25,23964589430683368e-25,0.034044740672040864,0.04331969907151359,0.0530689089352409
14420585572298139e-24,0.01872760557918025,19379700528903016e-22,0.30284663432723935,0.5220613711244242,16512442303810652e-23,4751817349445945e-22,0.0451270823434846,0.05310410175310836,0.05813061217577278
7818057295720742e-25,0.06441908469782319,4078235958691611e-23,0.31996479130702327,0.472631621486776,15968447858935164e-24,8862455513303406e-23,0.05434802153505645,0.07620913604142886,0.012427198774726297
7523457491740844e-25,0.07487604331286717,4844635217897534e-22,0.32661505809726155,0.4315766684581946,8208022086270796e-24,1942617111866143e-22,0.07163813216592414,0.08126633821897346,0.014027072061184465
5990876301743022e-24,0.08174952565944733,35377983163478058e-22,0.3305181930465053,0.41276222091987014,3091845772314231e-23,10380312917927207e-22,0.08130784264525492,0.08456599275049612,0.009091612239296365
5582726624847829e-24,0.10105720232893443,10342512677974772e-22,0.33720033873848654,0.3806981520985685,1224468264965556e-22,17559213964272151e-22,0.08746131088086243,0.08892171899499869,0.004658358755959457
2751488147936312e-24,0.09580838219584671,8776726171435243e-22,0.33309608276604974,0.3848431419751536,29346682862757256e-24,19890291656232335e-22,0.09128421057430194,0.09030809184425939,0.004657191844678007
21264512807502607e-24,0.07787263638510897,7899754484983218e-21,0.32831485651725084,0.3882894765553905,26742237940158605e-23,4745247947876906e-21,0.09163737913274755,0.11285502798380975,0.0010176897363670943
5926583220228256e-26,0.08966992526907447,5505928549799486e-24,0.3326850741565558,0.3780919389715471,7570209370244611e-25,7318280734287571e-24,0.08651697583776272,0.11303336162393136,2710500618449708e-21
5202742720404491e-24,0.11825300968438973,22245551090550266e-22,0.3246253347382619,0.35877026845970666,40361515147707956e-24,37962633147851226e-23,0.07915765320089166,0.11919059678726344,4873837116379209e-22
531511075020231e-24,0.12635203504897172,9127823852547712e-21,0.32081253031696744,0.3533448841615897,21417974386674308e-24,14003532566053616e-22,0.07838045930317697,0.1210935184460665,6022596456384781e-21
394529409818862e-23,0.13015644424589848,15894788052516833e-23,0.31352615960181834,0.35219754634643063,8891847278588138e-23,10520402558423333e-23,0.07540660830071592,0.128712798471864,860175751459292e-22
21466000132660725e-25,0.1382205525550418,1465003076538142e-20,0.3136601106271926,0.3467093545206315,43807179734780406e-24,1940848196867071e-21,0.06436273954135888,0.13702932413942598,1281783640926478e-21
11536505044213767e-24,0.14744754314954792,544670772104435e-19,0.320055768659008,0.32604585912390643,19524182527728865e-23,5455124812453469e-21,0.06948168402060571,0.13690436475744652,4651309012978159e-21
27423811244527954e-25,0.14443324750040482,13397718957361673e-21,0.3163950447087242,0.3306915545567745,1749166592550661e-23,14300362414918048e-22,0.06991318977985915,0.13855139300549055,7224594858087061e-22
10213604007404183e-26,0.15087843188025335,58980569766496236e-24,0.32046408539169685,0.30611536858431604,13995731126271649e-25,7783349441553818e-24,0.07968271955312221,0.14285932072237698,5602602343967857e-24
12151896629545539e-24,0.15532930882537074,1874536751320174e-20,0.3203004812982722,0.2983834615401128,4553443359915463e-22,3445628187055422e-21,0.07817736204787464,0.1477845234022204,22043942245864444e-22
863349664601698e-24,0.15868086022673852,1536956384173291e-21,0.31599656974480117,0.29512237608850844,10856002735583805e-24,10812406210912901e-23,0.08514936085581308,0.14504912123729952,5504703924922829e-23
5961467316296526e-26,0.14991358670049446,17042692003023802e-22,0.3062947777499094,0.31360510014085474,3797194915763778e-25,6791416334985938e-23,0.07498733749495236,0.15519741042819618,14862659395223031e-24
11454712439353257e-24,0.1393461899359311,564010984657114e-20,0.30836960091554094,0.3088833566502928,3205500160362892e-23,14092220300233032e-22,0.07319593782941401,0.17019724017841925,5816488109749003e-22
4543732819400632e-24,0.1362306898603338,6693731118762284e-21,0.33045128927784134,0.29503503454778734,14070973428605275e-23,28568779135766447e-22,0.07686591268329866,0.161407030548554,3472198239498342e-22
3239985473406849e-23,0.12205961453503657,0.08878229445298946,0.17645855333247068,554954705438914e-21,0.057317997863354904,0.4239914275408883,5539871938843042e-21,0.1313836815424161,3035059511338491e-22
2337215289389299e-23,0.1274103998072284,0.08622960083171666,0.17516335421861143,2479078235921367e-22,0.05540294488820726,0.42137195835340663,15660132517370886e-23,0.1344176855805896,36284389381915716e-22
52234872628846595e-25,0.1541616302864275,0.06697879589320871,0.17818562874708038,8260158511160528e-23,0.052078946247269386,0.41815899388786276,5221548009784469e-22,0.1304352604071183,13455115952090675e-23
10006601108208126e-25,0.15483966586584835,0.07193299528793319,0.1828052910128822,36301816617474655e-24,0.048262307249646655,0.40802771712113617,28259113441633785e-23,0.13413166339662427,4017176196097426e-23
4857342788398071e-24,0.15221574425601156,0.07114650229243921,0.18199304797562454,2808146751573848e-22,0.04995116068250008,0.4076631917902985,2161054940378634e-21,0.13702512327297722,27830031998834377e-22
3839315406746348e-24,0.1592225331095652,0.07166644026492805,0.1830630098457524,7789593761004036e-23,0.04959039736475692,0.396123114503557,44141507227518545e-23,0.14033354307947896,43868184967593975e-23
