5042490064735455e-25,20712484715262345e-25,36128753612012065e-25,24171345504615843e-25,34614470766539284e-25,3622132425875027e-24,29325423918484012e-25,0.9999999659460261,6966462472659834e-24,8465882632532861e-24
24303652755322836e-24,10274720079764677e-23,2346975741828363e-22,17152319853491314e-23,35408091641972795e-23,23769435580781471e-23,22243885693661524e-23,0.9999976047669842,3604822340934664e-22,6872650259844982e-22
6981236594455564e-25,14818170200389682e-25,7356040891034355e-25,1012732524193831e-24,13165447236569545e-25,2754168849131943e-24,18592342456629437e-25,0.9999999302095517,56097094922079285e-24,3835139118840773e-24
4524419875721141e-23,6290502588364882e-23,12044336906161268e-23,10009008345649609e-23,4615477376425729e-23,8084336848338453e-23,3312150869709118e-23,0.8512570882100794,0.1487423322347557,9075284059690614e-23
20067644792013785e-25,3588774985676816e-24,4360342741336174e-24,29700363222398537e-25,35759058833750745e-25,4962617841851531e-24,24302758459583545e-25,0.9999999351368244,3572262814119928e-23,5245804026282903e-24
30649557966641465e-24,663128278704122e-21,1374446580571716e-22,14094512389405854e-23,7058917563569674e-22,3211026176735991e-23,14501398652423996e-22,0.9999953940647361,6964272829075967e-22,749197878616585e-21
1614156233918339e-23,54175874488236734e-24,318217461338682e-22,12963501103568461e-24,4485619714231058e-23,14401214835705518e-24,9711912590050308e-23,0.9999968398811065,28365766551101573e-22,5205427110652964e-23
2980803270414036e-23,18582357833405133e-23,6454154916906504e-22,16613655160122797e-23,45514864834349967e-23,23194702127726443e-23,6445706501902337e-22,21827254971182034e-22,0.9999949709625555,4874619731094378e-22
3246032025405923e-26,22194476144200116e-26,8423967247639794e-25,2484417443675783e-25,4917583020578082e-25,3087804259692506e-25,9175319226537248e-25,5635412254577149e-24,0.9999999907437368,5575522769614457e-25
8023505500729022e-23,4103338399066855e-24,19556363021090743e-24,17793815289631631e-25,4575347663682267e-24,17073060424892933e-25,10580264213290236e-24,4581852359642358e-22,0.9999994168822818,23954270342277706e-25
11352781540831899e-24,266430582248309e-22,1537044532245244e-23,1583722348407122e-22,17201197162450516e-23,22197212137207312e-24,12073293366448498e-23,19695621859030232e-23,0.9999992481513301,28211825346213433e-24
3075276698738294e-23,24956646118980144e-25,5645575202507809e-23,7740983014218666e-24,2676136230273966e-21,16328684847914864e-26,13692776112020834e-25,7661335488266105e-24,0.9999972170651297,15970018405467437e-26
5454864262481169e-23,13788803356760343e-23,1241770269115673e-22,2928926247136009e-22,12081684364039424e-22,29321366688512676e-24,16688169781977404e-23,39926275784417954e-23,0.9999975252065548,6165406577023337e-23
0.006533777519856069,15841670409758874e-26,10712216719273967e-23,2488287764457994e-22,0.025173580526047904,13545613395030823e-26,23994326425218516e-26,42623438132835875e-26,0.9682922848653402,17865816324064621e-26
17793246209280614e-24,0.02726559029441241,44374504579500163e-23,4147928290536296e-24,0.31435022164193943,9289063150938042e-24,6659134861104352e-23,28620064010803937e-22,0.6583807678242146,16665603498162358e-24
10218188798214362e-25,0.20937936158918743,4955108535396355e-24,179768517182937e-23,0.39835572036888467,9554455641219668e-25,24253941358180447e-23,24432824713560822e-24,0.39226463957848107,2761058313576711e-24
5223699828133104e-22,0.24087333158274685,0.3272440511060233,145103045133183e-22,0.3148719723753038,28876135357207463e-25,0.11701007900102509,4532371252776353e-24,16972623442840873e-24,4662014453331523e-24
11858004796003564e-25,9937106159571077e-23,35055333448332636e-26,26514349702924462e-25,7881727244234237e-24,493276129397643e-24,4043143107724606e-24,4381662470916578e-25,0.9999998829939535,5908862887373203e-25
25887490964404606e-25,5128668760296193e-24,4382615401434717e-24,32671217881313317e-25,24593197264217936e-24,17363359704367895e-25,10342786491019866e-24,25697000485500297e-25,0.9999999426364913,27544703971366635e-25
33912634913312306e-26,21244898446371947e-24,10554940456125603e-24,7359936244896068e-25,12904740750776906e-24,7339382326611637e-26,26236147836688376e-26,6265055011402941e-25,0.9999999530473932,21064612970339112e-26
44394707318679905e-24,5391555548939247e-22,7532507050174149e-23,11415728432859962e-24,3765593724885518e-21,12108456022691179e-24,1502916465851437e-23,1866959823560234e-23,0.9999955012505091,1705748612652258e-23
21776022555082948e-24,22714223980077218e-25,3221976186784672e-24,11745537628495177e-25,14955460784958927e-21,13249179494728017e-24,600287532199964e-23,74269022164706875e-25,0.99998498239624,701993427559505e-23
11153279935219796e-25,18805222670773496e-25,2543021154754201e-22,9769826482097695e-25,0.0869298017213289,4498734961019373e-24,18330373654305203e-25,2071982040040582e-24,0.9130699299480647,16518201714641392e-25
1726518063662473e-26,2920554013111999e-25,18859303474934405e-25,10476893359117956e-25,0.16868019071698567,37242743325810416e-28,1962838624748639e-23,1856248748952847e-25,0.8313197857759458,4464309820680755e-25
49663600629462975e-25,20216854937828974e-25,0.0351064903052739,15735505771973989e-25,7367347943270859e-22,2292718564024706e-24,21398402623575117e-25,18168724553868865e-25,0.9648927559283954,22215714900682904e-25
743715368868809e-23,28662679556510365e-26,713764550787995e-23,2686452876278635e-25,0.028727799114573665,41713606988093235e-26,29229664382240377e-26,29488769377756113e-26,0.9712721844083941,34784390239536985e-26
20741971880095935e-26,11203309770555983e-26,17551272841725781e-26,12640413062178863e-26,2632974896782012e-23,1181309782433626e-25,13512141089087822e-26,10677946293590347e-26,0.999999972539622,14935141450589718e-26
18042690015817216e-25,7707444334959293e-25,16791654450007497e-24,9246841230638405e-25,5385460091040204e-23,15703600860739655e-24,19051411867714202e-25,10606046585702124e-25,0.9999999052453442,1939355029759552e-24
25441135057604086e-24,11669629836413737e-25,18988091034441883e-25,1664121385117881e-24,3760136183389458e-24,3755833708024499e-24,14131491204098608e-25,15704529462605005e-25,0.9999999572409176,2088520866780441e-24
0.003496197644610457,4833230842285127e-27,34350472212749856e-28,18512928891139273e-26,8728344189411433e-26,9487860235384094e-26,416304464481651e-26,19666635499260847e-26,0.9965038017267651,521453302387667e-25
0.00040750987282209955,3151778613536543e-24,4528301665528897e-24,59235563760003205e-25,1127168503408e-20,2611885281084838e-23,34674221767212085e-25,71293976698115405e-25,0.99959242173023,6805852559390056e-24
0.0012322282775470875,18059659927395833e-26,25929156858289796e-26,4444065073899055e-25,42780826452103256e-26,1747949721692444e-21,2330462492465039e-25,7743858683992488e-25,0.9987660207736879,6795602103355773e-25
1625216106774106e-21,62193275920971945e-25,982821203017062e-23,10365769515107935e-24,12485930370521276e-24,18082892093754547e-23,7724660046566831e-24,15082043850672495e-24,0.9999981176937207,1455459621509812e-23
0.0023015688350818356,13020037166481081e-25,18551640630229238e-25,12515116158125546e-25,14873343114066885e-25,2803323750245748e-24,1600022996975932e-24,2765228096129021e-24,0.9976984151619596,29383576302599032e-25
1307549543795984e-21,14089530657286072e-25,17595999236247442e-25,36910138905316354e-25,31695820419439287e-25,5929665369300575e-24,162350491972498e-23,2490146624964856e-24,0.9999986698310327,25407929362693457e-25
3469476189359883e-23,8564074785326536e-25,10503726194135385e-25,192933219794869e-23,18456055656134125e-25,32638180951272108e-25,893520773445942e-24,14543093526405842e-25,0.9999999525947567,1417120031483887e-24
0.0032591361157037666,428763795160876e-22,3489341927254193e-23,46261133148157724e-23,4276229194493766e-23,0.4333680422766299,7444209394829196e-23,37015092325875737e-23,0.5633717199161331,7395503162005617e-23
0.006507730804376561,3220378860779071e-24,33134037004392156e-25,9529375019425264e-24,28486553743949332e-25,0.856588391547188,5360357275737778e-24,12818852727752397e-24,0.13690382571526719,14842144714321874e-24
0.0034747749449620356,4359965191580229e-24,31928063477318566e-25,21015892990472573e-25,5243037420504801e-24,0.12838404584341342,7211735640487141e-24,0.868141113853526,24299746509982597e-24,1894924163864061e-23
0.0018247557833666215,16926705955313336e-26,2193635257681617e-25,5134831323388937e-25,21185131707896993e-26,13240624489207858e-24,21099778039817244e-26,0.9981752289602746,3388104464445192e-25,35102812728093973e-26
8843570134515319e-24,8581714945780156e-24,9187501476361828e-24,11650807171804188e-24,9855467820809619e-24,0.015549960460939479,836293772775998e-23,0.984449940446571,3128840836953078e-23,11321858890568088e-24
50063603326213855e-25,34854204121392614e-24,7025438860114028e-24,3412445761576262e-23,17587085010107974e-23,0.4980566876695223,18466033408163878e-24,0.5019428056078253,21806509720654604e-23,1331021322599881e-23
10699563287055619e-24,2344173281990316e-24,22190773628079092e-25,20255856009701402e-25,0.006190646797847415,0.3502736528060447,11224748747281014e-25,0.6435356097519533,7011840136065153e-23,2107270549286514e-24
0.0003430505973788117,16084290811624817e-26,45591854761863776e-26,17937074969609576e-26,1515616247210688e-25,0.11563516413030561,22874997561187915e-26,0.8840217831550088,7222627856524138e-25,21859858030223218e-26
8292875499521565e-25,8386666471338735e-24,8128145236315498e-25,11255561434302099e-24,27576702363181383e-25,0.4118908435394969,6162785698632488e-24,0.5881090953007554,27240019295377317e-24,37149959871348377e-25
43513112889027e-23,3625757760299816e-22,5701762105979958e-23,18235326643850643e-24,2641153358727237e-22,0.15852270081931027,1059844901104395e-21,0.8414754438591913,386498994721265e-22,5444750705130352e-23
9298971802604921e-20,34989830248493046e-26,6086079785520217e-25,3781707339580255e-25,37405611294887747e-26,0.13874874698987502,682167279335388e-24,0.8611582598369965,5704579433335002e-25,4917490074088576e-25
45148651856979833e-26,1774432485445414e-24,10629527431469736e-25,9044976225062113e-25,17805251442184045e-25,0.5305810253447932,17820301967173767e-25,0.46941896377956005,1878251070935449e-24,12408026863834622e-25
1343980667410497e-25,9371671080423465e-25,12939522371787575e-25,5992981626979183e-25,12415490125628953e-25,0.4741420594019192,7685973666602051e-25,0.5258579332964917,1363460556500031e-24,9630216972487021e-25
28566484913493675e-25,3439730278450831e-23,1915170302846754e-23,27866193272609657e-25,27687930334469025e-24,0.4134431822651662,8680096195804877e-24,0.5865566851590567,3338321009577664e-23,36322636409790254e-25
496904139586443e-24,15543497391850148e-23,1957706851750097e-23,8441210690736777e-24,23699765388421425e-24,0.4957089836198404,31088629882200254e-25,0.50429080472608,29811048180298334e-26,5972527603433607e-25
14067533180703556e-25,0.15471842956032278,2795485556226038e-24,20904925754729675e-23,7906560255068541e-24,0.3587435735916002,1027395246283595e-23,0.4865376875568761,6205499588444108e-23,1580419284709409e-23
0.004946499637696462,0.3567091823716233,5737531023651817e-23,11614109944951258e-22,7973143960676512e-22,0.27163171989456786,5851530277893796e-22,0.36670967170946267,18493401984075429e-23,14019839895778667e-23
0.0084539016147833,0.5102217607403796,30942349803841965e-24,0.12826759948052413,3114697420111031e-22,0.35305521476573737,2984072171134761e-22,6442547801095266e-22,19582675055540278e-23,4249782382794222e-23
15855283726894785e-25,0.14804880850114438,40695072653019086e-25,0.028967306834520767,19113773332330047e-24,17830570775428936e-24,0.2911854077378888,0.5317984209822253,1078484833821677e-23,25599930798956243e-25
0.002852956915063826,0.20782342884741492,3682197125313239e-24,17233677541037475e-23,4908698891111173e-24,0.3079709633423726,10666930148574765e-24,0.48135245609826455,21010912958748782e-25,11012522567749438e-25
0.001116214361488902,0.10113688096748283,19792391036560105e-25,0.01692442135681314,5703004286609054e-25,0.49942588205151844,0.24575880501415262,0.13563779201274104,1071231746520512e-24,614874831203875e-24
2006107237295515e-25,3899005665171696e-24,3838424091696862e-24,0.28543402715671506,0.02899663423995106,0.685569308480439,3762543626326224e-24,6939169287317923e-24,7689782337107549e-24,379337217751346e-23
35861154832628176e-26,0.2451134553081379,0.08359277989291794,0.5730163587467699,12057322770869497e-24,4211485593363576e-23,3720707320111026e-23,0.09827728540113963,15544553402168154e-24,1336859161832816e-23
0.005043548810324514,0.44254602949939603,51556180388137925e-24,0.28868519583231506,14643854328763672e-24,0.26372460772533146,4096134384146196e-22,1233115503635835e-22,7617615713784729e-24,11389903631512273e-24
0.0024882822849381283,9101187456845902e-25,0.10608813692059432,0.37303490872660194,0.24372544049290107,15290750656184915e-25,0.2746632281559133,3853480670986946e-25,27615640157427375e-26,3183028422566523e-25
0.00292224678063888,2560600564043219e-25,0.11998388777213587,0.31582059377006544,0.40294685905009026,0.043437019956822934,0.11488931573140167,7150105865503306e-23,13171300895885798e-26,5050007839643941e-24
0.0005797779943216131,0.03031293320946097,0.10486241540416413,0.14650138248222236,3971665554988895e-24,10986261646137393e-25,16263334579164677e-25,1100688224531687e-24,2011713430783401e-24,0.7177434811008808
0.004152699923992298,833769035266854e-22,0.1749397967069177,0.1710668453170317,7522351052328758e-24,13130748033557714e-25,2692756544623317e-24,4099695821926159e-25,8579219945822318e-24,0.6498405541577812
0.0029647255432950987,0.09040431394369483,0.017851981622831116,0.6823988512557787,0.2063801253062429,6999195755576109e-26,678766339185828e-24,2778038304304198e-25,29615683488232265e-26,10055756228443911e-25
2840956473483783e-25,5050779341172711e-23,34073279563285435e-23,0.044151283544615894,6548380744844575e-23,32982400117143636e-24,6124351469222011e-23,43794968056066586e-24,1490495042331706e-23,0.9558481065211091
44038546487389504e-27,20465560448891014e-23,19513234670274852e-23,0.04903971789862527,18176776295608082e-23,28245648044233944e-24,21886720073297467e-23,38439421276209704e-24,9708344508951265e-23,0.9509593186094463
0.004133639159773323,32701292420326442e-25,0.29497998167946726,0.5584316233593075,0.14245461911007898,21842939203859565e-25,20392287515825374e-25,2755848075601234e-24,2346314090179405e-24,12406976958505162e-23
0.004204730679913188,2087193062014908e-24,0.13392426509482802,0.6968359487026508,0.16503503798924904,18489781297020891e-25,15271729165813014e-25,4943732727129734e-24,10083756142112202e-25,6117967288923461e-24
0.000729114094414652,37990171941165084e-27,11446800194955694e-26,0.16784908547467933,0.10615499222206408,7247923927101938e-26,0.0019990297963519256,3538489329273964e-25,22312494137936642e-27,0.7232677778113961
41931555404850526e-27,0.024692883278999028,0.4812361877754045,0.3121344343077335,0.18193644994415448,10525429476513413e-25,24566120763072015e-25,2302477411841838e-24,7713550712323727e-25,3806905580340645e-23
0.001034274208549863,6501257252178889e-25,30485383484913436e-24,4732384628565171e-25,717098929699398e-24,10878236373377257e-26,38130546094633664e-25,6498677199262033e-26,17448674153072457e-26,0.998965689304288
0.0012090593365201388,197421133296483e-22,4209117232856486e-23,5086442703913436e-23,3314437232300919e-23,19484527499294407e-24,7439476159071239e-23,1682856319462017e-23,28229029099541324e-24,0.9987906558831776
17317686766061805e-25,3166906406781931e-23,0.03693959280099893,2232064565227702e-24,1411669802718223e-24,7736399817325452e-25,0.1877495539910612,8754427912481012e-25,8981349399091599e-25,0.7753108136161513
18792621716879752e-26,0.023809030448997744,0.6955193425344008,19190670362254154e-23,375494534916663e-23,4775935192416154e-23,0.28067137069952064,14864756925858661e-25,17246569018282995e-25,9498913541417724e-24
0.0035451424975950782,0.11881690784506958,0.08403015431352742,0.16426439522872816,16223252022150057e-24,801535693543092e-24,0.11214860850546227,4901147320574037e-26,212419772795201e-25,0.517194774514582
0.003643319486778707,0.09536179462141377,0.23898735074596536,0.1241294790950977,5908222309777886e-25,28338818946105615e-26,0.5378780536670298,18637561907602732e-26,11566500430936933e-26,1208445835633771e-24
0.005818601737660124,0.12337707625805809,0.109628009946218,0.06857724649555162,2552343784369687e-24,3826739675152343e-25,3767807541895835e-24,16526119193939793e-26,10899392902664844e-26,0.6925990585854305
7425738086231612e-23,4404574916217278e-25,0.14632094787511185,0.05915686385030297,7138663844232766e-24,8184884664060124e-25,0.5464051059553283,2399204451691942e-25,1646170571270829e-25,0.24811699925968514
6744877212656355e-25,0.028514000869397444,8384597889053682e-21,4450581611653912e-24,14832642970993934e-24,2592612743400603e-24,0.971477580163795,18201958606964875e-25,14414063033002754e-25,8543922592687734e-24
10126663372697514e-26,0.007584426062090446,19897092616745388e-21,47693548129185265e-25,17942842263142717e-25,42469281197821305e-26,0.9923956680594166,2789183128712624e-25,31366714202709433e-26,11037514692359684e-25
0.0070619794775698234,0.056101493990244604,12771400939166545e-24,7748822311092549e-26,0.04792442166471814,5038184404231614e-25,0.8889120911008085,3252234277695202e-26,4307283850837605e-26,3382752529377239e-25
12553561440154175e-26,31717543650697405e-23,4771668385416347e-23,18222167798606143e-25,2513063210026868e-24,16316113790757012e-25,0.9999996225560795,1041580943023042e-24,9372565164331552e-25,4480529268617144e-24
0.00512346089806057,1748179082252538e-24,23047932384876237e-25,23430727615307443e-27,0.0463374374881652,9054108416064561e-26,0.9485390971844463,16888776283351317e-27,12353869417111183e-27,23305756026404423e-26
0.0016139570657727656,3478793790716625e-24,27111478976986407e-24,4184753687580568e-21,0.4460200288693128,4609753003356761e-24,0.5523617349096736,35959147944391556e-25,2430045717144322e-24,5317535034902414e-23
0.003067353088598911,10602748898161e-23,6103912214315149e-25,26127055692209427e-26,0.25665760498155693,4143033400123667e-25,0.7402750400029098,239582463247257e-24,5419110020258984e-26,24118854490283213e-26
0.002195604159263749,11639029394879783e-26,12854792398345935e-24,15567263265494188e-27,0.2014292172382903,4265835730763984e-24,0.796375127338273,26061481712234703e-24,10951642128990037e-26,7840605825904488e-24
0.004710665076131408,11071156213602825e-24,9685996628623682e-23,56824996133616855e-25,6928731690368966e-22,10779420308246926e-24,0.9952883829896545,5197231733815353e-23,6151288392047252e-24,7655148666056494e-23
27174566196482426e-26,25533669134682334e-25,0.0013857518653971283,5002375190286795e-25,3502999444937076e-23,1350449743256231e-24,0.9986142001908167,15441304004502537e-25,9561854984518306e-25,5760535107567771e-24
12091552316992375e-22,7072441220885421e-24,7342179720450298e-24,32050564619275062e-25,0.3445871143447293,28519122083367516e-25,0.6554116482703833,25649820881470037e-25,17743876488610879e-25,341810488425164e-23
0.00796128415988322,4156496675883018e-26,8055550874995823e-26,54911283858502167e-27,37034040106123303e-26,3929574308623008e-26,0.9920387151117495,53786080254610776e-27,2885868174219171e-26,5889080028383285e-26
0.00807803434907917,5643675214920359e-25,0.0543764780109906,21721006106673522e-26,2173185397627931e-24,17124810723117051e-26,0.9375454841067603,1781412880015732e-25,7817504230169654e-26,15099368468434396e-26
78838705064129e-22,12677401922300989e-24,1865838310829493e-23,22907400081352753e-24,0.7066169011009014,149508186991618e-22,0.2933829817193878,2803055262717629e-23,23428274663117278e-25,973216907417785e-23
10766990420247033e-25,12858680200389414e-24,11067456421843269e-25,2818272044114205e-24,0.32383692178722,9474421298906225e-24,19260966772601157e-24,0.6761630277800312,1371763848310703e-24,24652115649555257e-25
1355493093357405e-25,12170487314241693e-22,2444917948659749e-25,0.08005001058645837,0.7216546173555151,1096005921059431e-21,49026385765498175e-25,0.1982930498442688,1931396209943551e-24,19450342444261584e-25
45970247722113765e-23,3439647565578447e-24,0.14238756600938962,9488390321447465e-24,0.8576119304361054,64557095182964155e-25,1635522131865133e-23,3434083674762573e-24,28957897308260443e-25,17831850369259786e-25
0.0002459333864370871,6810253925933636e-25,0.30843051299844787,2638110832282599e-26,0.6913235526429141,42644313919636654e-27,21104741624221445e-26,48045446807432e-25,3477148672111591e-27,24368104288326633e-28
0.08374295768654762,0.8854419946702607,7081222504112307e-26,22929063488529135e-26,0.027934847565965648,22771057852256e-23,0.0028801543065036044,34985259047069823e-26,4469935087904689e-23,2056788411242208e-25
1489409291520948e-23,0.02874886126420591,6958693420275653e-24,1481274611831167e-23,17643300768791477e-23,25244212590361016e-24,37658874365122747e-23,13924632496747413e-24,0.9712504929220169,16957649692184312e-24
0.05443882238476097,0.3549918661026177,0.5905692162888455,9212712329557381e-26,7383244118893239e-23,6358238082917604e-25,25246249605800647e-26,23788541775273914e-26,19784999681351944e-24,3889925566353851e-25
0.008961554746591417,7467004742793446e-24,0.12322416673542293,6166867578857763e-25,815328267377492e-23,2075120379534353e-24,1011117686528616e-24,10955249911032702e-25,0.8678142578238577,27566355719721755e-26
5243161253791048e-26,21250588678381431e-26,0.08611708970455975,39700440135985916e-26,2017988871564663e-24,10216498628601122e-26,35564261471152933e-26,2267810634962645e-25,0.9138829062640764,6673123512731311e-25
5331981668564946e-25,2126984767718951e-24,6236106761057279e-25,5191256431253804e-24,6645440576718147e-24,13467066326602078e-25,30930010316784928e-25,27880070873751175e-25,0.9999999720649217,5587940655743449e-24
4698632474540042e-24,1037023356957378e-22,0.03549185757629212,3139544162091302e-23,4875300125291114e-22,13593772322779294e-24,9313275298334448e-24,8405829637269188e-24,0.9645074615087503,22274926744671883e-24
15423279873642615e-26,17597296681196473e-25,0.07886483837751815,4973964586622824e-25,25388758340902107e-23,3982648164922989e-25,34766203938357255e-26,28980592385029877e-26,0.9211349021647276,21230775047344337e-25
28618150791905985e-24,10291336977651763e-23,0.1574275882965508,2326458423511821e-23,13374038436896e-19,22737580976311748e-24,3866509456962658e-23,21700602214368636e-24,0.842570722541862,1138583559377356e-22
34049588659560405e-25,16136888914275053e-24,880452087812471e-23,7270762184602314e-24,1277797748433641e-20,34316795223730606e-25,35382943892950023e-25,2978903990942175e-24,0.9999871667118934,9744608192287439e-24
4937578823640268e-24,6165880944161341e-22,16689840346340054e-24,9821905336380042e-24,0.051639112648923464,4741534708495241e-24,5537827725743797e-24,5700021912735839e-24,0.9483601464211436,7691312711939037e-23
10724052467024804e-25,23491234297213245e-25,29567015124812013e-25,17629917354943973e-25,0.046721328702680184,921392956015705e-24,10845634745697212e-25,1191344343603718e-24,0.953278647926339,12032441367917348e-24
2969070559604716e-24,2875650934026276e-23,2490348203588801e-23,6007928095982448e-23,0.027894859427374578,4099767151119472e-24,26179958987441647e-25,31495261084669244e-25,0.9721047051868096,30881018359015395e-23
8012179083856245e-26,0.07090640622849298,3320705473573851e-23,5512534006059356e-23,157031430724988e-21,10457832293661343e-26,270673399296621e-24,26628968922703465e-26,10235691290714787e-24,0.9290933374502941
0.0026130655754903276,1703107743313742e-23,11904535554179724e-24,13608549838010911e-24,13122423289011926e-25,63361948588729155e-25,39332785575261996e-24,1458023195592383e-24,4604125329390582e-20,0.9973408021877339
15869269496105535e-25,5087732817511727e-23,6600482713204609e-23,1639943176309323e-22,4455064154828753e-23,19620273500852613e-25,73171910413387e-21,1189746485508213e-23,20336999265463085e-24,0.9999995656175636
5081580911300259e-23,3077788912796013e-23,0.08540295353502933,0.2167627286897021,0.055144163933065315,3758842816098768e-24,0.2481094167211171,6382104064790883e-24,17852533867724766e-24,0.39458062753390694
0.0027235162917656477,716986694601255e-23,1737986221344724e-20,8768409432161202e-23,13273743185077765e-24,3899146482549764e-24,0.12144380182404833,42290954740131045e-25,7486073502741662e-24,0.8758151782799244
1543701045160236e-24,26604034109282188e-25,0.016361318103699743,8117890752639078e-24,9314548840155344e-25,19115898846890064e-25,0.9836386570235249,23804306337872265e-25,23271416698949965e-25,50006143113087765e-25
0.004030376549997856,39399121230061166e-24,0.012613556397974388,1014960336036593e-24,5059760416827168e-25,3849893914389925e-25,0.9833560231549234,531354296874767e-24,7435916240474341e-25,12862235803783588e-25
33178705606423714e-25,14435897031789915e-25,3467002058469084e-23,0.11341843491122497,3735137626784921e-23,1575408361806463e-24,0.8865814640235027,1604014323649638e-24,18979998592600092e-25,1920752467914236e-23
3180747578324361e-24,22396505495237e-22,0.006202952870530116,0.22058815947984928,393264851472615e-23,16829238116646158e-25,0.7732088553884071,22192535523946052e-25,189418487842409e-23,17111933470961886e-24
32555055515166324e-22,17982127985006522e-25,0.20092149001058912,0.7990752372783226,22216269514021313e-25,11688765373948926e-25,5572868105966823e-24,14842177853131605e-25,9142057106805772e-25,4045929128244718e-24
14663418133390733e-23,23012947140817162e-25,0.1518522769264552,0.8481475554077832,38069027970805606e-25,16536376920161015e-25,5996963130240133e-24,2145570819743051e-24,12706311389224708e-25,38577559442682435e-25
0.006304491797853218,2288857458848376e-23,0.20390059191043772,0.7897948919944471,18247397649228384e-26,6746174799075946e-26,7745718978414902e-25,5407522944335317e-26,4103666568183514e-26,28905871754150033e-26
0.00887148237474857,29510578328485577e-25,0.15866990658627894,0.8324585958224241,29211738684880894e-25,13656339307277455e-25,26757993342159827e-25,1667182675537309e-24,983994331772091e-24,26516727720240915e-25
2340289556658602e-25,35293364106296397e-26,0.3331166917889937,0.6668660635835337,4359460195932294e-24,22621673162594764e-25,1723043755071472e-20,2068224559655101e-24,8819359037062212e-25,4026414906811191e-24
6406478905143174e-26,13658947974663618e-26,0.3306908066810248,0.3855936999716497,7871780424629908e-22,71424287992418225e-25,8692868433590423e-22,0.2837137751375708,11661472870697938e-25,5323570773816524e-23
4989306499769729e-24,53173203897924135e-25,0.529550517392643,0.4704493008320189,4137573309235552e-23,28798084800684857e-24,7195880801373555e-24,3322499048290385e-23,4376874213860293e-23,17105346609013087e-24
36682179151200007e-26,25191304841485136e-26,9086143838602057e-25,0.28126352711100716,36307813470261526e-23,29585137227187e-22,13035921991842235e-26,0.7187361047044515,27882150191423174e-26,2113759291733371e-25
5543005337840849e-25,3345190260785856e-24,6830856105833621e-25,1108016758829929e-23,5620931087938023e-24,0.9999999595129948,21826453879485743e-25,1318347802236161e-23,12262386851999568e-25,2763600733200573e-24
3704423543182608e-26,9728480354184148e-26,13912628398590886e-26,0.11152018747036395,26925099132271636e-24,46285511390897177e-23,8489669213211517e-26,0.8884793222076987,9879311670173706e-26,84595758738149e-24
3367908293062082e-23,11073480262849436e-24,11036316445543284e-23,4397106672851815e-22,42228777599532283e-23,10046729430578457e-22,21535962303361256e-24,0.999997922654351,1926684434606718e-23,14755726027020374e-24
5760040762022659e-24,20431436424325816e-25,42442904159474083e-24,48527091969431095e-24,18274871053718702e-23,4372603384705816e-22,2270792630705933e-24,0.9999992734809765,381744388954644e-23,16488732065489387e-25
0.00047510120713366126,7857625046455359e-25,691011913831091e-24,2242592405526596e-24,46422807392560766e-25,47497189017839615e-22,10023570321885376e-25,0.999520133813329,5113825734986225e-24,7828589535807328e-25
11250723153306858e-21,47877310104550136e-25,65348507383739515e-25,0.04976493648616743,2888519999019441e-23,13010264922776657e-24,57460074090400895e-25,22609520941317923e-24,0.9502237263503448,48667300682517566e-25
6649668456429457e-25,5563199579177317e-24,4207038460500598e-24,23034611330790903e-24,0.22061519855642425,0.7793846445757221,1296456904397927e-23,9938312477729426e-23,5170483439177636e-24,5850340336933562e-24
1718415532949682e-26,19698563448993356e-25,1522394080775338e-24,12295807790910104e-26,4773670776305549e-25,46367479856727085e-26,9841382856301036e-26,0.9999999951688021,9644450532188404e-26,6291021560913823e-26
0.0001292196791644311,0.03039338114213935,123054777397598e-24,14013258662001162e-26,0.07544769099181582,14145814662211835e-26,16022924598333574e-26,0.8940297074050871,1464327381182279e-25,7048433990475127e-26
47467377894862867e-23,0.0804680677725512,6114017585794565e-25,2104205036160517e-25,0.9195314533837815,25738315018869894e-26,5001669433624767e-25,5065917884085091e-25,18230656759604922e-25,26126757863763e-23
6294537079324203e-20,32062346028373265e-25,0.03929906589862758,7429192889965496e-25,0.9606379748415962,7178633584495395e-25,5005162675941964e-24,29639227156075787e-25,6830602429357063e-25,569885061863465e-24
0.0037605880079985233,0.08498217767910421,0.20348086715319852,13497943355732236e-26,19903993526391472e-24,1250660194175713e-25,0.7077763462572827,3298028189506184e-25,2349946084069976e-25,17355162311067878e-26
0.0012376253589453136,0.03547827638584672,11861779553604936e-23,26253478841306135e-26,2541019387528899e-24,4197061567661897e-25,2324919719937106e-24,645768445040275e-24,0.9632839730593221,38414141959651194e-26
0.0015062710804714346,0.04184666983827617,2067311604686254e-24,4583857035155092e-25,16811737023618368e-25,77980335240649e-23,4247810354819299e-24,11184056992882222e-25,0.9566470480202033,708149936414252e-24
9189117833389556e-25,490166440310975e-23,6901666555990973e-24,2123696880101991e-24,7619273468219118e-24,5907597234015715e-24,0.06675403346688813,5525703760760637e-24,0.9332459278135893,48210357042976355e-25
0.0011524211757492648,0.0662749328928407,6273558711923e-22,12956523377387937e-26,43992951423394415e-25,7040685209686233e-24,0.749034466767572,6675359386896827e-25,0.18353816574009724,5593035444979135e-25
0.0007866861445938018,6755269530138613e-25,291481755356401e-23,0.019586281245616233,7429282949057145e-24,1647377021498562e-23,0.9796269912219596,17136143215215769e-25,9900532202747406e-24,22802829500363546e-25
0.0002637213997685813,5539834335041639e-25,45864279633756524e-26,44390995299612837e-26,19148702388404734e-25,18019919296944313e-24,0.9997362326270238,8538296569236341e-24,14877066227354477e-24,11649896805347625e-25
4397073994600852e-20,16178964494337038e-24,1170303492943843e-23,5542161709983677e-24,8564923937166543e-24,8833240999970951e-23,1745223925517568e-22,1376434963791377e-23,0.9999557058375593,4814807643630146e-24
16834828472682435e-24,4980326374082541e-24,6001731839780765e-24,3493301027482546e-24,341965670793141e-24,25037461032816107e-24,12433250528076269e-24,3839459089487312e-24,0.9999999262898187,7478542540510679e-25
0.0005736633966964299,7826332920642444e-25,23420354432027903e-25,0.07276694802013466,7840652079206255e-25,14033812419453382e-25,12414074879209034e-25,11778344807925358e-25,0.9266593764744702,4377392543890528e-24
0.000863608261858369,6765259225220306e-25,6807207622387506e-25,0.059130351277094796,2710335338529523e-25,0.40974312627264065,0.53026290892522,13299953144958928e-25,5539929050354277e-25,1752259106919676e-24
34530740288339923e-22,0.034229694553346804,1374444081646335e-23,2432340130580521e-23,9371457005737242e-24,0.965766691985329,3991252427819006e-23,28648322876946597e-24,19231418882766633e-24,25155942582996358e-24
30981597889468906e-26,6126607297954136e-24,40362561857677635e-24,1109072246079334e-22,8129722243781381e-24,0.7592256029501402,0.2407741299687209,6437683149425768e-23,1617230952373283e-23,20696054716954454e-24
333611831658214e-23,5175457798532583e-24,10521578891732449e-24,0.0004924051838179309,6665831069255904e-24,0.6904002558013911,0.30910727819719297,13835726575004537e-24,7716995204797188e-24,1356448691111476e-23
6879937630293041e-25,16676019420037198e-25,3083510950015355e-24,0.15854239481252513,6048929991356145e-24,0.8414575597926514,8482493958305743e-24,10689556458339385e-24,34174089597458876e-25,11316681370780181e-24
0.0005480157128730337,0.01065914169690014,14875901281401804e-24,13491073596069198e-25,43726973096803326e-26,0.9887927953960932,2802793475356298e-23,6827957747033563e-25,6029729166477265e-25,12181443154553635e-25
18375832521780286e-25,4909042198940753e-24,0.32870664078692857,0.07433907495319249,28911774045958034e-25,0.5969541435475011,11389940015084775e-23,3122167120563277e-24,16835760256734417e-25,12369459520903336e-24
0.0025005045218257247,8197715496973841e-24,1001158431327899e-23,0.20880162640073904,28535360710969237e-24,0.6064106335093575,34922930156660125e-24,5620858347174783e-23,7166755990517383e-24,0.1822870905251472
46246537295376604e-21,17019466897427806e-24,7262308770962927e-23,0.04059689906672706,14110473607629584e-23,0.038413898178029864,3716386905783642e-23,3225732137177258e-23,21373652132671555e-23,0.9209424423129524
0.0007519313873809518,1104371601566983e-25,10487251076116376e-26,0.11617425958778806,18675891310646028e-25,0.0834992548648928,3530508787556632e-25,20623268317297898e-26,14616604636549643e-26,0.7995745513715897
0.00011261486095893651,2524615796449403e-22,6653674315746398e-23,0.029620119820501493,1359867709942905e-22,11907659748118051e-24,19159592390315293e-24,3132896314331814e-23,18798194928908915e-24,0.9702667291392418
23626665552372293e-26,0.13456576825754757,1492018600815849e-24,11389863014080288e-25,4273383434903402e-24,0.8654342032261545,1587183618829779e-23,29070160757666986e-25,14818689500937132e-25,11149482811371942e-25
722872285220129e-24,0.12830837804152326,18820148939025328e-23,37010924963277316e-24,901152386448314e-21,0.8716901531677584,14282530108509813e-23,6267060555483181e-23,10188600929987174e-23,34323102592302256e-24
7780648519707002e-26,0.263329869092063,7722999910949252e-23,8359752510404384e-23,0.7366670905118288,49158865477089084e-25,2712876657094391e-21,691156644632432e-22,22485857575054815e-24,7059570979467539e-23
37060774966789727e-27,5285871824992429e-25,0.3204586739812792,7480666440412764e-20,0.6794665167273838,6798166330744968e-25,915430866160461e-24,2112944130778678e-25,9091512285408808e-26,16603935700965737e-26
599180210064675e-25,30633845075101573e-25,0.34518875252335446,12330987419692114e-24,0.654811021904722,3077150454400421e-24,20508354906280155e-23,9864899862810689e-25,5330193189472902e-25,14987784278868165e-25
34091141172499856e-26,0.34441290670577357,8420787912685809e-24,9397881515252689e-24,0.6555868459263001,1773358120823012e-23,17407320069003193e-23,10927423965090548e-24,4379442549645978e-24,22096999695263343e-24
5592118155930638e-26,0.38933115682114866,7781120335668832e-25,27614855407240014e-24,0.6106687436158649,16503846693993996e-25,2244131726055287e-24,10547718879468079e-25,3091598187802497e-25,6585608019852621e-23
1811727791098741e-24,11798750494871454e-24,0.46367491787374104,3514943042047073e-23,0.5363240611298338,8476411582143101e-22,24275400462988426e-24,1029744368685567e-23,23642746762262977e-25,8765783530269475e-23
0.013351383026588523,54366818993570396e-24,13843024840110385e-23,0.7175135202046337,300365107382106e-22,0.10769846627772316,6286383958888045e-23,8536577215190093e-24,2775958936379399e-24,0.16143633348116904
0.02979956763149007,6033684088355612e-23,12044376558962606e-24,0.03995241023516415,0.9302475645513594,15273096697417482e-24,6258307197993728e-23,13573720672147042e-24,9224278924678422e-25,29290262515499377e-23
0.008821972460511555,4796586454065469e-25,4331340346585333e-25,0.0841682573101958,14476440847078781e-25,9083543556854195e-25,20352133875146528e-25,6696107513990672e-25,1443840031961295e-25,0.9070097641120215
0.0149438406849523,5742113068944523e-25,3791152797459976e-25,0.15189196977637792,7429628181333539e-25,15639886900129202e-25,36249427591540974e-25,1268216635717222e-24,17654958944105114e-26,0.833164181208678
0.022371842809509566,19780525022500776e-24,1463310138563009e-23,0.22497181012134346,45783167257509806e-24,10241827923712189e-23,23812776985403502e-21,11895571295284369e-23,866190754641181e-23,0.7526322240597895
0.00658319556060507,2551633994647806e-26,17490121392763486e-27,0.7075256524806293,34855635450773156e-26,19354443533919747e-26,0.20120868194574937,0.08468246316347547,16065527195864784e-27,624835266047875e-23
0.007107291198626902,14804818513054033e-25,15194924578302485e-25,0.10752948186845819,3765470010124748e-24,1900969217875944e-24,4108792822343728e-24,0.8853632075153673,5910778477516421e-25,6051293201380497e-24
5905927641172043e-22,14495649352901834e-26,16162996481072098e-26,0.0016003642073949358,2638304174751119e-25,17136230135398917e-26,21008201174113205e-26,0.9983990438343923,471440788050132e-25,36598898529178137e-26
10794263085404808e-24,30720768110831993e-25,17540881375056587e-25,16495907215970652e-22,9581106689565935e-25,1459726355188513e-25,29651402490513353e-26,6547202383490539e-25,11602592456201591e-26,0.9999983326175117
64661008857312905e-25,6465912516128266e-25,7315489750900375e-25,1986592231218366e-21,5284537540442616e-25,2171805125454457e-25,5110800116074521e-25,7943334267416553e-25,1370754173557517e-25,0.9999980033754043
33695281880561297e-25,42106393782826934e-23,3061999318974844e-23,0.10703156820052313,8957191811458959e-23,17975909956308152e-25,29110767840588946e-24,8382431410967094e-23,10754889285486932e-25,0.8929677713659376
1033776727429147e-23,18083720924556098e-22,8282687692458974e-25,1009836464437426e-23,12449065590941956e-25,14888717379163083e-26,32237167515450985e-26,11333470706810753e-25,9119829705664502e-26,0.9999981674227912
3845773918523982e-22,13520892585707798e-24,6647872690548023e-24,21451838237534333e-24,3924785892431889e-23,12128169980559482e-25,10211021951364723e-24,4957751111042161e-22,16598860152144186e-26,0.9999990271892099
0.0018474338367887727,17801111201533715e-23,3424926083431781e-23,22790791773505844e-23,2456353198091587e-22,24418085363041982e-24,32013156654037324e-24,0.00010256702797202793,11453761870421654e-24,0.9980492454466732
33878291640329122e-22,3806495927754886e-22,5674083677719282e-23,2266337104103407e-22,0.14753266239264945,23606537873746727e-24,4413007732903091e-23,1106250961513455e-21,13701997875058587e-24,0.8524620980644664
0.001697876503988554,7276966437585956e-23,18884879074416015e-25,2132293438928533e-23,6040388768701254e-23,1074617433167371e-24,14602027380590608e-25,21432704575904956e-24,6522622257200728e-25,0.9983019424913092
22162565596125775e-22,2429082194518297e-22,33085678715548097e-25,15916114008884291e-23,22899539889208415e-23,7470961380592404e-24,26133258494203077e-25,17668362535775027e-24,2491946066380739e-24,0.9999971191255181
3900074095968755e-21,11502725173276465e-24,18288441653684247e-25,3685999126110226e-24,6436523992866759e-24,23408847356767516e-25,47746495267199146e-25,4980403812464983e-24,42327844878899415e-25,0.9999960601430836
18107977685307227e-25,15869175649093526e-23,4836780297464548e-24,5314505733745513e-24,24211118267693168e-24,414223330731112e-23,3843960160703093e-24,4301993159644033e-24,6183490581111909e-24,0.9999997866633609
3037451083887851e-24,12686685723045143e-24,2904678817091898e-25,19517580125133253e-25,16889347353709218e-25,1182906961353907e-24,5777119914588102e-25,122098236361072e-23,63389641389009665e-25,0.9999999710241363
0.003228163137629527,10869555173021885e-25,6870573539139101e-25,11810238295764945e-25,1944274494336246e-24,10734576680618553e-25,9381426038308821e-25,9063050259460271e-25,0.9967718243485842,46965391948453315e-25
5284360520206371e-24,13117920396019114e-26,10622755840040223e-26,11998932094012045e-26,13838263773627083e-26,2695626924374744e-25,11897060839488586e-26,1179590773598877e-25,0.9999999933372801,3761408065874146e-25
0.001089229484751566,3957071797600614e-24,2638054136151375e-24,3736177377692278e-24,34073726592096184e-25,6154417417512075e-24,36836771030323392e-25,35180652120326053e-25,0.9989107281280679,1529230752103538e-23
