2388870315881417e-26,10024508313083786e-25,2526392255199082e-23,10246139377872413e-22,0.930401518421098,6001666460682515e-25,0.06959737818849458,25178436915844113e-25,923540227251119e-25,27944859274393327e-24,21330961366848366e-24
33949963607715257e-26,6311682237080785e-24,0.2007980932358207,6196651396959138e-23,0.7991817398972886,34245439848236374e-25,20053760264339513e-21,10064962000334445e-24,2815912050675879e-24,648623948579734e-23,21697246462566074e-24
7180641855062368e-22,29778866211119477e-25,6684680964705081e-24,7540125849330422e-24,7972220265914338e-24,7853212440088315e-24,3740658316516688e-24,0.06389629137407343,8478308057644087e-22,4508607994214988e-24,0.936102101453543
1317402537914957e-24,30367047873265983e-25,34532759591736206e-25,0.0027416757900523177,30665459446721564e-25,0.02110275942947168,3265707584791077e-24,490119915532484e-21,0.0038560564464891014,17974898309767626e-25,0.9722990022769448
10375124961884605e-24,0.10803693752519783,27410809020835186e-23,13316786639415071e-21,27374924333778026e-23,11261897097854284e-23,8434199361784188e-23,14263231101193668e-22,0.013993369299402984,11026576860737042e-23,0.877954084606459
16779913636106713e-27,0.12216293193274767,5408173142022739e-24,0.09165067383663973,281854406227379e-23,0.055797742248959226,55132825979915974e-24,6561344957152599e-23,0.03921973928168901,370113846263612e-24,0.6911687833400729
18243420802556877e-24,7216041490667074e-23,1069322798750786e-22,0.03612027969934733,846673147864796e-22,0.17464440077089458,29670321440368022e-24,2106547044245782e-22,0.00931426145095692,3238363017312951e-23,0.7799205033667137
4637885270435685e-23,12125443491665598e-24,15865181753541406e-24,5550801602254452e-20,18824638927064162e-24,0.04809591734621205,16675515288143454e-24,1818376842948016e-21,11798942210091128e-21,19916439515274953e-24,0.9518348275326399
9950496044470082e-25,23726878221134222e-24,25160005087237895e-24,0.014679161393662656,0.974131159315444,3536544446648658e-23,0.0111864573331355,6891510918526808e-23,18528182008531386e-24,10428614576936192e-22,2006406865927106e-21
0.0009558217898786418,2167337235342051e-23,4541583581532387e-23,6195571951650914e-23,0.1994877857882029,7462647853273683e-23,20733754604790167e-24,8193675772013359e-23,23897217112654324e-23,0.1425439801561554,0.6570118669516712
18518353797930226e-25,504851501173115e-24,6618343420671184e-25,25833846372655363e-25,0.24889924820924134,6772762100503597e-24,6155672343421614e-25,3449891573928954e-24,7656875928077232e-21,0.08518302443575519,0.6659100540395456
4830903598294963e-25,22543724454099443e-24,4964727192388718e-24,0.03193531800427378,0.4069999146713883,0.06284391562085659,14019112137118617e-24,19173510345922756e-25,0.008034302724939987,0.16017468132150758,0.3300118237290422
12978755451027983e-25,0.2464431321290905,0.36193262103163215,438793416437328e-23,0.3780317186000862,4102678262010601e-24,6500942090776985e-24,3157624546738294e-24,0.013592500350484128,36136370384294367e-25,4828060538169293e-24
1873248015364204e-24,0.18346478689950904,0.6695773607654983,1217488578888871e-23,0.051121316904906386,442757066338876e-23,5777082701158408e-24,5715087328022396e-24,0.09583644138926446,14138578806373218e-24,4993419086755897e-23
37242291071698917e-26,36621033127035322e-22,0.6232768363220722,29146007860695656e-25,0.3278925983526304,15158894785692472e-25,3124018836686858e-24,17717355149804172e-25,0.04882688503027158,3238077079225897e-24,5254647952593574e-24
34470888470809826e-25,528584747446799e-21,0.3453801552220461,34561424581454884e-23,0.6546072189570158,15563860626767714e-23,4464822753152386e-23,12467335367636942e-23,11185512267565317e-21,11696719978437794e-23,12073526197569754e-23
514772371681778e-25,10892116863212931e-23,0.11600729993351709,16088808321555516e-24,0.8839917256638345,963266126989051e-24,3454856166442929e-23,58331319106845306e-25,10158736910662327e-25,8042314364553691e-22,27490827657228136e-25
14861609724551601e-24,16502537081399324e-23,0.22294983541285476,0.0002213901666768402,0.09242059167523561,0.14252579215632666,7224982523990464e-23,9921188620462093e-22,0.031788338991151896,10169129454314737e-22,0.5100917904291128
10338194700672945e-23,323973809126266e-21,39787524387535457e-23,15965953502153712e-22,0.10597871391740676,4117330011873025e-20,4023493349338157e-22,0.02855718367008069,29420209272172876e-23,0.00827352064534393,0.8571462900892718
35370480461698616e-23,17370266202997083e-23,9684564828383107e-23,6823957224427e-19,29030506205112642e-22,4017327960161455e-21,23377514528132384e-22,0.07003282626454287,0.002150636624643453,8109942562284861e-23,0.9278058912325352
44253876525738984e-25,19058280611395983e-23,0.12003170958762523,11874548283492191e-23,0.7314893972726778,4622518478989079e-23,11672814284702606e-22,5058600615063575e-23,33776963030892075e-22,0.14847374103720082,1965610236779801e-22
4296027808973844e-24,3919419033600541e-20,0.704579104737953,11473331613374066e-23,17155059131050555e-24,0.06735541205298852,401948965350747e-23,336575732680974e-23,0.0995142258579725,1393400491255571e-24,0.12851191819766286
27006560849355125e-27,9955203192320664e-24,207188557192239e-24,0.1836237393534474,1794860443888151e-25,0.27293743935266335,7109308831456216e-24,9611046630888576e-22,0.05300166640793744,10542262690318154e-26,0.49043617619767105
18195193089130991e-25,10098067478318228e-24,2254485495463924e-23,12006236169494232e-23,3957428384298244e-23,3798916863399059e-23,0.049765768624719126,698139581512275e-21,0.017754615602847888,1677060780404931e-21,0.9324770084838173
7993510302702902e-24,17621334709710527e-24,14847153032212451e-24,7566036860506982e-23,3408688592287838e-23,19489042381956252e-23,7251769681363271e-23,0.00919247043097731,2706060641659301e-21,9438764795720406e-23,0.9908043115033687
2685656391405201e-26,2564253162658159e-25,33348775601737785e-26,0.05096624468976742,0.5245740259721623,22802868876621845e-23,1576923224633847e-23,5251969182728637e-24,44486693367683944e-26,0.0020556886273723,0.4224037905991653
102549850748517e-22,718419050529305e-20,0.19414540660773463,2057930234894057e-23,0.7677231921250476,23620124774274957e-24,21007724694848453e-22,2676746302009705e-23,18033223706066232e-24,0.03812199431226297,22803846626317543e-24
17964568317602928e-25,4962227822230861e-25,15211212418286672e-25,0.047469965735384874,15816880273839932e-25,0.117131470171223,2109164914283377e-21,9347594501727176e-24,0.028227961694687737,0.046240516531552714,0.7609279619591579
4119835723688775e-22,481733453018746e-22,4301090747912802e-23,34849532418541976e-24,38672004511111443e-23,6892268197362208e-22,16047069323030284e-23,0.07425308093988361,13687532781023366e-21,15706961960572995e-23,0.9257313000228168
1088144972576646e-25,928332560418948e-24,48391344929762e-21,36493838267800137e-25,0.7368648296381543,2424049020590691e-25,0.263134907601057,30894627435045343e-26,2075997725313759e-22,33641222274347607e-26,11979490564893507e-25
8310638011534138e-26,0.08970461379863856,0.38756653585505113,2872485980855934e-24,0.5227283117874992,33032786131785482e-25,1919519255169637e-22,29691851227380794e-25,2213366963929818e-22,11275519007307722e-23,32868736197455897e-25
9975786516128026e-25,6971215129013629e-24,2675136121334037e-22,3421823984658086e-23,0.5652400444118572,7531739609615909e-24,0.20996988756192805,10989952290957358e-24,19478232330671376e-23,21044372210250848e-24,0.22478952397715785
0.0007820018375360529,21332847610396704e-23,0.8781434772267426,6468393542468568e-23,13822262666054845e-21,1141809001534835e-22,7449684603587283e-23,23559296566584786e-24,0.12106007013839251,36655080146830096e-24,10162990290248338e-23
0.004375124525040139,30892239333192112e-25,0.9213439675041136,4504968524568003e-25,0.007415667438212198,4843501071999855e-25,6831371920292323e-25,4303788483018515e-25,0.06686523369390525,10204018326928224e-25,6661913056165735e-25
5640814770293672e-24,0.13465618980378635,0.10421560375866251,57945885544028516e-22,0.7610615329601115,6501905054252697e-22,18151702837182804e-22,11408494481983717e-22,1157484485263488e-21,5516590944492608e-20,9436437083446241e-22
0.002838989161932395,0.12424796692214143,0.02117133237636293,1804700073911211e-23,0.4919765092039846,9894768172124403e-24,25976513983753517e-24,10531265814343549e-24,0.02174836676127982,0.3380167225945184,4853011056890142e-23
10621927642045548e-26,0.410053171259636,0.51498189144996,1558453642478165e-25,2539568532425806e-20,14072877338862757e-26,15836516829362228e-26,11746643980777922e-26,0.07493954052916205,23122569914695646e-26,16995057628346295e-26
0.0034434289080243507,4339350469314608e-21,0.9055236689068246,4825715737428347e-23,2511863905355771e-21,1520842552353633e-22,21573810441929365e-23,4653577869185045e-23,0.09102532866912577,1822282961778463e-22,7745805646518795e-23
0.0022253289132226476,6138421431186973e-21,0.8865857703242559,4424749700383215e-23,12813802774477963e-23,762393975706231e-22,5835127745685653e-22,35015840864671935e-24,0.1111818040371986,35354982412049635e-24,55795382084596926e-24
0.0015507340499906555,3503722451560405e-22,0.8756639274991754,3753925485150078e-23,25459862512220447e-23,33919954359353484e-24,18301793108169116e-24,2109558074203734e-23,0.12278453331774955,1363692124586948e-23,756687108452264e-22
3116754631002708e-25,0.3855927031010415,0.49778349988046916,1621441039316275e-24,7747251579829767e-24,12867544304850248e-25,27989285717685486e-25,980057300026926e-24,0.11662370450397543,7574293393340295e-23,20256576168678318e-25
0.0014988572396895856,0.0027639566413991687,0.8622560494155614,38791040704800544e-24,6109613740930136e-22,24429415265210962e-24,6442927565026267e-23,23782084685677616e-24,0.13348029975583375,29754811027889215e-24,44799498514043493e-24
1764861344764336e-23,0.15569900401626713,0.6020300585218877,4160569999173474e-23,0.1409013499070899,3185292736760691e-23,2602635889516631e-23,23784411546732244e-24,0.10136936695678418,3092731325659113e-23,48753531763594756e-24
0.0010775840214403611,0.0033685790420279974,30331288748186092e-22,5770727807285524e-23,0.7459862091711484,6548639242822982e-23,4558945340671113e-22,4510364742356697e-23,3851123752220061e-23,0.24956385027789846,8165534116199896e-23
10277854783497437e-24,5700539919214534e-23,30758325478854596e-24,20403631630734804e-22,0.6419547283694518,0.010837687169316003,28036522425061667e-22,6426738622632554e-22,0.0038148908209797517,0.09147661250908332,0.25191049640030583
27165149187408187e-25,0.10559236822657497,16132400271957371e-22,112513673828345e-21,0.8829048153129114,682855206781488e-22,4038051013000943e-21,8671781458433329e-23,4517041557472535e-23,0.011496788085817753,6167970580689729e-23
7180314700732923e-25,10384774342720658e-24,12810595840092241e-24,778525742866554e-23,0.8385038817956973,51114466047538784e-25,0.16108602353383503,51481855210969954e-25,0.00040997310218396994,7068777141375253e-23,8924021499246862e-24
2058920029432598e-25,8610240967930376e-24,53567612599617365e-25,14659260631498283e-23,0.9999858609554753,6979381247717067e-23,13040942625917667e-21,2381533093293904e-22,26090075085894512e-25,3828896245529209e-22,243885377963185e-21
11821369620349777e-23,0.00013422928733729895,27199557985262634e-22,20666312374706805e-22,0.8645217132041478,42391106114880577e-23,9014751328318901e-21,3984010758137103e-22,0.0002481242993413428,0.13507782806262766,3363282432940118e-21
3692403126936262e-25,0.07515250614548998,0.07030935202687946,33582709590581064e-25,0.806132912500551,19685101952796396e-25,16862515531586308e-24,30722154291296832e-25,6373304862692384e-22,0.04840456367139925,26943987371545614e-25
1020050047205472e-21,0.07031726594682507,0.7882192084452957,23882704649087953e-23,7240751528593201e-22,14899501822605626e-23,37285589575314533e-23,11283538489052516e-23,0.14146051333901924,5627884561428991e-23,3383514812284343e-22
8164171220272113e-24,10779693296493076e-24,15595841398195226e-24,7338963048621389e-22,1048529562232301e-23,7708208785542323e-23,21968034401409595e-24,0.07242741120784582,0.019215003975513838,14476381378853282e-24,0.908356692368831
3085201317569569e-23,1082734587605648e-23,0.33065717418402624,6556123862641182e-20,15759625284670455e-24,0.09181417458529856,40758532108886745e-24,0.00015603315451956064,0.06987483005180234,12685474091791038e-24,0.507432115902688
10889118093349374e-25,5048300359285525e-25,0.562713502292736,0.030237429745526612,25100868296122882e-24,0.20078679243406503,5005693214580402e-25,20401673673339142e-23,0.1172955971510827,19797271933959762e-26,0.08896644696670145
48420551808592415e-25,8270812906612792e-22,0.314224251090898,0.09060693582541667,3831516469755483e-22,0.21615334004673803,17691821350609017e-23,0.028558448488707793,0.08834645140003851,4756409496483719e-23,0.26210913359090243
5341536400815561e-24,7236950321985352e-24,7853714015591475e-24,15527792630965216e-23,10483748221968956e-24,0.0003106596753524745,7540132188184823e-24,0.20297284960787937,0.024023977031679723,7291777786868298e-24,0.7726923126592047
21196677901881316e-24,5993796694686417e-24,68169966742796375e-25,646510119317698e-21,9805251166270011e-23,3056818625789856e-21,7524256064922783e-23,0.22900435584097167,0.020455803830715238,2213094711321482e-22,0.7505357083875578
18074286342893266e-25,0.005224699915210189,9368836936912402e-22,33882328162880603e-23,0.9093553505261291,33327922514694515e-24,0.06270532881072152,57937964650618687e-24,0.022422131320394223,0.0002908730705822668,24757576753002054e-23
23481877807380134e-25,1557808851507569e-24,10419912297352777e-25,2311267494349884e-23,22848703165139426e-24,61074393017104035e-25,12645335265758615e-24,0.08467178569244845,0.00566141000338889,2119758298554488e-24,0.9096667325222626
25142256097835326e-25,21344566207364727e-25,6190897466752519e-25,4306037501800157e-23,64145040490718436e-25,38535046633166024e-24,1903595301519728e-23,0.08782056312883223,0.007817377769100898,212544356066153e-23,0.904361944662977
6414184408033399e-24,47335096294552105e-24,4699064656172672e-23,0.028112481568397154,0.12568062928270488,0.14239675621361725,0.05696245201233879,817452671164902e-20,0.03605557767083186,2369426104115788e-23,0.610783804291208
4602258231338811e-24,7587785289448787e-23,65152178715777e-20,13071244452205952e-21,0.8194420664005491,4078963907953561e-22,0.14984365427867805,9082792534878659e-23,0.030680628091305943,4889908444938934e-23,19300360168966627e-21
4773114360644741e-25,1639409402442195e-25,2173515423852631e-25,786420424665204e-21,18615897475886175e-26,5729160958645164e-25,25951751688426547e-26,0.03408575220749615,0.009388553924928194,1511518882337326e-25,0.9565249054189229
30528473545607606e-26,8256222106308778e-25,5601230334894817e-25,15921474864226286e-25,2908890454219434e-25,498234358637678e-24,5806963224794516e-25,2773046479463177e-21,0.006810745777044191,4959477728909221e-25,0.9931864760275316
38036577967566436e-27,0.12931619770661332,30546893491632664e-26,1645580581306889e-23,0.3253969724042807,3044559591493616e-25,5401262596668163e-23,1405588349023255e-24,0.018372112713116555,10382144800561291e-25,0.5269146436157967
3789192967203639e-24,4052238024289787e-23,5858100248603499e-23,4605430018177253e-23,0.9446784648021431,4689546761994892e-23,3780380930700501e-23,744826740914079e-22,0.0017493016220214632,0.05357181376188548,11169223879109757e-23
11553074548460876e-24,6692661882392244e-23,0.4635912632532926,16997249211713515e-23,2785214089721823e-24,0.039685768674446786,3361484733000826e-22,16673619086915556e-23,0.08100372414620405,7409023069085663e-25,0.4157184890632225
11001832762230991e-23,27538273212374138e-24,21310481729386392e-24,11556339827198969e-23,24622111335034233e-24,39342976929307404e-24,29752490637521404e-24,0.036034420719864305,0.0009606106860683831,22317336172508664e-24,0.9630045781286715
14639985199243956e-25,0.1025289127463794,1743958780803477e-23,10484338321229753e-24,0.8705959410351974,10572082957080649e-24,36096606314143316e-23,9688477155984251e-24,0.0005449791153213572,0.026329745147599698,11340818763299688e-24
11675119113350834e-25,5233465680801641e-22,1338951932360947e-22,9909341441016392e-24,0.9999959366176167,3883390892155684e-24,7001472171436101e-23,11713425591259411e-24,7726184614493662e-24,32925461888775004e-22,9184476029215084e-24
1209691308756585e-23,40096911269557475e-24,3211447288363976e-23,0.003131251277505253,31578789639839913e-23,0.11220354336955927,0.1504197439934647,0.00017401558366404116,0.051078794268635264,4188489050709134e-23,0.6829922095262018
12697467346560717e-23,8292672898951988e-20,7230287996604753e-23,402251332395035e-22,0.8483431427365264,4459983735441527e-23,10835277419218679e-23,43052709903773605e-24,14535021076273558e-23,0.15157330332987165,4634614194073683e-23
25130875537651475e-24,538789224143233e-21,0.32915042798049504,29533337465153657e-23,0.6269512445277525,6952617472724763e-22,5978524661402881e-22,33823485933398925e-23,0.043895170341622776,41543099428106487e-23,251116588410504e-21
46839879976125056e-25,19494835328238045e-23,2712931164221471e-23,22020544030415317e-21,40434966034053755e-24,0.18912698793631738,9626356178249972e-23,0.061971134914542675,0.014391409637402583,3710011169104687e-23,0.7344880464074142
0.003839744974773287,4835823931890559e-22,41355797919882646e-23,18579463206409752e-23,1706157364230879e-22,6551973028543554e-23,0.06864060874077722,8833390206860071e-22,0.027828702981611973,0.13806277390357996,0.7616259669897658
6602462675487234e-24,9904875689807112e-23,13964469318630146e-23,21388105278577068e-22,0.9506355997535252,0.0005868899358949685,3200874174788607e-21,5312807923175114e-21,0.002931826840293599,11062990761817923e-22,0.0458336793840021
0.00021763791494877128,28121154580673346e-24,0.48936056847963255,3852446047906987e-21,12977493260849166e-23,0.060403080226807626,5962159049693536e-21,20599975669455435e-21,0.08213220929343502,10786295451100178e-23,0.3678558237453703
8585265204875805e-25,0.010948953321240983,0.4450482904862404,14208713596829112e-25,0.4800865447310413,10665970208027448e-25,1814786368950596e-24,18541228468274396e-25,0.0639161955743971,4594967317755604e-24,4276828782297942e-24
1487759613918223e-24,3645186567124085e-22,0.3169078187750128,3058463044120518e-23,0.6396230705051013,3778752608577354e-24,4340627253071079e-23,7331020306768911e-24,0.04346354448578991,5090207447125796e-21,2491903664209871e-23
8079566510006277e-23,5353771120733645e-22,14539033765051155e-22,3709743550304024e-22,0.893943169871895,12476059915248937e-23,30148192325718457e-23,25022438336599647e-23,0.0002722824700291084,0.10578083515824746,594981909864861e-21
27056047515693806e-22,31288316649157825e-23,4952098716623406e-22,4237953768006556e-22,0.0694261524820982,14098161294888252e-23,0.12863322313674727,2840511522114061e-22,0.04252104867449197,0.005629049218897279,0.7537861639618526
8554441590096034e-24,7594445149750451e-23,13814819114637492e-23,13067909099492316e-22,0.7647616138918603,49799561583057066e-24,4319313666745542e-21,201315204961887e-21,0.002681811759701286,137592453503465e-19,0.232536715236828
4243927805855759e-24,4043354091293651e-23,6163549074723983e-23,3974195639178624e-21,0.7689114099516007,185585874493701e-22,0.09468408308613221,6295603703865885e-23,0.0032480160619805846,1699255152170062e-22,0.1331521589518653
14120695413637624e-26,15927596448498052e-23,0.34836265244796216,3416680522414969e-23,0.6295780865298353,2712699141015209e-24,5170069363620787e-24,4738129837286315e-24,0.02205659411405361,24574988494497924e-22,3204413656558368e-24
2652557081397194e-23,0.15997449194289629,12624174861528692e-22,4402571568076156e-21,14767658723600219e-22,16587698435048927e-22,12838013972705739e-22,39147597624032086e-22,0.026923769351110474,2637826942214613e-20,0.8130613348250706
13323904067020974e-23,0.014262201526935655,17978208092215317e-22,7451824753459839e-23,0.784229799990625,14699785592890883e-24,10488859893364425e-22,34314584655246265e-24,0.00014268554894549543,0.20136208754948207,1219055632520461e-22
9285564788347753e-24,25265482828047057e-24,0.8416762171098215,4173987843248738e-23,0.09570549277832034,3145984548552729e-23,3808604243051009e-23,3398517626698947e-23,0.06261802115439993,33244235776323916e-24,55891209019006094e-24
10760197795418125e-22,8282342280464036e-21,5173929061715214e-22,21590121517911844e-23,23482831548872294e-23,27066126783854534e-22,0.04976388284040236,390859598767889e-20,0.022290296543311296,0.07888551241203036,0.8490433665110932
0.004323766130237165,16274078070815133e-22,0.740782255143452,15499137143172913e-24,13321154571133669e-23,28441861917965534e-24,15329679590549452e-23,26321026044672732e-24,0.04828749493610945,0.20660444774943257,5186277580388503e-23
27646077106440142e-24,8641218528231991e-22,8282466342435681e-23,6817285807706867e-21,0.5986576014775256,9752768134344604e-22,19514620907587283e-23,41605416465998195e-22,0.010864832944981,0.2099700020954769,0.18049444063887313
2053004882360299e-24,10211855663828683e-24,0.5246151880419061,1477803820764754e-23,0.398975960193545,18207162793391017e-24,19102722033251e-21,1706754651565219e-23,0.03871160156969368,0.02972755108648526,0.007969617687679714
0.0011781061632242522,594542129427167e-23,0.9683884306164632,11139017903930228e-25,6221813277121517e-24,11994913252604837e-25,16410808883388202e-25,1085986692681683e-24,0.03043344076251664,38216986081361015e-25,1428400332206401e-24
0.012036446901062443,21729050988393373e-23,28338081507910703e-23,58475791691514955e-24,0.3799053829228186,303513529201899e-22,8417466568322681e-23,9522738063212011e-23,42970671877753634e-24,0.6080572202800065,13802491570208555e-23
0.0010573036151447516,4211119698394285e-23,0.9632074003909228,3203256354522519e-23,0.0025432244801205373,24460960167795278e-24,39019353593089065e-24,2824148745335256e-23,0.03319161253802887,25295720020465313e-23,40152911727746155e-24
25655109044858047e-22,18981039288684285e-22,0.9579426386335301,58094882148131015e-24,27521771487950967e-21,1729266309432829e-22,30372461282274097e-23,10368879050046915e-23,0.042024110814464284,3693405641864262e-22,25739020519718186e-23
5717989072105094e-24,7227058746179501e-23,995663276105602e-22,2605786989102717e-22,0.8561394214742899,7395198692379166e-23,0.1438393449037398,13275161257482286e-23,2631167933298407e-21,17683216056385564e-21,2744007534886397e-22
5440793808843334e-24,0.09336525172789789,0.575993345405615,2691301683581188e-23,3843646963895091e-23,0.00023863371074272187,541160813443977e-22,4426005765223135e-23,0.05992540408915559,19246364942584043e-24,0.2704771766537759
16012153187465726e-25,5465123770286679e-22,0.2283982305362289,5434852495801565e-24,0.7716001849400415,12312496318738376e-24,12954940038886588e-23,979076831977576e-23,2259880493728929e-23,8508704693520016e-22,5853156030441017e-24
27677740501673687e-25,33252235404039604e-24,0.6185719529263357,15718109903285312e-24,0.1394829612785272,23811654308675552e-24,0.17571866345105555,13815470611463958e-24,0.06622622041208788,6540705730194175e-23,4715968868885848e-23
0.004494752777287817,12037429391341446e-22,0.3000556315132493,39717313945300874e-26,0.38980626761390025,5104696559418411e-25,6648052069139962e-25,7312047043364108e-25,2615263581650258e-23,0.30564211532387814,5724562197301402e-25
0.011080556426076662,27865816924171246e-24,0.01911026220693103,3178231370817927e-23,0.4162681373180142,3981145737000472e-23,8233966053730679e-23,46907314795944776e-24,3380598560756149e-23,0.5535407168253834,6471118451768558e-23
6853218957356036e-25,11098278745569081e-25,0.830017307740325,6862344094467655e-25,0.052002447714683056,5471896377678337e-24,2252498744839606e-24,11517090284437759e-25,0.04568440044462417,0.07229583112834116,16150714942725216e-25
23238809666286555e-25,26073147106954693e-25,0.8764353721178408,838349409484635e-23,14006909931972382e-22,1608961444113101e-24,14250340600873977e-25,2182618701993965e-24,0.07608406188704298,0.02878971096125972,0.01868943581161368
0.000778391784389344,13652432539419677e-23,16851323015290478e-23,3600395280796789e-23,10494855792432164e-24,3925942604163567e-24,0.2745797684016707,61794039759809796e-25,0.047325401364343773,2522348310851333e-23,0.6773160515844496
2784251823206166e-25,29961191935927855e-26,0.4988264256980289,27118223602002786e-26,0.4432988767956595,131528573624707e-24,21723638472698727e-26,3553852743725261e-25,0.005961917793692763,0.051912777568301594,5909396647138423e-25
121886740995942e-23,966227245833803e-24,741706932050319e-24,11522692890713971e-24,13810231921070542e-25,5548101057439938e-24,0.06028781487300412,11093866620126555e-24,0.012404554970906404,20350271255637902e-25,0.9273075956485771
15487735361784394e-23,12465364132845536e-22,3635081233491994e-21,2343683179441546e-20,0.8301718211080502,5185591899289373e-22,2093967858841366e-21,1746009217301015e-21,7297523125744188e-22,0.1697865464639028,8070812715018028e-21
30862369321117566e-24,22712696482183466e-24,27467740468032424e-24,0.010997990552693866,19790135091458972e-24,0.0892683925761253,51998972173976933e-24,11255937596513707e-22,13074941835187386e-21,35795077278981497e-24,0.8997192277085949
0.002704425493149301,5496954606269144e-21,510769219340019e-22,42450279844586894e-24,2086130189529561e-23,12437239457841598e-24,3910671259382576e-23,25761220688753372e-24,0.0008321786871131063,0.11992853180456398,0.8765291753668909
2529945569846234e-23,5487218295062231e-24,12730442680073222e-24,0.05052644492184609,7575956266694637e-24,3194545056357462e-23,1868974417322746e-22,12215405624554687e-23,0.0035785226765598244,3393151378000884e-20,0.9458607087977924
1278007004261467e-22,58615643765786926e-24,7314768057681963e-23,2889884597077964e-20,11382725073736625e-23,0.01042258157087701,1872739805452882e-22,3605273169669231e-21,8062345934988624e-20,17876856977716597e-23,0.989463551416807
0.011441574333897832,5935003634761452e-24,0.06855249974660421,7841349721152965e-24,20748263276554903e-24,5703416059758924e-24,6072612705269489e-24,7950832025593857e-24,923811977364476e-20,0.41549787261881255,0.5044987609294341
4417980316145977e-22,4222725527255978e-22,3874368926941599e-22,21504760383658154e-22,40480769444447385e-23,6056906933133598e-22,51131376563407025e-22,1289497686635414e-21,22702106402972683e-22,8611809678899559e-22,0.9999860534911454
76375767301714e-20,15885193837481019e-23,166861558184071e-21,11654191108776692e-22,9943462308314155e-23,7053319610642885e-20,4133094734312784e-21,9120571241980389e-22,2450174504963233e-21,9105439440813899e-22,0.9999187066086827
3142911197172838e-22,6383260139396489e-23,27593334452051616e-23,0.06214834368168974,24546624209589574e-23,8602246696388471e-20,18830857189920533e-23,9412072201529258e-22,0.011318537975771436,23271429285300207e-23,0.9264448341221823
6719211483720419e-24,0.18204739062519856,6632483208471958e-23,37605640210380634e-24,25074623615454338e-24,6057039702742044e-23,14969215893367495e-24,3254714155517696e-23,13645861013467184e-22,0.014145442136871092,0.8038055588407605
13161793708412974e-24,22892373036857531e-23,0.8716005005967689,9299454555820806e-23,24238622506814455e-23,26743326256489975e-24,6430288639381701e-23,6347568540851902e-23,0.06003331750675662,7990134880588723e-22,0.06836465089479796
21884181971930027e-26,1985495338285527e-24,2073331987294106e-23,42114224480022024e-22,0.9732383664607929,937348325698325e-24,10372707229284604e-22,46765689855899655e-25,2089726668754587e-24,0.026756125564658798,22864005673017316e-23
3966374149545995e-23,0.33482894404330954,0.01911807897722342,0.3152263221796293,0.016835339272654473,10369967259475201e-22,6933522424791642e-22,8565928595992292e-22,0.09995146101821349,1648836206638929e-20,0.2140207395413397
7226068322649907e-22,15136814949657357e-22,7391245098049669e-22,3061005534941138e-23,8132661959282361e-22,6382274132432148e-22,10525989723201776e-22,10764088515547858e-22,7966311024451946e-20,848560648342221e-21,0.9999129018047836
15536141698408943e-24,0.3947477558317316,0.5370831016137421,57175674432016996e-24,0.03776677032051792,26151244008592744e-24,5525948282245661e-23,49344865136162356e-24,0.030402013047107282,757402488616149e-22,7997916710745926e-23
15076310080993074e-24,14067318507304464e-23,0.18749249744555832,4880143141561762e-22,0.8124906977779985,6167065077507525e-23,9443307973239077e-23,13717851550435616e-23,15196714712026414e-21,16172061664296122e-23,5092959954987545e-22
1880229227970154e-24,0.041612286522351334,4790530837634964e-23,905288276734924e-23,0.7510283532372448,4857552410428245e-24,2623595897761192e-24,5534301085350119e-24,5259425238279087e-20,0.20730667832062458,1581389281252982e-23
4521053985288151e-24,57315476582597824e-25,17113628414997814e-25,20155929157597026e-23,15607579530249214e-25,3429758862730897e-24,19368082462746617e-25,1275132288631043e-23,0.0066018276674535735,6705688607417452e-24,0.9933979324249539
24526212913587865e-24,18225545258820563e-24,37534394428889307e-24,5484923139169751e-21,8211854592113929e-23,2562905336563623e-23,21439587862738258e-24,7208621516685383e-23,0.012462275929065791,418105224342899e-22,0.9875319157777178
8331140817304078e-24,26752802328413624e-24,17142931474057022e-24,91583943056337e-21,23533635998580274e-24,675924070047062e-22,182381325011795e-21,17354570186467133e-23,6527665367339046e-22,2398493197237061e-23,0.9999987323846438
0.001793892939578038,0.09952333955091247,8808880092983871e-23,283833237412992e-21,1994613585760656e-22,25059830019919203e-24,18214347605512204e-24,3259347794263786e-23,0.01450737540031742,0.1456978947694154,0.7384768500887242
4001890113865325e-24,1395288820730071e-23,6923247914063361e-24,0.09625272449047453,2286318369260718e-24,18611095903753433e-22,2021982732436752e-24,40427212836592945e-24,0.03275372855954188,40778491582021435e-25,0.8709916121490028
4461876681502448e-23,3380708976299673e-24,8233376076374293e-24,19302556639447964e-24,14470346725026567e-24,0.00012874314281408213,15145389975852447e-24,14319447090733049e-24,245354690950664e-19,10685356379789761e-24,0.9998465912321423
711458456384015e-21,26981037123038616e-23,31043235710738817e-22,1068172379457209e-22,0.7239007883514229,14706111777389771e-24,2228221978902551e-22,14992109456080072e-23,11187772797383337e-22,0.2760934225439535,9046830020904351e-23
23122977271742785e-22,0.7003486478912324,0.00010853870917433496,284604796138445e-21,0.04429768723182706,8409223332789414e-23,18162864838155122e-23,20967410568020373e-23,0.03566495970406105,0.21957680203206478,29213415400369766e-23
4481974049589714e-23,859069799321883e-20,4299323823210577e-21,17802437965757312e-23,0.7633864097529289,20531611824413945e-24,3501369809564719e-23,17787410019717835e-23,4603826351371658e-21,0.23659549876098285,1413743993745385e-22
2273548182198287e-23,15490100342641007e-24,17456380578535358e-24,4704124673766131e-22,196203814867997e-22,2234948655372738e-23,2294260780331154e-23,5800365509424802e-23,0.014340787188270391,3650425487060245e-23,0.9856585272969135
9353173261445755e-24,25471855921471137e-24,0.3625685998514304,0.17704519405685273,0.37918688488659913,20656467217930377e-24,8898626533196996e-24,4980156989656321e-23,0.08119903827094842,22113594436517733e-24,14663889349603176e-23
17475568933045184e-24,17362179054049203e-22,0.1730173509396142,0.32464749571508095,0.4010191236216598,4475311259445356e-21,34586864152955e-18,12532828209903614e-22,0.10126606469030915,7200884303345785e-21,6949977938552882e-22
24621608398685042e-24,25248703473397427e-23,12706380361400711e-21,0.25187040399409694,0.70264815781471,7306372965671098e-22,5560963070802029e-22,2861229247120661e-22,0.045465233772234825,976852513326831e-21,671220877867016e-21
1501956404353017e-21,5173365336192315e-22,17749829061158737e-22,11579842347261122e-22,18245518395738536e-23,50038934029967164e-22,19087382109761897e-22,14956901658737227e-22,0.00017637417425142186,7483208698515361e-22,0.9998093344678359
8432088940158091e-23,4480441496849778e-21,6372375647172588e-21,4205068533794706e-21,0.9999802360331195,4000098188676864e-22,785499819164098e-21,676471158250576e-21,6840724489154198e-22,9275034967366671e-22,11482035727897254e-22
1927020388756232e-21,9603539758422402e-23,1004741359845115e-22,13596917270577118e-23,7088667899291382e-23,41562464334283025e-21,2562132960940645e-21,18825616822315755e-22,21358334248214713e-23,7823879376535521e-23,0.999951370633112
1125733076397754e-23,9174795757419168e-23,0.36437514950768635,0.046023177110930125,0.016836873005735505,23290747124332527e-24,3768593285642599e-23,5340659584148275e-23,0.0603171828689603,3111316604676036e-23,0.5124473690051062
0.0003625819176554262,8461732151947644e-22,0.11065809202297715,45275944142630223e-23,0.38836245618435106,10212003768143916e-23,0.10104325220992667,32806734323000597e-23,5991530405043133e-22,0.12555024027536177,0.27402104911667147
17889906197162046e-24,4700479078423802e-22,2275452469704649e-21,2644286552204813e-21,0.6321492275131121,11444775616976672e-22,0.023391511467662402,8451832743987188e-22,7996131916273609e-22,1611753163184527e-20,0.34443494653672946
855473965846488e-22,5360627840114199e-23,13896711621701592e-21,14494011501053335e-23,0.421187457392695,1247246758045938e-22,0.24022903110646873,9758012506000406e-23,0.006401880724508013,20443358746046037e-21,0.33214678430735145
6511073975132861e-24,5489620520931687e-23,5475167264038646e-23,24382579212041724e-24,0.7849302398027952,1067998019141864e-23,24282766957726473e-24,2419345226484135e-23,2757437094914216e-23,0.21506948694876585,45975771070715026e-24
0.0004703644680137398,0.2354645995271382,0.4257922665093162,667219250761283e-22,0.08045974665318438,69824053709323665e-25,0.21668964262137388,16922549346877095e-24,0.04112278864369354,1843380825349597e-22,31661226064230643e-23
5358874227287244e-24,28985388591880497e-22,6139711212544353e-23,2446842659478836e-22,0.999994928102217,2008845916947222e-23,12576537639158704e-23,8638064382854043e-23,786062256277628e-22,1282524601004976e-21,2685532656348254e-22
22587148189012712e-25,0.2419144104820808,966000185717217e-20,22414944351911515e-23,0.59650307278902,4132031771653216e-24,0.14552485881412364,9946179987871588e-23,4443351741159648e-22,0.016046925642152002,2979335973651965e-22
13317129799177586e-23,0.06728604063511086,0.1701858005347195,14536467217704352e-23,0.596307285175459,5615772134481974e-23,680551809495797e-22,11963768604808204e-23,12296399460112929e-21,0.16620716689823575,8879704717477699e-22
1767813457751819e-23,0.7129238057975815,0.2870521719840351,5452082827553836e-23,3973135656333549e-21,24827432344359127e-24,54687522829825784e-24,5207158632275502e-23,19649638395688148e-21,3904829011898245e-23,15661053264591153e-23
0.0062263038157080244,13289274962154758e-23,8498016148730803e-20,1929022008060428e-21,0.510142023908446,8992135859678506e-24,4832705761722417e-22,19053721564333452e-22,4521492608704973e-22,0.4835384961019915,32843134811609423e-22
7049059584331477e-23,8907832475873637e-21,0.8839774230099577,15782506692345801e-22,34326231315599484e-21,16191206704586032e-22,3742348450368825e-21,66942995493806485e-22,0.11145451949139609,5899521075444639e-21,0.004505219403802906
6789239452778619e-24,30856563593090346e-23,0.00017862683571583625,4322682686853866e-23,0.9869630043007527,26811960500670246e-24,0.00010823232135067891,42319078903549065e-24,77684667980669e-21,0.012749572505074067,58639352982862495e-24
6120926008620071e-25,0.8969421457753199,0.08103106295080278,31049684940030834e-24,3094715921210262e-21,16318102760081177e-25,14729354327319547e-23,17779700142159778e-24,0.022019025389762754,4370418212610661e-21,10238311449865551e-23
11313746663940181e-24,0.5509456453890569,0.0004691465858252669,20336817681404292e-23,0.4075580842235085,20045775909622803e-24,0.04102287700069805,844013677311262e-22,3616122753703375e-21,14480551223542726e-23,16674387782198222e-23
1290943937792926e-22,7160478126390217e-20,2950752212530069e-20,8288421493766822e-22,0.7594835013572921,11480358238077119e-23,11803205441975344e-22,5837995033949298e-22,4684039508531237e-22,0.24041157386322157,5072120046751275e-22
42689239747577697e-23,8863110497187636e-20,0.9077879113007402,19550681860180195e-22,19896517436929344e-21,3195318543198237e-21,15495484058406856e-22,48954329389630794e-22,0.09207891512889604,4176384847465968e-21,844730265978031e-20
0.0013136433252060639,0.001816007824382875,0.027172635846482097,6011706892883441e-22,17124297808281288e-22,3211130796974449e-20,0.2108316914222944,7655300621493204e-20,0.05660897503207682,3392986806066765e-22,0.7021457293362303
21609244300507303e-23,2899374416172297e-22,2363071318888008e-21,0.0002642091580820783,8736597717651347e-22,42124602361443523e-23,1983661927163784e-20,0.10848983572340663,0.02060643614048358,926205293130007e-21,0.8706145921464645
1580902870994536e-20,4092035729699531e-21,0.940654818152917,8023089144137619e-23,14997205819985301e-22,9097285187595345e-23,14357293737259354e-22,3287133119996789e-22,0.059321133661555156,8395818952536807e-23,627795886127646e-21
13755278729371387e-23,0.30106101521403794,0.11349695446568989,6101364539705745e-22,5838488656883872e-21,36546614053964017e-23,2402961574629574e-22,0.0011682445664931615,0.047667001976844176,1340536129044676e-22,0.5365994577831127
21599367410660148e-23,0.36113066492155754,0.580094453339953,19907286507829656e-24,17811986931536884e-21,10224679393110917e-24,23517162738549484e-24,21465017257457593e-24,0.05875673738624974,7728306070678401e-24,3352917543723537e-23
4444000526047846e-22,9920949170518184e-22,0.4371014403668221,5754013552970557e-22,5193182966847405e-21,27575446672271706e-23,11235212840005095e-22,15060130405998117e-22,0.04396837649909791,5996633413978627e-22,0.5189194731026552
0.002360904398075044,7770344854383212e-22,0.9929847786288603,13860659899385022e-23,0.0025933891847722415,1182472676306281e-22,22478781189910442e-23,1760626439611642e-22,0.0020589740419727177,13955939397813097e-23,37945112024591194e-23
7797864442447291e-22,3383265649484728e-22,0.13268168896371882,53728812569285256e-24,34225129088416963e-23,68137203930408925e-22,39691695556949395e-22,9660763338326887e-21,0.00010144969425733346,21397456380010916e-23,0.8671946896210606
1454934744412207e-22,22469235542614064e-22,0.000175232125165143,13829853228215436e-21,0.9625084430467749,8720144529995215e-22,0.03726678189579938,2634261960624473e-21,8325430292904171e-21,59613613576006e-19,15527593940903826e-21
29106675336795413e-23,9337236475829475e-23,20313426424806504e-23,443558070941806e-20,16159964380267716e-23,12118170022362507e-23,1095236531560486e-20,10585326629581639e-22,7027975100055766e-21,35762629523034125e-23,0.9999752975651902
0.0007767129305347632,3137761206464664e-22,0.3940953705113048,5622503670094526e-20,30080844914256083e-21,6537119889168349e-22,5678633038426911e-22,4983457456581456e-22,0.002063524832112213,5181321544228881e-22,0.6029755340151134
11297266250377894e-24,0.8008849187095092,27014430971163883e-24,0.07934726306705756,12346345803678152e-23,7616407991511411e-24,9422951909269962e-24,18701405158145965e-24,0.07145885308481248,5561264378862151e-24,0.04830876206142083
7714375823119628e-21,6680165765105137e-22,959021690514421e-21,35585777506778204e-22,1019851684499003e-21,6165705609120558e-20,20677791553021187e-22,6769435499378776e-21,8912607630671228e-21,969010517032046e-21,0.9999057042675812
40700921035183e-19,2783769744944905e-23,1217008150905378e-22,0.014549522887999771,8261243188847716e-23,0.04586509003179777,1850739682119189e-22,6164177811474851e-23,15274899356627328e-23,5281860171129907e-23,0.939580632553813
5901666037225114e-24,28895086752938614e-24,15205311482862412e-23,6377733757519083e-23,0.4488336446376284,9258159765305882e-23,13465719165635566e-23,8819072299592553e-23,8232152630181604e-23,14323540605825518e-23,0.5511655637487217
28940314382115546e-23,27956344647238223e-24,6381736312557487e-23,23328992602579643e-22,48790368574041495e-24,25781804712997954e-21,7175276732416731e-23,3353110075805418e-22,3966459084309075e-23,481427364185224e-22,0.9999709604577043
7887021396687164e-23,3609131888961776e-23,0.15310903194463626,0.09175530620122399,49192112482137365e-24,4789142758482366e-23,3746699064758471e-23,4770617116439684e-23,4206892941435779e-21,21136661548182413e-24,0.7551311366062962
