32019582845975374e-26,10480354677236152e-24,3036053839640566e-23,0.01516788058698217,0.2180920386340976,5785874674514196e-24,0.016068333914247925,9934852631805894e-24,3926757297104828e-24,14416037300864439e-24,0.750671671639936
15577573296004417e-26,29335420870320245e-25,0.0619369422478318,11001585931293785e-23,0.1695240553546789,18994717713198722e-25,15015551784707123e-23,5177868441502523e-24,25700242985451104e-25,26214442464519156e-25,0.7685387268681253
11490893115827462e-21,7368633982571416e-23,1436469349989864e-22,18647605549101811e-23,16805078000527796e-23,14972072390373113e-23,7105448091923455e-23,0.009407784162945302,4082788389870626e-21,8873497584517267e-23,0.990575760785258
32184770072976786e-23,5977277429823423e-23,6391993168900293e-23,0.0008131148781635087,54138158913742664e-24,0.003067502030341518,5829430193754923e-23,54482795629423955e-22,0.0006580802570839862,3331351158519169e-23,0.9954552632684687
799007681158649e-24,0.016637408901943918,41661660658825195e-25,1912091724115409e-22,3573077217373499e-24,34716650483818556e-25,7213146942041337e-25,10722588409719945e-23,0.002224264555798983,5863799661391943e-25,0.981138014789589
18374306430510717e-25,0.018850239941417136,6114796796533907e-23,0.014068014165244093,358988996712324e-22,0.008615129394537391,9651047459229153e-23,2401669371484557e-22,0.006040391252223884,11379951816801727e-24,0.9524257783049156
11500696555625958e-23,13967088414613665e-24,19950578886565982e-24,0.005418255535058635,16959324334733283e-24,0.026813179280478865,5927676050105626e-24,29179856591076804e-24,0.0013818182331833463,6363899103223572e-24,0.9663865395958896
8561268962058002e-24,26854149500059984e-25,3415877947574376e-24,1193989449879484e-20,3973940593751659e-24,0.0076724480932246954,3738174021371961e-24,19047647430044017e-23,0.0001520028165722357,4484364380554912e-24,0.9921633918601892
7483852074784895e-25,1028839689674486e-23,13628336260510432e-24,0.01785185512104498,0.1878643800460321,2293270283331828e-23,0.0018167631069999465,4046419208618136e-23,8087216680727419e-24,5830094485285934e-23,0.7924668472759244
0.00015064379147306715,10774391547902847e-23,22720090758145183e-23,20469596183003298e-23,0.030427900631304596,4077799891951207e-22,10307621128790069e-23,19591936857823642e-23,37760117385209264e-21,0.02194543967064395,0.9474370093729487
2939270246888949e-22,11660249925489311e-24,17774599702471462e-24,3052866374537623e-22,0.038315174895651796,5835898337556403e-22,1917186298375207e-23,5553195766836897e-22,5377414174621831e-21,0.013067720719617636,0.9486099402567806
26292425060611998e-24,5346085319010767e-22,7769709806661276e-23,0.0051919252089040165,0.06241355196293838,0.009761208684658554,1229800608643608e-21,4009616293169124e-23,0.0012655044241467813,0.024346598381976264,0.8970193028425469
4984297596670861e-23,10082876825423943e-22,0.31022961471789473,1196042425185076e-21,0.2547991064919985,306155551388578e-21,47126566700247515e-23,22654140802995928e-23,0.02079631106311511,47220923955398883e-24,0.4141716623716039
8758188573099605e-25,0.02238572112726976,0.12611011615776113,21363028678897383e-24,0.023698738306894864,3627416973663933e-24,7781875760703408e-24,64548093319943875e-25,0.016213442849888633,850552393637928e-23,0.8115919329497256
5951013455529335e-24,3904953133581496e-21,0.13689678810134356,6567491560244047e-22,0.08584642738549064,6453557005180492e-22,10824710949235156e-22,8486325793609558e-22,0.011137714553093814,12563572838506215e-23,0.7661118002123436
5321790656186715e-24,4514246902942487e-23,0.10333023841454293,45655633441567993e-23,0.1595825459016915,7276834267103909e-23,12871680950980501e-24,5428854334371845e-23,0.002563266393926606,6528173637092744e-24,0.7345232958124949
7705614439169244e-26,23071756214955308e-25,0.10692296442013034,1380379007544794e-22,0.27525595464261526,1213874818346277e-24,2067297389714585e-24,243533846274567e-23,23856168981449955e-25,29529358329286468e-25,0.6178209294600971
27827143289621553e-24,7752023575523101e-23,0.03433084807142128,0.00019250646740039904,0.014539008271883863,0.02198518727108708,5284658068727005e-22,13555598295515617e-21,0.0048582933567000615,894930746792277e-20,0.9240710194342718
11013166646987575e-24,227233380729916e-23,4879878983991831e-24,37976808837261616e-24,0.01622616349530281,3120960630571861e-20,5048066774942854e-24,0.004260486823710062,6886671660369251e-23,0.0013212425278258718,0.9781607674898846
3084194884293617e-22,23246061506729974e-23,6177099795438995e-23,9193338832196136e-22,12154409658472129e-21,22361898656511237e-21,12174929551831455e-21,0.010842655391551203,0.00047137870656658996,47454089890657903e-23,0.9886372781381315
8319457868641168e-26,19236687727523115e-25,0.19154566607330825,9672258979305894e-21,0.24185583111143028,7439669098063396e-25,14151426798023345e-25,3946852973379129e-25,0.010858713411997714,12116794447052656e-25,0.5557301113718429
21928314834712175e-24,37186586903062966e-21,0.10873520160741326,35140478731590796e-24,27901047230208167e-24,0.010197968553309263,12078731725888696e-24,10557949489532509e-24,0.015348247513929388,5653077130922308e-24,0.8656812824788583
801225510551599e-23,1412153600192682e-22,4990273797525491e-23,0.028182690955634613,5669600575143955e-23,0.041994834060715094,11558164516863312e-23,11525520721247014e-22,0.008132846832460778,276944690840692e-22,0.9216880764966588
8321837413169966e-22,3372531840950055e-23,3621900768140644e-23,10673532433948002e-21,11517295341581335e-23,1680718463128032e-22,0.007078566737060792,27310005559147876e-21,0.0025795419143963233,42225950364733155e-22,0.9902984998426464
21960946849812443e-24,10835766895668907e-24,8945912733365008e-24,2202920324455939e-22,19660101329350154e-24,14646112363946975e-23,24714513255219445e-24,0.0016443373750908584,9330841479718378e-21,5385235467844405e-23,0.9983458250606776
243902435665841e-23,35603791112114567e-24,52707059324372775e-24,0.007691375988509932,0.08035559963506439,8934392380305963e-20,175666058896683e-20,1021025893056663e-21,1733557420923112e-23,0.000395430506552421,0.9114653641741408
5918927899995868e-26,20572690857446154e-25,0.23442194736054628,73468305816898825e-25,0.4353318134654991,17560321804692e-22,32479066777155413e-25,19803877546219136e-25,18355729526484012e-23,32959252295284432e-25,0.3302460358736319
7098457703925466e-22,15440949777782717e-23,27508189689797446e-23,0.007407311475298354,12890932578776456e-23,0.018028084884853326,60653771491189215e-21,32350215623240397e-23,0.004368945380278296,0.007053991621405369,0.9630794211180265
156911686711581e-20,18546708918355173e-24,18001179932073696e-24,58307699906983625e-24,2408371802881734e-22,11089739152383155e-22,351972039126363e-22,0.011497131518978864,15201081491511746e-21,3106589552473899e-23,0.9884845873528788
5241581293250195e-25,7606430562252179e-24,0.0415716563631226,4993699785996163e-23,0.16181725752553822,5548468166126873e-24,0.03331849952855457,6376695017267306e-24,0.0010211378754827914,75133069927274e-22,0.7622713712012518
4484853141891068e-24,783847726066884e-21,0.26440580391577495,13780962131556738e-22,0.3356435311478618,5446048590813192e-22,6616489631877529e-22,5284548111776302e-22,0.00619049775618065,13056263227342651e-23,0.3937561407406082
15677401439882567e-26,9504184824290969e-25,9781117649024576e-22,16073131924742913e-24,0.08668787430257913,46395623960677025e-26,0.03215902794730023,27849588164849832e-25,5187036671838448e-22,11659009785294507e-24,0.8811515688464395
13291757633704653e-23,4433764954334552e-21,0.1650193924443755,21603498268665724e-21,0.035312731683570464,19959452370727415e-21,12883987113176292e-22,26436688713717552e-24,0.02130534214600008,35230258638524314e-24,0.7783150540272308
11668323298195622e-24,2528023799967678e-22,0.33705839761450923,20400923026625708e-23,0.2520244450103486,6103924365134343e-23,8791135713586075e-23,56571487736697195e-24,0.02952107178056698,11249626784519138e-23,0.3813952991018404
10758919797438832e-26,0.017135108713049053,0.026197295772314406,15647096953863772e-24,0.13041196361365506,4033045412612087e-24,11027887052047235e-24,11642403466746493e-24,5678653399948976e-23,464602933233262e-22,0.8262554861961384
4803577595316906e-25,0.005776144798374227,0.1384247315942776,2985402886140087e-23,0.1194068859905444,39583744786842485e-24,2723904093521179e-22,4495318529769894e-23,0.01556309270353468,0.01965782713568361,0.7011709307274813
12220213596026186e-24,5783756634267121e-24,0.4352422322416423,5523811039852947e-22,0.3861214065414353,1503180355216651e-23,11822810489343624e-24,19662434896204792e-24,0.04269756309043946,7508377342132418e-24,0.1359381737168254
3705691018766705e-23,17720704546359364e-23,0.3314960823792472,18080341662858775e-21,0.1446501326227435,9297546154672041e-22,31674979452140455e-23,35023261741029397e-23,0.04150433626551861,10345927160145788e-23,0.48232945393058085
0.0003885887170434504,19807121261959447e-24,0.2696688655688015,24742133431563714e-24,7382218417291203e-21,1752662073266724e-23,9062640096603417e-24,2197087778045106e-24,0.039464548165221304,564039519058283e-24,0.6904705414314338
0.000268056410857872,3485152341656518e-23,0.22210566616749883,3965496236993313e-23,0.0005124071767883109,2781307268893484e-23,9009373165068829e-24,1384905952315731e-23,0.03374515358605456,581599866454941e-23,0.7433685856648024
11401598707491452e-25,0.01579351224144105,0.2463587010957934,8508253095504848e-23,0.10969691422291777,4987410124599415e-24,1153573539329047e-23,8817428763414632e-25,0.03906696358617028,2477940837671961e-24,0.5890838027481566
8329108620874726e-24,8413869654183139e-23,0.22248487892012783,30532416361603606e-21,0.1380911182769049,43578681306278515e-24,17215768077843183e-23,5978113593786573e-23,0.03169157171627195,30813715807080136e-24,0.6077014998712859
19617374626701747e-24,29559713433160577e-22,0.1942077632032831,4357127742500686e-21,0.18621240395828584,22163305368096543e-23,19614699821252833e-23,22365183532969143e-23,0.024899411383954725,2418944284174931e-23,0.5946724231188627
18307775854357068e-24,6985295421906002e-22,0.170714272153714,14156826578329984e-22,0.3144312507306289,5472597125067563e-22,4947961364926135e-22,1248557058765063e-22,0.017209128228192632,52632254539981425e-24,0.4976419968239011
2892111462781476e-25,303583635782784e-23,16797183958973847e-25,7549766616049428e-24,0.09869216989452004,0.0017316377500294319,2064528083642e-19,3403202589521264e-23,0.0006355565439550805,0.014009135781911269,0.8849312469902438
20800215055035466e-26,17791291963804063e-24,0.084304074267767,4000652439330144e-22,0.5031569985012688,4541726538118126e-24,17772975530218668e-24,5443383823004943e-24,26783706242973336e-24,2537243337563752e-23,0.41253842925220424
110043684733282e-23,3614681537724905e-23,4227886060647853e-22,4208411973139923e-20,0.34515523627272787,23116335860640033e-24,0.03562810987724805,2866701915268652e-23,7648140884511324e-22,46013716279594836e-23,0.619172832959894
3598599425622033e-25,29760672515104848e-24,15905456970449826e-24,18100690861899324e-22,0.25243209157409413,37751811929366755e-24,0.004071139191138324,12031622944470144e-23,1726867249178002e-23,6601463007592804e-23,0.7434946717995622
27957328276043057e-26,1616707111090248e-23,134069669573423e-21,0.006663879487175175,0.21794944628175852,8259722702821531e-24,30258521918404303e-24,5964653229433008e-24,3607651885561571e-22,0.022424725468966115,0.7529613929977061
5823222065497658e-27,1854286567895744e-25,0.1797704448986604,9113216468943999e-23,0.5221759723012338,10860585972534322e-26,4273417425712597e-25,3752688402511989e-25,0.012320429615841974,4985495858579234e-25,0.28573306070210264
6217166789222284e-23,0.0001278662966432714,0.17700505668334884,5911026140321918e-23,0.02824188488299619,20638573242467565e-24,5433611250168319e-23,1357386958524062e-23,0.02923680142025179,55848561246677986e-25,0.765388175301411
4265986361547128e-24,28500665068697205e-25,383682534061999e-23,27699769961972984e-21,31759584217525884e-25,729312080306574e-23,3895972584655997e-24,0.011201107411119297,0.002917995749543132,3744967975431791e-24,0.9858531680064835
27743424234233556e-23,6387392772400534e-23,0.05170515123782532,7948233861977585e-20,7099839424271701e-23,0.014230699131382129,7798052149249907e-22,0.00022018144100155717,0.010957579818031402,7534914894612514e-23,0.9228056385722115
25121694410896583e-26,5602105891661614e-25,0.08684572968974988,0.00496335291488852,25063469076984996e-25,0.03101003174686462,5163618229638728e-25,8654391021804913e-24,0.018160646739752834,4760891598031969e-25,0.8590202259441334
11949057651073164e-25,10668986786054155e-22,0.04838161735815169,0.014136574947909313,9030834895801291e-23,0.03305629205595383,13889683155171967e-23,0.00420103832811142,0.013626808758739013,29327207441603e-22,0.8865963683196488
4492843997163673e-25,11400180038782278e-25,12230039511300355e-25,13435091931079363e-23,1621787350269122e-24,0.00023222682742512807,12083733468611596e-25,0.031248490773034623,0.0036738816733837406,1200695451025302e-24,0.9648452595320778
16367189065806467e-25,4681790780770984e-24,5579441975160086e-24,3173015748982906e-23,5200717648235591e-23,2048484772689674e-22,17685574951635832e-24,0.035055967098691285,0.003099607783021738,1735232140503695e-23,0.9618440895966275
12853517853157666e-26,1908259506142794e-20,6671741294528386e-20,3887956758535433e-22,0.165964310682825,2570893633104757e-24,0.009750583408144407,5782839899770613e-24,0.0035078716202607612,14933183161826107e-22,0.8206895436845111
48845090350685345e-24,18502072779191761e-25,8246110243893352e-25,18513014873678465e-23,408415940123815e-22,10818052545793106e-24,5786066602036876e-23,0.013106514117979461,0.000898435067223572,25425295519448635e-25,0.9859947021018975
11679072595700918e-23,48221044385842585e-25,4822929901905988e-24,3372646719107705e-23,9096497475187224e-24,11277499184461596e-23,11281926635298193e-24,0.01358040427119742,0.0012902377703655297,54836072364824686e-25,0.9851290591591872
11298244176606778e-25,26378731575100965e-24,11899214736044687e-24,0.004159096266854663,0.01980760721828882,0.021798354792686693,0.009040705472847195,9794432347623883e-22,0.005576497235789211,32791970018375973e-25,0.9396167168833309
6457610259330696e-26,7375447751931799e-24,39424894877958e-21,15889648402456344e-22,0.16045469504684196,19233419967156575e-24,0.022927423175064264,5636866005243031e-24,0.004797134309949801,10949063878214736e-25,0.8118190856731919
2175979919422872e-23,2609309416863476e-23,3720374574657372e-23,0.00019566813930377291,27013301912538106e-24,10238537769595267e-23,179278030464433e-20,0.005396477651802223,0.0015369352770718283,29254234151565647e-24,0.992868882441965
2802103562961305e-22,4537127461948793e-21,5166493798127873e-22,4903103005329489e-21,8820931784452454e-23,7157834148552239e-22,25429952865791563e-22,0.000184505869623102,0.0009126930295427916,4870821490820948e-22,0.9988887299404624
6539128226865841e-24,0.01970762909543592,52568821797782175e-24,3176898211163732e-20,0.04936863862851189,51925893546778885e-24,5915561208413617e-22,22061472465286118e-23,0.0027615703131258934,16950324523770158e-23,0.9281293002728965
4691482916910188e-25,7757532730106248e-24,8628141186277668e-23,14884111080768663e-21,0.26142908521696007,17033353617549885e-24,11862569062970698e-23,10854864340557913e-23,0.0003384411348435965,0.008333102708265004,0.729884148113049
6983535478782877e-22,1228909977556817e-22,0.07142009021538057,4812960307140049e-22,17441366291319573e-25,0.006022848308174369,1388247759733554e-21,11106371732842084e-22,0.012474825127766938,5099631534668528e-25,0.9100784326690688
5402749248368802e-24,2201824884836126e-24,17045599093055153e-25,12964482301642075e-24,19647577976512672e-25,31132584369141185e-25,36825774311963574e-25,0.005763899132037504,0.000139567265419771,17864978573709875e-25,0.9940965007818351
5519769038726386e-27,25386770746771643e-25,10652104691844636e-23,0.009942853780333615,0.47646696683600637,297930867701641e-24,0.008357026033709114,8848796803758884e-25,0.0019632959391104546,0.000411848881304812,0.5028578982814379
4897063734123807e-26,6342731593301948e-24,0.010671964551388923,5591919801866774e-22,0.5170983419881506,8646361178657376e-25,23457709737174125e-24,26126083856484156e-25,1739690752984403e-23,50189741392415874e-24,0.47222903356498236
3175235258784151e-23,18783035740727041e-23,14002882186659663e-23,0.001388617391641723,27356820262859995e-23,0.01728882774503018,0.022890969978003852,0.0005979947205965752,0.007920724552526383,15084148071883093e-23,0.9499120815910526
13814822770492614e-27,5971615158061564e-25,1302778173091299e-24,5721712551728784e-22,0.5554506838944755,18147702630616488e-26,7888313239229125e-25,6058171106418492e-25,24937336331637584e-23,0.021508272479837845,0.4230402185884769
10095859202757696e-24,2751636658324514e-22,0.08258783519759623,11254118493411302e-22,0.20010631967579662,8232471499931815e-22,2385308767942324e-21,8730937906495598e-22,0.01149049490681087,34785160631137474e-22,0.7058064485548614
37245374892192344e-25,4811612871133284e-22,40938435031314896e-24,11123965523326555e-21,4832577902824415e-23,0.028917037888941184,1713949204432379e-22,0.009677179800532397,0.0022498540923788155,589344292559177e-22,0.9591439997732374
0.0005959230021386207,875427365396714e-22,11452381528896107e-23,74312852824204884e-25,2725480040631586e-23,3847117631684133e-24,0.010360301644600754,6496775821632835e-23,0.004177906548649515,0.021539842629549628,0.9633257206075482
7370289515657229e-24,16783226104878098e-23,20605017118848538e-23,1855776492933742e-22,0.14559353500323038,0.00046717752765496176,16008794298802756e-23,1502019190933768e-21,0.0004984457753546506,13445275674873287e-22,0.8534372682286826
3675612818930219e-20,7997506482547918e-24,0.0758497502482544,36272723606010297e-23,4794060309099676e-23,0.009527271130674602,38126786131801454e-23,4024690261273311e-21,0.012702098774268181,9972683051693171e-24,0.9018792891224628
29216121576785183e-25,7749480556414957e-23,0.08438295903429242,34904527893185535e-24,0.13553022047682314,2866119739250932e-24,6398134213894783e-24,7813257156057586e-24,0.01217458887677975,9848425427333948e-24,0.767912089365227
26839934157645027e-23,900672945187537e-20,0.06283198352143718,0.0006945331651595833,0.15802917741120512,1116509370838329e-22,64216925708442596e-22,9484546213196769e-22,0.009016868588541517,8489438810620225e-21,0.7694021909479245
23223935906015464e-25,1820381941992336e-23,0.003208616586638265,11139964698109363e-22,0.2645348367690329,12979132825064277e-24,36208087230364136e-24,481622755690925e-22,3184086531795227e-21,0.01377464420654295,0.7184774864790621
8789341608344876e-21,23138163061880467e-23,23881141956547005e-23,2541588318463677e-22,0.011691238908433519,7119909486033499e-23,0.019233395937746096,12567375817904266e-23,0.006430069350757401,0.0014343755659521357,0.9612012096707685
6797033157852893e-25,8105726524609954e-24,4244402334511419e-23,10152683533865462e-23,0.11796260242949196,819056752832141e-23,1146004589141586e-21,15298130732452555e-23,0.000388991022880446,5196795143661264e-21,0.8816417498197338
4887792011297061e-24,15684231371596306e-23,3094137309571053e-22,4240648294514399e-21,0.11744010246432275,2172689054209867e-23,0.01476981146755932,39961966424953816e-23,0.000773114019773787,8284663788848212e-22,0.8670110104432858
25130894722795493e-26,11845364613468543e-24,0.08738842327539897,36856586921830514e-21,0.16744535018314682,1207773190908109e-23,867048339913282e-23,23289877345584012e-24,0.0052806282040653765,5378295478102606e-22,0.7398481477861795
12392128067908389e-25,0.02457458446824363,7990800472467617e-24,10814539954168815e-22,9849288736156292e-24,36124456129891814e-22,708015203918973e-23,15756768910140626e-22,0.004217269120183809,13923093608497685e-21,0.9711879275820089
15661117592670142e-25,27751944138108224e-24,0.022987203774083566,17592144430486807e-22,0.21149279512934377,4274324502728626e-24,2456758499932554e-23,8086844204954473e-24,0.00047828995696907507,0.03021698125837717,0.7348229044197766
13246421577098453e-24,11215568662151121e-23,0.2192080661696098,34537489139708187e-22,0.1710186129826462,7217712969942994e-22,245342760997572e-21,10416101607868308e-22,0.015800783947864095,15193677401726927e-23,0.5939667970882021
4641176290260879e-21,3926970328964167e-20,8539303725363498e-22,32601089276184774e-24,3026489734308331e-22,6809383278025388e-21,0.0076697398424041266,7316711345433291e-21,0.0034465228159248603,0.01213308721640743,0.9766914239706251
1428233655665258e-24,3446598163011873e-22,0.3563249786045215,13332796392960083e-23,0.03996924011640028,5520568518159126e-23,2807556266482721e-22,4889537146313296e-23,0.03162393663115596,8165420249288637e-22,0.572080163833178
7774494754153739e-24,5921393023559155e-23,2740182987615395e-23,36128607646926554e-22,0.09221949141840191,5672742866291868e-23,3133913483373336e-23,2056677049267821e-23,0.001634360984761033,0.03239844341771853,0.8737438882947003
19918726651612037e-25,7629022156056133e-23,0.08081428283915923,14410632496986934e-23,0.061960842566647606,9221877338024169e-22,7434796931221884e-22,6501972509488397e-22,0.00597989833833523,0.0045639853453723405,0.8466784526573886
36596721603685583e-26,11199361211701597e-24,0.5059170244068228,566758113994051e-22,0.2238710574326137,9447751809358579e-24,1422158531289361e-23,1292091699732113e-23,0.037975222980632335,3479478147025966e-23,0.23223655555376263
1922143669017378e-24,15340620998182644e-24,5464462699986887e-22,10900417467871572e-22,0.37140786113349605,589943219018539e-23,53846279982741255e-24,15654573251341757e-24,801785023218814e-23,0.09833009698736575,0.5302603047101884
466382788959932e-23,13326330902812557e-24,0.37522656896214307,3525608738023372e-22,0.4870081579652062,16893502312796707e-24,27253082245173255e-24,5197980463329657e-23,0.014452170240867734,19445029219680482e-23,0.12331244170409172
31645107530675704e-26,9185172563785501e-24,0.3631457686247439,5287290493415461e-22,0.23658496731097725,2238075765283917e-23,34981654046803895e-24,669051231603842e-22,0.02054592456256885,1379649070624696e-22,0.3797225391699964
1986968295936437e-25,22963091117667638e-25,4109015102594247e-24,0.010734531340968079,0.35442624080553964,1991377490127461e-24,0.02976301965947797,845876645397253e-23,18287915698337578e-25,0.002272786972720561,0.602803402338298
7370899033000693e-25,0.014270441814301565,0.08862989398575058,36771327421858487e-25,16778573455906676e-24,0.00020652958169540062,13049707191033164e-24,10157200717691533e-24,0.00916054064724599,4990405028126927e-24,0.8877325445809585
31822712563452855e-27,5584210391740985e-25,0.23915678181762384,8323186595984454e-22,0.5549461769091509,34790310375898474e-26,5087129476521853e-25,6437479707085698e-25,9409609771753369e-23,6073659720230936e-24,0.20589610669230152
18004287202590815e-25,2344850149863149e-23,0.19485061186427777,18509623971183352e-23,0.1530655957335573,5839079116851836e-23,0.004990659681298985,6808033539855924e-23,0.010550324858465824,9833250600186705e-22,0.636541487721094
2369435247626035e-24,24642819903050885e-24,0.3191038792197668,2360056593321871e-22,0.4686462466663495,16372999100998892e-24,20414002564516722e-24,24143139130330744e-24,0.006492207228578864,722635945161294e-19,0.2056850793426284
3607494828391644e-24,11477046132968396e-24,0.10526202422742563,2531253105779584e-23,0.25096719744753665,14372579807027767e-24,20426187932742428e-24,24692675897931045e-24,35916354060827585e-21,0.05307723101652663,0.5906575310663613
9512960697842865e-25,3193792281752485e-23,0.2174466033219431,26754062551693327e-24,0.1753843791255758,3380555332597568e-23,49485857842224296e-24,1037466774269336e-23,0.00887952258825151,0.0019164140299504158,0.596372927625458
2945891298181439e-25,5335337939271493e-24,0.13486546622720333,6720394864643976e-24,3286508142048535e-21,2014739337269767e-24,5758881559048664e-24,2990838194930205e-24,0.01171300208537698,0.0043803202443746594,0.8490379018201315
0.00014757040521763242,3070529643188079e-20,27414012680171006e-21,15451200869438472e-21,3252985261563635e-21,13299050117144463e-22,0.04228125786295388,2470257950342213e-21,0.007339634615217191,35680619046472243e-22,0.9501473453965011
34906465959091463e-26,27021706532330807e-25,0.15187147790102026,3065656090025494e-23,0.23797902240164334,32375743662707797e-25,4901294698114119e-24,5555913651499867e-24,0.00018457872506250192,0.005147734886494234,0.604817138683429
34053661649785877e-24,14103293595432955e-24,12953730845640377e-24,1546253280201002e-22,19677697229241068e-24,34191087242225684e-24,0.009532230528123834,28716094478811182e-24,0.0019977836596452737,22407046395941758e-24,0.9884696650842915
29318394117305273e-26,29274499385810072e-25,53041537615567186e-24,0.014020632756055463,0.21272777353552869,7117692645366306e-25,16884588564593407e-24,4013084897604425e-24,12953439204445114e-25,0.030831606900818376,0.7424199076406569
22619496081883097e-24,1111344942725197e-23,13346580831442702e-24,0.002151898986952663,10167834749869688e-24,0.013748688395203153,24437978895642947e-24,8461153230340931e-22,0.00014093276927075547,1655886031087277e-23,0.9839575354890503
0.00038946456326728027,7308396537884353e-20,2612717597004023e-22,21365420019065277e-23,8421909806446662e-23,5029236671001993e-23,17715335515727016e-23,9809804544427806e-23,0.0005260399143534975,0.018495062985415874,0.9805154638827591
4538696577310758e-23,9575893183062466e-24,18801351046922383e-24,0.008641533838678486,1931499678589834e-23,17271046306528364e-24,2911239447563845e-23,35995949348931676e-24,0.0009129096681766592,6826161064040027e-21,0.9904385548734839
6551671527329488e-23,41735059046855e-21,5687236610961211e-23,24829738482645995e-21,8246072650419866e-23,0.0016992159523138437,15391215329773606e-23,37522998052028878e-22,9240463013900438e-20,16466845816119526e-23,0.998179232213781
0.001690556469420768,32283034805728196e-24,0.011136508615752298,9066274449537218e-23,10038338702218624e-23,3188504095301499e-23,3688303696376637e-23,38762390664836265e-24,38841885527718037e-23,0.06319441244979097,0.9239778031865458
3483894243299825e-23,8978439160761908e-23,8807304329077645e-23,3433999352932729e-21,9733706405647347e-23,10690373532269232e-23,3158396559752949e-22,4907531534599747e-22,18423107520708384e-22,11840913787549072e-23,0.9999933817507711
2797646795117533e-22,5027119332089142e-23,8509741692831358e-23,973245375629646e-20,1844288678614868e-23,9737314578613012e-20,16086775580917206e-22,11110497438267844e-22,39957640814584417e-23,6445658061453538e-22,0.9998886969547646
40415242797045813e-24,25460428508788626e-24,7387716087429218e-23,0.009194336917728013,8332843341309132e-23,18450135155801821e-22,38783031399339695e-24,11545667465332038e-23,0.0016466545718900726,49733879889601195e-24,0.9891567364420149
745605173028106e-23,0.027667367700150155,15946700729824913e-22,18618060290773911e-23,9871572375482322e-23,24441470773064756e-22,8199332156320749e-23,3764135081603499e-22,2249254947361525e-20,0.002908596449425278,0.9693967537245931
23271169262552448e-24,30293328506105595e-22,0.13483034393426435,30700155266931135e-23,15770787504850033e-22,2176639998263933e-22,6508789467056221e-22,4560413885940667e-22,0.009376141267194922,1001634394968932e-20,0.8557772371859328
13435880169467632e-26,16052457780825418e-25,12959949212642544e-24,0.011284666001331937,0.19703032534442713,46444065372354267e-26,8979236511544639e-22,4118521366963308e-24,25262450725643328e-24,0.006280384448778742,0.7854036817368807
11409705893703691e-25,0.0511455878601978,0.0035688905898708856,0.04830692483004028,0.003117697017623252,975152472352317e-23,8126286328195364e-24,14231370267952503e-24,0.01536015503010431,1200649998672835e-21,0.8784995107720048
3986201441414764e-24,14550188008496224e-23,2212812340096242e-22,36293717563855516e-22,2377663425972232e-22,24775456059480793e-24,16333553190853772e-23,44279727322599514e-23,1659365909468639e-20,342151772953412e-22,0.999978503310052
1887446113835063e-24,0.021071815021529414,0.17299837648910288,7291046501126292e-23,0.18278449969908409,8364348365628971e-24,2529919381889825e-23,25619305821064036e-24,0.009278898632698962,7176295042707185e-23,0.613866204313871
7136444947387986e-25,8031545420854374e-24,0.046008896141401745,0.0010796435941198106,0.18412551886611303,36352790581999436e-25,5776511571808648e-24,9574201948322436e-24,0.00046642552878178005,1144576956877613e-23,0.7683194766926196
2735737841306776e-23,1050051697854546e-21,0.0001110336769605787,0.015705771392730928,0.21914311408783888,1181189120031984e-22,9602382279242333e-23,27671347884924223e-23,0.0012774305179436788,0.044103348173066166,0.7196577338861487
44564873648144865e-25,666563920864137e-23,26408501900734623e-24,19263814463737022e-23,30872665543042395e-24,11520353639526918e-24,7490762633464e-21,15793649121034975e-23,0.0010182024490124342,2366746332100379e-23,0.9989813359076626
12262581800093582e-24,4534992488369196e-23,5684636026882651e-23,22802285786459455e-22,31157673927005964e-23,21714046259163243e-24,17799433225348584e-24,3042843652616109e-22,0.0017011775628193412,7215765644927183e-23,0.9982957002174945
28355356542425777e-23,4121815305778545e-23,28743765381332304e-24,3627073084422653e-22,3917231504585967e-23,7073853054269721e-23,1235705262119954e-22,4346982914884916e-22,19145387277494288e-21,3724613696648927e-23,0.9999794329641299
0.00021375430893310124,0.016041842866541478,9315504055043904e-23,13196945073827072e-22,47399736733905746e-23,23703563101450183e-24,16174650207326453e-24,3212005477500358e-23,0.002432336643617968,0.021473685225367956,0.9598364221103561
15425722700947934e-24,3974738410838264e-23,40034787978247955e-24,0.017032426225672574,28055968863556746e-24,3687560181556375e-21,15682425941799233e-24,7470107943946981e-23,0.005750450736678915,22374751653229225e-24,0.9772131994553462
34556266920098294e-24,997016362078259e-23,46878096493298524e-24,44881564418797466e-24,6080959530182917e-23,0.0003578985501181362,21849614367988178e-23,11853984352269092e-23,8541155717275875e-20,8157734232772971e-23,0.999556074183693
13626850892514142e-26,2257005208315243e-24,13240221534547734e-22,0.00410844825675767,0.5192624341226287,5989672091314722e-25,28680182261049984e-25,437562386629013e-23,11465740030510658e-25,0.10026034161877184,0.3763674405972462
14803173385745232e-25,0.028808983806316992,0.038561906506814236,1683522428309581e-22,0.41717411605978877,48394915905966496e-25,20508961575807974e-24,4040402649374806e-23,9818318833925658e-21,0.10952865977880905,0.4059162799443458
105828982059692e-22,12071769853377594e-22,43576768368807305e-22,0.01528615764098741,0.40144597653390085,3485176837288691e-23,6146803733332097e-23,23493849318775486e-23,783107350175091e-21,0.07579497616572116,0.5074661998570195
3959776731487143e-23,1931985752034279e-21,2918780381391372e-21,2833718524891161e-21,2255296664798377e-21,8153883927301205e-22,7543305814001854e-22,21994835867460703e-21,0.002194367547568635,13089791773533413e-23,0.9977719576217773
2675585653094398e-24,5419238912266595e-22,0.05980668802743148,0.04274910857353152,0.0949092825912228,35962557830732404e-24,1728027278129836e-22,19066157772214005e-23,0.015476273930361883,37894126156774114e-24,0.7870576654671918
8767861279288483e-25,14339285583970039e-24,0.027578361185968348,0.057825900160644976,0.07929692683344011,29264812959749022e-24,4170676463719164e-20,1736797190608978e-23,0.016951204371394184,6369712849051026e-20,0.8182421417065682
31776834964014802e-25,4468158379533077e-23,4289387542741305e-21,0.09158359071645379,0.22598453597065962,13791097484103445e-24,28385920275132158e-24,9830119485363416e-24,0.015288150040085824,9043399696327878e-23,0.6671392435848866
47257702645224505e-24,8883500689330724e-23,1995222004039674e-22,183495324624539e-21,8467788310242887e-23,20524431133878065e-23,10683440685105641e-23,13287266459038533e-23,9794879615531707e-21,5088570251751397e-23,0.9999891054951816
5885792204231464e-25,20952029649159103e-24,5619724450622431e-23,0.1254369675325655,0.5686976523457522,6388141461886993e-24,11881326996401563e-24,1529328192917399e-23,0.0033871817519527114,23026731243234685e-24,0.30247806404059063
13859360817695613e-23,34365534270551384e-24,41283640454082166e-24,716254789915073e-22,3393974486656555e-23,2684654511443446e-21,14924757134585125e-23,4625386584276598e-22,7231116692238181e-23,28727588877252282e-24,0.9999962827124962
26583284937167647e-24,10610230834402247e-23,0.05547770419561706,0.007575272986852049,0.00397383738462639,2419182667385485e-23,4482196504189672e-23,41213137568116255e-24,0.00927689806419269,2427380230806712e-23,0.923696020182387
6172820602829476e-20,3540853939863693e-20,0.016830889385150826,9582313081617207e-22,0.059867265052646966,41984331482268073e-23,0.01564561384814629,24605067181120976e-22,12803473799027866e-22,0.019417553748870716,0.8881364222910373
3337604189140126e-23,17592977707706327e-23,10409040988334405e-22,20003392858099043e-22,0.09793381226724476,37341880077160393e-23,0.0037339447612915323,4489206762994127e-22,2428140464888037e-21,2974851336608555e-20,0.8982959934289496
15580269570973186e-23,7855316909691463e-24,8724674287887389e-20,4801545860122162e-23,0.0646785720433702,17177301993731856e-24,0.03685449944571696,2132449434450919e-23,0.0009528365853443327,8207813887418667e-22,0.8974257742260342
34181553154684655e-25,8331666114526519e-23,9953311686087141e-21,0.013307902292320607,0.35314700478686933,6879048977955555e-24,712628819300015e-22,9321186847393915e-23,34056947634806107e-25,0.07096286627729476,0.5625720118375312
10107075674107895e-24,0.013775464514537025,0.15358463263449884,8300041383407038e-23,0.12795139232224334,17645795098356032e-24,0.03114422219017605,9041641244641161e-23,0.010844934641213244,2132421694184413e-21,0.662697020108751
840922775300942e-24,268203686660276e-21,3449441416468831e-23,0.0022198561072130875,0.28043388273351955,7138265092579804e-24,37261055606148126e-24,41850853590063365e-24,10412393168754054e-24,0.00036709889115270404,0.7169787620665401
15414302423566335e-24,7074955568081619e-21,0.12081333190574037,7249405632019914e-22,0.42455410958790274,10437459471124675e-24,20001903729339587e-21,14937678407422493e-23,3640143931861959e-22,0.05919483401320521,0.3954093834503572
39116975980535326e-24,0.00043742141492041087,0.04970725990961696,4245693558302465e-22,0.15102793617780236,13383716011539512e-23,1640674222680847e-22,23669704543536135e-23,8720956659941299e-21,0.03326474170025425,0.7655529215527855
2388323728085012e-25,0.05634609387019517,0.36457481409878806,5996850259729242e-24,0.21859061095460003,9809173990673877e-25,4493219058109623e-24,21937215510780937e-25,0.028653344397941757,3168565010617588e-24,0.3318351196061872
13558231389899958e-26,9725858105041831e-25,0.05884958210507242,7677503410634807e-23,0.4427204486428468,25857544709331416e-26,5767999462205166e-25,7584571072822841e-25,9219509457358184e-24,0.12151681939512836,0.37691306116099044
2823411896103775e-23,38582371210478295e-22,0.13645315881476744,7258121746031127e-23,65127999759751875e-22,5699274436376834e-23,4624332045242933e-21,8678063681323534e-21,0.01745172897989198,535621958622596e-20,0.8460659247448941
28991379368116095e-26,32565399511625548e-25,0.10658813315964177,43129112065757105e-22,0.40418788856376675,1116454141973734e-24,4252286150514233e-23,1963221696722879e-23,8215157983061639e-22,0.021306913403125592,0.4679118636284699
8220290470567231e-24,0.10302910452121755,0.17123578660800176,7364824367533707e-20,0.09228917291534855,22027005248458356e-24,12757084378453426e-23,8793642768939666e-23,0.020623995080478606,5634716620404201e-22,0.6127474834047344
1411982392531559e-25,0.05740262650662986,0.10376837219330556,2561049271410348e-21,0.15675693063682522,5817314080179298e-25,8708796928818846e-20,2428052412892037e-24,0.008275707505189597,8105458469689504e-23,0.6737066299339848
5066733023976418e-24,11285074942144481e-23,0.04239509904451095,0.006247317257722086,0.3230252485276471,9890067633764711e-24,6994806262977664e-23,8147149703145058e-23,5297667430420312e-22,0.0645199853864915,0.5638115407897671
4201774081001682e-24,2924415782769838e-22,0.269558248066594,11282907060086124e-24,0.0012768552271128332,1568574712300833e-23,115732581934456e-22,28054968118316856e-24,0.03441656696026851,7451539924979885e-24,0.6947479590541646
0.00017017561261891938,0.0008189994679362672,0.0071944148336711795,5132271367006395e-23,11738094485536462e-23,22393094984687542e-23,0.03115529906376256,476899981514782e-20,0.008923835291614321,2981573561990469e-23,0.9517320842802367
2934245543476735e-22,9657177555984754e-23,534197801629355e-20,34085436157956644e-21,2288331075760478e-21,21602418947289987e-23,21657058997465916e-22,0.01679308872260271,0.0030990132400554302,42031648131156666e-23,0.9800629902491914
2053646179045731e-24,7633301059999683e-22,0.34535755111509553,6247730194097141e-24,32020709448221207e-22,782191517511277e-23,13614980983481535e-23,12257878764391754e-23,0.042728544676195926,14961385260398857e-25,0.6119096625523343
6649961563132383e-23,0.04641574451727287,0.01727180627006405,21403854820638768e-23,25038301581407213e-21,48891896030519e-20,8585051679751366e-23,0.0005943958967908533,0.007496487155059411,42025509945091597e-24,0.9281956305260826
3744467450368381e-24,0.027531207868422482,0.20517464298967727,12724573886593882e-22,0.15650675571845493,18037646045954984e-24,46095566707337563e-23,10313726708308853e-23,0.028824619512866502,14505083530817277e-24,0.5819609010730582
5030604463715732e-23,0.000427475968042297,0.06717765137499071,22711729535001653e-23,403894570010795e-20,135176573631967e-20,1980786090971878e-20,4255995622738217e-22,0.007043521729314949,44922433661215364e-22,0.9253209570890365
485366309459924e-23,20993113681435163e-23,0.2810527391541136,3169418258695732e-23,0.23968037070375958,16953335865127507e-24,6012676109439467e-23,2605699385949429e-23,0.027809274799327096,32090935059231236e-24,0.45145723363579254
2899997092173787e-23,1511532972205045e-22,0.020403587335572803,58264450455145044e-24,9084896785193505e-23,8851472287138624e-22,12052539352941648e-22,6634358539296794e-23,8147352544961447e-21,4828376056963727e-23,0.9795857310166856
10754394449759266e-24,5503740614313508e-23,0.0010547456773004628,9473473828730967e-21,0.2745527064933196,2835749161009462e-23,0.015636787021464735,7539321794341176e-23,0.00026622204119214777,4482521488057071e-21,0.7084754132289632
1758670655468171e-22,4802107562832397e-23,10296599783147032e-23,3296035775980069e-21,8345722066976124e-23,6302854454704846e-23,5241407702711204e-21,5291953201600714e-22,31485246010759223e-22,14811797005048917e-23,0.9999871633787258
0.00011046113576385015,6768037208585098e-23,0.06114000560998525,5531794501758896e-22,3348641518465922e-21,11479395010206283e-23,11992979958617515e-23,10954728707587412e-23,0.000499668804713816,10134500771707193e-23,0.9382454493321484
8925705245430887e-23,0.12333238901464329,6462024612458727e-23,0.012127821378341916,1399105051196159e-22,4182709126461212e-23,10697357187323924e-23,6056894414788804e-23,0.011150983094183836,742684509321411e-22,0.8533882290870168
3040225726786971e-21,1250598247785942e-22,40875075085558e-20,73533933502164216e-22,45009894815210524e-23,0.00010470514280711842,10777032999408038e-22,9026004818124718e-21,2914417211379364e-20,5399445022433665e-22,0.9998441295038583
4626732032944731e-21,30497168773813494e-23,2388610650750106e-21,0.0018663544671341996,13730182578614582e-22,0.007654874960673946,7268879792771195e-21,10503493334905134e-22,2241365705390757e-20,7960337576104372e-22,0.9904385483196254
14937269072726718e-25,27776251942807287e-24,3034007944896516e-22,1078576687967188e-23,0.06963810254096796,16602667839625237e-23,5879230772250622e-22,16043928151945636e-23,18186748233529407e-24,6301352195277533e-22,0.930359991291487
3358863801534152e-23,14399716381008005e-24,24458180522757882e-24,45418205898463404e-23,22944288105150468e-24,32005319003756017e-22,20839663754376505e-24,5891945729450842e-23,351902209500116e-22,19186836817175313e-24,0.9999961157590387
40756320865521606e-25,385478216198717e-23,0.02353404198137276,0.014148543245234756,4675750761232164e-24,17271484593637884e-25,6556735287349722e-24,4315624254847051e-24,18890451018218965e-24,13546131770408447e-25,0.9623173693226551
