4406173304926003e-24,7326195938582475e-23,32478083993098185e-23,0.018817383291848382,0.283652938423296,4770330350295112e-23,0.02200803552863417,11140787222220308e-23,44966417426115155e-24,38200558767724005e-24,0.6755209980315704
2001867675652954e-25,925918813305896e-23,0.08033144766946396,12167724836189788e-23,0.22034394282697453,3878429194601238e-24,2184676417928249e-22,4871310353344848e-23,189928226841545e-23,5877447233937213e-24,0.6993241995314731
860022667877899e-22,19758149953769953e-24,43948768131230044e-24,5315206314099574e-23,45144796367882926e-24,4061230059313691e-23,2473400876818125e-23,0.013114621680245728,6198123732359964e-23,29350996986347005e-24,0.9868849736351664
5862580983930379e-23,6706326610668296e-23,7173010675871254e-23,0.0009183847741185349,6521677468278087e-23,0.004281370092123472,6615515340005445e-23,6220960049566407e-21,0.0008294734527750663,38036295935375144e-24,0.9939641838935267
53599252058407875e-25,0.02179232537488666,1868983231148778e-23,8910366866022419e-21,311707133198123e-22,2010492464601053e-23,9493373004639908e-24,46497819274982435e-23,0.0030205168413026066,5801518654278543e-24,0.9751776918184712
57175201614540464e-27,0.024448483665900987,1789466480782488e-22,0.01820710378129695,31183426782768166e-24,0.011131785872993618,4588521050142998e-22,5669524269063081e-22,0.007811534325410001,9338410378654809e-24,0.9383998470245885
6069345861187637e-23,5326006536249836e-22,9134614980144552e-22,0.0067445236173717706,6223667464648437e-22,0.03500361529254148,1296517895727994e-22,977285712900212e-21,0.0017460061884860374,9874331586631322e-23,0.9565025200996126
18088483291997034e-25,35920530858868516e-26,45773474189966893e-26,15110137651761228e-21,5336574941930416e-25,0.010123016990254053,5228030345410846e-25,36928203692302076e-23,23943999577572878e-21,6252044093205583e-25,0.9898375552830265
12486611036007425e-26,17877199225556777e-25,22796991416803667e-25,0.023245617140885494,0.244247199916,32207513545089604e-25,0.0020622728260872017,40955624675573546e-25,13422823570291455e-25,933928643838175e-23,0.7304448879268979
0.00019233123179810522,6905567426167594e-24,1446776618120546e-23,19790969277942283e-24,0.03976433716046455,45911117138552826e-24,66062726975855845e-25,5190851071734335e-23,12414463724541026e-22,0.028587031224045233,0.931454913347116
10448254385735638e-25,63670461126053556e-25,802732056129061e-23,8263937134277565e-23,0.04979887454504376,15158466854021228e-22,1050987186678757e-23,7314598108573517e-22,11324421164651821e-21,0.017071351351479476,0.9331160937873805
15869384858397203e-24,15034723226734338e-23,6724722300280755e-23,0.007218377035138296,0.08126406536672356,0.01289984672670156,18909188874041418e-23,2121420995449526e-23,0.0018585697287107105,0.03221060529648303,0.8645480920763114
17138030096173293e-25,32219353341203516e-23,0.4023115839778543,20201107036658364e-23,0.3314252622968501,15153955542262091e-23,8474483366168997e-23,13778754708253448e-23,0.026871148845884766,26941687449921912e-24,0.23939107795254533
21917648715201308e-23,0.029052534785252094,0.16420394829604254,3477309210919301e-23,0.02986867189645953,14353684446222399e-24,19573533795286236e-24,16820083449456538e-24,0.021038672393930622,4291763370501703e-23,0.7558358250138283
1606675920672825e-24,20474552776672872e-23,0.17754395926369654,34889543530705264e-23,0.11168216036772013,17646409170779576e-24,7199438338997224e-23,24164708322782873e-24,0.014390539072456104,3260652671075855e-23,0.6963826396364801
55934855180857715e-27,17844856007110781e-25,0.13413157230079006,61948600951053145e-25,0.20835623621337682,1090244816938929e-24,45449722111738334e-26,10211141970989648e-25,0.0032269463746508265,5877088934271698e-25,0.6542852339221925
2868409355742374e-25,349960414009797e-23,0.13895965770265123,13880856271767164e-22,0.35664876698371534,1353502831772107e-24,2657804629967546e-24,30278348802679516e-25,17179798172193123e-25,1123708036594262e-24,0.5043901735633053
6769164899338885e-24,9935576906331446e-23,0.04502403101484045,6158790813421181e-21,0.01892247120299186,0.028494661249993048,3621804480512413e-23,7223122464475523e-22,0.006335907320967983,241652043751175e-21,0.9012156641131426
716461563074121e-22,6130407376656169e-22,15599771514873998e-23,16703162425481423e-22,0.021044699673080376,0.0001287076716803225,3829972025748425e-22,0.005132667270335869,4489321481442186e-21,0.001808536533133922,0.971878005532234
9781506646561718e-22,11202415950681435e-23,957462858574205e-22,3259699361883989e-22,13021030988315642e-22,34338908849158796e-22,4394902106328886e-21,0.013750404705329499,0.00043744369638514674,24540143168630643e-22,0.985799054796832
25841138205246324e-25,16030095919085575e-23,0.24885331796726332,0.00011963966619891,0.3143775707093085,7372919194544532e-22,9884588726907518e-22,5577300240484666e-22,0.0141203168040055,8490828036739566e-23,0.4225266236457627
3472879745524815e-24,15262339836320262e-21,0.140663094852838,6339467770187073e-23,4164181715735005e-23,0.01352399327446426,18017876440395428e-24,1763148764406641e-23,0.0198584647052047,9998595973609e-21,0.8259390306703207
25792059813170263e-26,32717691164048715e-24,214373380059964e-23,0.03650735769533799,2011652026096225e-24,0.054628821107197814,25019053962718326e-24,3271640790062291e-21,0.010554626333098376,9995348182262296e-25,0.8983058600740035
15519111686718828e-23,3944539421265452e-24,592855307443296e-23,7167078014449753e-22,11198974586134814e-24,16370738371112144e-24,0.009962520828462646,4671643195057175e-21,0.0035758999351928077,151646488088058e-20,0.9864544817865444
6260745882162259e-23,26831082371830302e-24,23317583639561326e-24,3473328505665147e-22,8532362398056058e-23,42422334321959136e-23,7485249363381639e-23,0.0019742829733877796,22986894223921053e-21,6111694934860541e-23,0.9980016245270029
9175681920531207e-24,18312360584261224e-23,29288753846100667e-23,0.010240504889174771,0.10526253523762212,0.0002843692406311949,3108601587973871e-20,5448638713592669e-21,3382952166816525e-23,0.0003342786109918248,0.8838412583506438
5973431911649767e-24,23232452482997974e-23,0.3048800325820546,62709448866015306e-22,0.565240485476883,19539772734019255e-23,4082670825766831e-22,2260426385802988e-22,23337400236098885e-22,5260334821644386e-22,0.12986928321769486
9400992221624864e-24,627928545718209e-23,12593721272605676e-24,0.009467368957129471,12090768943975475e-24,0.02341916480313026,5315731489961037e-22,13814097616214327e-24,0.00564148620727826,0.009255572981015845,0.9522158213870578
6252608196194094e-22,22314599356907602e-25,202789488240357e-23,64528935917029855e-25,5507976930469077e-23,2251179987602604e-22,2636052901505108e-24,0.015014801462137182,3927536222043837e-21,3746582930417153e-24,0.9849803484481708
1377527555758383e-25,21721582968222405e-25,0.05460299341918357,6980865236678728e-24,0.2099270930148638,15919801532324677e-25,0.043163759065232975,16677758901245803e-25,0.0014204696193263462,1849613810591291e-24,0.690885670481278
5932262108384219e-26,16487677319540904e-25,0.34368141551682924,19258925117201348e-24,0.43638632892068074,21995563689169786e-25,3076692532443603e-24,1941463260743849e-24,0.008068316142547674,3550409179081456e-24,0.21186390768575694
14727760425122899e-25,10168543398134464e-23,8562684634862193e-21,6408181098456025e-22,0.11213046661859448,855352542749622e-22,0.04159827642835929,1722230043811672e-22,11905735632505312e-22,22453985532402015e-23,0.8462602774607563
15911221291250304e-24,16859760954932762e-23,0.21520299537727744,9607295572831406e-22,0.04474373896751117,14671269459782431e-22,10417946821742939e-23,2855225352950713e-23,0.027819858132536054,3061253132632802e-23,0.7122306318125032
2536132583480306e-24,10890631026731592e-25,0.4375685244688055,9107686932431633e-25,0.328095412803033,32210225111852836e-26,4895041780747016e-25,2413938823020011e-25,0.03819619320356565,45330970398506364e-26,0.19613986356251145
8069643776681019e-24,0.02219953551753471,0.033958005822062445,22988409173120913e-21,0.16958764654421135,3612656292649159e-22,21123293867084937e-22,1629896621926276e-21,2951399628604642e-21,9218663206560788e-21,0.7742155420829373
5197094641909004e-25,0.007534938829596214,0.18027489264622742,12092628429804213e-24,0.1551351431087933,15499956689338864e-25,11996163705368175e-24,4306586121297944e-24,0.02026877974042375,0.025451773020274612,0.6113344421896101
13993329449126681e-27,17983061534070624e-25,0.5142704789856547,8265302269658139e-24,0.43558087414288954,37623137940570464e-26,23832548977757104e-26,2477583227982531e-25,0.050148481341033134,13037829288186101e-26,15446015045643348e-23
35594502283673917e-25,13424097736879583e-23,0.4332777072567726,8393556873267021e-22,0.18807706221074258,1920785656794317e-22,29614601178721225e-24,55064975106621343e-24,0.05432046363721335,60343788956680515e-25,0.3243235097274445
0.0005044325294179643,9775534082897591e-22,0.35069391953653944,15863435267765726e-22,3639085300193544e-20,15442006538704019e-22,400530271983202e-21,1411554329818354e-22,0.05130654210282666,3140408258241013e-23,0.5974540337909182
0.0003398373256841657,2587708780322046e-22,0.28835050042096055,1394955453394971e-22,0.0018211846346175746,23809231376582351e-23,41818083362376174e-24,7298875670474778e-23,0.04378805201735408,25259859710039523e-24,0.6656996491759599
5424240293776265e-24,0.020893288513839783,0.32059977857776556,413475574055767e-22,0.14256968824720537,13662362292924345e-24,15386958525922132e-24,15656741030449358e-24,0.0508935395059475,187125242178531e-22,0.465043594964835
15858496134529174e-23,11335883085617158e-22,0.2893045497581648,3054625950011926e-20,0.17920739131545016,12712841569295773e-23,37830329768044003e-23,2352298710705135e-22,0.04127071154846219,7446646876366278e-23,0.49018469382002355
44761971881378593e-26,14021758528849724e-22,0.25349144544664043,28962436881649237e-22,0.24117607861144427,20942822659604667e-24,112993935982793e-22,1017822574178362e-23,0.03270594416019031,6279488559907594e-24,0.4726221842146384
1964931001557041e-25,8444381914021235e-24,0.22179860203565327,3779721002194506e-23,0.40875250209398534,374148555937261e-23,3383814733048514e-23,26036909177764526e-25,0.0223491680114722,40055691270769476e-24,0.3470996011819857
4605433776552278e-24,3472080479507821e-23,399896940871954e-22,10522349594825641e-23,0.1280781987117827,0.00237718964503542,1552150055504536e-22,4732733056239213e-22,0.0008136019043345001,0.01823386063661543,0.8504963360745336
6864552585992413e-26,59312136867279985e-25,0.10948186427549375,7026004427452894e-22,0.653374151005699,4074460533791946e-24,9749060452661788e-23,63563454133189264e-25,5477731778535556e-22,6858011768971547e-23,0.23714255184422944
4211832278894026e-24,31156994882136483e-23,1352058899684673e-21,24872935584656732e-21,0.4492923066347053,5008152578389075e-22,0.046239754687039905,5443217015193496e-22,5410589229604122e-23,19774042053705818e-23,0.5044402148355863
2157818905653874e-24,10643377418896401e-23,2579967714420319e-22,31845863252848725e-21,0.3285621607000829,17943998750853722e-23,0.005264188171872429,14735697859024244e-22,361047797483861e-22,37044808912815454e-23,0.6661393791138102
290761928942236e-23,33444408458326583e-22,9895831324715284e-21,0.008470211194711785,0.28315769425109827,1273889723072333e-22,17641148126419499e-22,129881246100111e-21,8561425221523331e-21,0.02894552257044658,0.6794027460102952
4693211179090841e-25,7549730422446576e-24,0.23380513401610076,7768185536497384e-21,0.6792190441822212,14454908211700576e-24,17985524097539106e-24,14893583439344208e-24,0.015978423045724707,317206214814243e-22,0.07098954352552754
1528705937183483e-22,0.0002035941541231954,0.22974625461727102,17755449193229815e-22,0.03695192199904227,17153126496970458e-23,3096994370970212e-22,6330587089978044e-23,0.037923980058567355,2071166949140071e-23,0.6951717555070356
7698508425860145e-24,15960568358142088e-24,23492041331000676e-24,3275140726508312e-20,14061957247766838e-24,4889471724531128e-22,7057059382570567e-23,0.014436686763679893,0.003892064370415835,23670802775129217e-24,0.9816378530569947
10070912432218995e-23,21592143547349026e-24,0.06653010280589162,0.00011526968534553042,28440178565812575e-24,0.018291059697694706,9253903009946696e-23,0.0003200677831882049,0.014050646727813872,2194186326472054e-23,0.9006925880777267
933345953606724e-23,17157007223548537e-24,0.11227227255634897,0.006300348362237019,5277332238860701e-23,0.040011053304296586,23071694559077173e-24,36828662954889804e-22,0.023386007954541245,20112500039074956e-24,0.818026512508297
5148006078328355e-25,2017414536977409e-23,0.06303350556588418,0.018288688644218457,130405134135524e-23,0.043285366213818614,9803529956930852e-25,0.005300735091969029,0.01772078726056702,462187343512542e-24,0.852370893788021
2838472323799037e-24,22721150912803756e-25,25041169118231304e-25,8549584300999785e-21,33896693908400167e-25,0.00038836936230405954,343592923452848e-23,0.04047168401882397,0.004702434679394742,4779754741492749e-24,0.9544289431351187
2070550813258701e-24,36882407359578873e-25,4669077990689432e-24,2843242144173932e-23,20887178290122288e-24,5380345610454595e-23,10565630584942105e-24,0.04590174261376619,0.004038789466749233,12434105466603955e-24,0.9500593313688229
259333904370794e-24,36119045751787596e-21,0.00013013695095545467,9945755284343017e-22,0.2156597008274436,52070636926593845e-25,0.012693498327980298,27902716895288504e-24,0.004573274102384121,2480802055648083e-21,0.7669037619987675
28807730194490207e-23,10871923371319423e-24,10977174287177007e-24,14346287876555155e-23,8601556259549044e-23,23403023342541095e-24,4388740396836476e-23,0.017081938577998237,0.001203266596852176,10233215443470686e-24,0.9817141778966657
700047692589943e-22,6441938815511578e-24,6639716558841886e-24,4509120669182292e-23,1348377916728089e-23,8921381216105447e-23,16326586474232298e-24,0.01778293501573243,0.0018679362196506758,9008681818811694e-24,0.9803488725541306
5731716812719838e-25,6794826718441917e-24,57893379991012666e-25,0.005181316773030623,0.025738275927692896,0.028287735408853654,0.011791473403865,18461193740920447e-23,0.007221337998368589,23526455139391406e-25,0.921779660366269
3326205272598961e-25,14702237588541793e-24,13655505237226981e-23,1590080765496738e-20,0.20849032712507765,2260138724573194e-22,0.029873543125718705,20033940570744882e-24,0.006283820786900111,13944236535954318e-24,0.7553359965736445
7660949088155436e-24,62514246013982865e-25,9394321853335201e-24,26327223174618143e-21,6247830519022518e-24,5532122805006521e-23,5150901906160747e-22,0.006733206577531675,0.001955113951324345,8830857034755078e-24,0.9912847434511678
9441470224091869e-23,6736766548906003e-22,14632512869328638e-23,5779617503525425e-22,8048795407135267e-23,15459344662776906e-23,403909238282014e-21,0.00010608906508811574,0.0014086206092174453,1654056359022624e-22,0.9984829935511835
7317445143158003e-24,0.025801001607531227,1996226918174029e-22,8749624626427845e-20,0.06492879250676858,1448772134736205e-22,0.00017265758420740153,6227622273029742e-21,0.0037191692522145206,26122197427326378e-22,0.9052816911440107
1863260204295071e-25,3906650027419579e-24,17067087139493993e-24,18692900186049755e-22,0.3398847247744328,29400762951536163e-25,3935961405527592e-24,11768309404830674e-24,0.00041876543084022144,0.010832358145799135,0.6488622425560748
17774918393018586e-21,31720698421301697e-23,0.09254353427019231,11969054698433964e-23,2859120618816297e-23,0.00785421253126009,52805202864754326e-24,2970360461679162e-22,0.016103095390424156,9882462737594881e-24,0.8834805576772766
11889982920920078e-23,1473278177725615e-23,1129139727854684e-23,14507711028286355e-23,12932048781540758e-24,21860111518600492e-24,27128874354242014e-24,0.007014555980420821,0.00021618308924467258,12304225305457628e-24,0.9927688967039544
2539027210551769e-24,2143980167833863e-21,16922753202973375e-22,0.012669556449867177,0.6193951472782406,43551573740734155e-24,0.01052262636429271,7829176543966642e-23,0.002469724943184257,0.0008646026081930828,0.3540743817184496
295261823724532e-25,5317485885578093e-23,0.013689099607176238,692920122021123e-21,0.6723050439593086,5649924622252204e-25,4878633433514642e-23,3545824232610668e-23,1283953624658835e-24,5480763215574526e-23,0.3140049694073116
6251640373425584e-23,1735678108692567e-22,1413477392689845e-22,0.0010381110487112516,8913074591811942e-22,0.02241279281327399,0.02994613762081098,0.00023623980029446672,0.010227158898587085,18288816400487079e-23,0.93613810819075
2345107468826701e-24,8659637267506749e-23,21049923168614815e-23,5162919712336077e-22,0.7221845000180859,33016718304066584e-24,28711718946063945e-24,2417283851247744e-23,4556169611825292e-21,0.028060704725599676,0.24974933745319378
9532007435760846e-25,49821824890869554e-24,0.106159880573754,36275992711440395e-21,0.2617135440027145,12761281999503573e-23,4849141448765434e-22,5554935335785889e-22,0.01461343036434457,57811992543200203e-24,0.617475592518522
595195100271263e-23,5467599399703652e-22,4827448448106242e-23,28927945244745313e-22,56389482101181227e-24,0.03776811831848578,1649696322822018e-22,0.012182233980755595,0.002842367935251702,4685049532518232e-23,0.947203517774998
0.0007420678160868495,18007690423610096e-23,21282095315018824e-23,10785500546088714e-23,8675544257995573e-23,35620534838175235e-24,0.014369180411377264,11797492629803899e-23,0.0057252238145058375,0.02729492840098268,0.9518678584532808
17817595117878797e-25,2062288604354731e-23,2616280136083298e-23,58096636918146866e-24,0.18955154395757362,0.0003902314121883862,1365594286913486e-22,564015500389536e-21,0.0006242036436848726,36454611054357857e-23,0.8094328492017009
4231675594820867e-20,14610957774979693e-24,0.09835556646017637,10451211346835458e-21,306333109546601e-21,0.012278387477946259,6552374119419906e-21,3777237969421394e-20,0.016482012550038633,2201117926974046e-23,0.8727865978354858
6791547730402357e-24,7362851190701055e-21,0.1087182619300802,24576686850262487e-22,0.17493243793867236,3492018171455712e-23,7179720773419252e-23,32909221863818203e-24,0.015652834528257407,6959887819203136e-22,0.7006858026762173
7824629822358808e-24,18395096049499953e-23,0.08018112707959305,9907280365383355e-20,0.20432182689514986,28243564537409958e-24,6698457102995997e-23,48624501042703686e-24,0.011397472169590507,17615449309828218e-23,0.703999989269472
3722337374103222e-24,6148245113510106e-23,0.004418296138610424,17688177597574258e-23,0.34367042529132985,2071849716311842e-23,5110728002956904e-23,49174983779849556e-24,30443748578477044e-21,0.017766591544590662,0.6341138801895196
11204566676653115e-22,3525383940732674e-21,10988835309915157e-21,688343697249157e-20,0.014942814508932525,16167937623046197e-22,0.024764401192490654,261411205547885e-20,0.008032967592833038,0.001479341549407349,0.9507537261380564
8607941487491282e-24,8706847750000617e-23,18541908563180743e-23,8402965738329304e-21,0.15311415771411907,5272273331570175e-23,19513511583784044e-21,4147442831348284e-22,0.0005164941337025728,920622544581825e-20,0.8463314768868467
70654806990279405e-25,6806347250728238e-23,9678222119848084e-23,12882181144751762e-22,0.15308615548953056,32544732994875704e-24,0.01909562394150174,7176186291392254e-23,0.0009105195876491319,18753369614487625e-23,0.8269059490117379
35314528932799193e-26,7920292389278324e-24,0.11391892796396112,30075569042777592e-22,0.21729890830592274,5007421903759569e-24,3929600237387377e-24,6488525049331143e-24,0.006913839563811549,56810457534321255e-24,0.6618652360999886
9679940058807498e-24,0.0319667607986488,6032940940556905e-23,26669987431616065e-23,6393730182267612e-23,4448228760001375e-21,524869687584139e-22,30276894528543285e-22,0.005415961125516229,9763918478072767e-21,0.9625995851056569
8233831546562292e-24,1324280931309868e-22,0.02980209442276621,22735512276010096e-22,0.2755025014930202,12485122655074014e-24,15489438802127785e-23,3286261903339826e-23,0.0007012249924506686,0.03940662130478484,0.6545849433316825
35694887549529688e-25,29806529213195634e-24,0.2854440641937719,2889929270680463e-20,0.2229365268037376,993076205182649e-21,7771636660010089e-22,15242160529036706e-22,0.020352155259325207,6233334979657246e-22,0.47123440328497607
7430469651930659e-21,28217255016085266e-21,15367434336289283e-22,23839595471733744e-23,43759168397856896e-23,5284223265655894e-21,0.009857580464984831,11040562308198406e-22,0.004429380482097726,0.015701884827896053,0.9699669054897847
1477961856176593e-23,19342393266041198e-22,0.4632967282944925,6271730475587477e-22,0.04999955877472537,36779596271833356e-23,18413732967851711e-22,30709351696903764e-23,0.041246593953509346,2150793810435438e-20,0.4454305185841915
1396460050330844e-22,12024256808703223e-23,4475801411793611e-23,57417648753000684e-21,0.11857496380245477,10179782299671227e-23,5279842585668833e-23,2339439938700596e-22,0.0023649475544119287,0.04209045505290207,0.8369115227546665
9255003873901253e-24,13834765686587867e-23,0.10441306348257563,6234457754613547e-22,0.07968748058942464,1655359582203406e-21,11653341349321454e-22,10165441121109497e-22,0.007562189461003135,0.006249511571735629,0.8020831466089952
25502852111789006e-25,18394912855019613e-24,0.6570322482439066,3686082071876991e-23,0.28971825640824006,12251681010115867e-24,13871549946585734e-24,14502113402720391e-24,0.049316274664504896,221731884248363e-22,0.003933100076010429
1730116563541158e-23,18042012281070195e-23,234306586122644e-20,2673547319309577e-21,0.4838020256872266,34748793216414145e-24,7095243431167665e-22,2665990130865327e-22,6320709552772365e-23,0.12878938382100785,0.38740230208121174
9393683878818586e-24,5400073914596091e-23,0.4457102613012012,5442174234289925e-22,0.5370665641319561,4280534220501607e-23,6687603756043638e-23,731487876865595e-22,0.017212736494577285,22297697806338554e-23,9424654203264975e-21
13102482085560315e-24,24087164980783614e-24,0.47406476462583463,6393436316340172e-23,0.3065080732364878,1559460106835737e-23,7393664788264126e-24,4174182941569748e-23,0.026986178204736044,7979621082168387e-24,0.19244081009946878
4097352850337335e-26,6184911962298005e-25,10129554240866123e-25,0.014251738759431136,0.4609025808543657,5282259902089368e-25,0.03888253438418278,9673583408349138e-25,14549482017576154e-25,0.0031928750130435185,0.48277026636601883
2072193328392138e-24,0.018540736202030436,0.11528243200888423,14439382562983569e-24,24205775806427885e-24,0.0004024890922012974,5251480658922709e-23,29133276994628725e-24,0.011938675950581764,1172064428764615e-23,0.8538355326602376
13730924558139372e-25,16552223163435897e-24,0.3005251921561883,21836186217336756e-23,0.6994637109274533,11911738331955663e-24,2541248157696736e-23,3026572825810124e-23,6971342312357494e-24,4461786827824226e-23,10741447830686472e-21
37784558856465707e-27,3599501923480472e-24,0.2533289629392168,2050972705660158e-23,0.19908097061548577,540801589129057e-23,0.006450671653189893,50002528763735525e-25,0.013721123364010934,35646319138700076e-24,0.527418201226489
511540084063231e-23,7218303943032416e-23,0.4024150336215342,2706687199994018e-22,0.5895521366255564,42374694100301945e-24,55137585315546485e-24,667113035923056e-22,0.007843047660305453,5265971421587832e-20,0.00013661019300808337
5839992824662772e-23,16646821739452505e-23,0.13807022450603232,15160363651090615e-23,0.3258929458637677,19262755897768257e-23,16761849319661324e-23,1385441946114566e-22,0.00020742526277503167,0.0684580032569245,0.46737052584838346
3435185680270429e-24,26410506047176644e-24,0.2831425963708471,50570485475705e-21,0.2279218789506679,3587011891636027e-23,39436218858433475e-24,4118225226399344e-23,0.011447838269073208,0.002337489961291082,0.47514999954305137
18938323155046478e-23,27414166287907725e-23,0.17620501077376519,5469264747763928e-22,0.0002359573441717243,14359151217407513e-23,3615451402159389e-22,22203569197602435e-23,0.015250742234284081,0.005143460493190331,0.8031630915308617
0.00016105986595403506,5091704397772417e-20,3618012823898109e-20,11367942561651479e-21,2125882248008445e-21,8315761820709331e-22,0.05485716074755232,14592689328390083e-22,0.009477215781515197,3242657208104202e-21,0.935398439105631
1526479093252339e-24,12254202297290634e-24,0.19799116779644346,35769057398911466e-24,0.3085864734785293,1168168260505445e-23,1314816911379174e-23,11863214081182192e-24,0.00036998502726622934,0.006501589878669983,0.48655069757626845
8809270696836176e-22,44565212551700064e-25,6454055819259108e-24,12579616429042159e-21,8073161941351466e-24,11001237189805894e-23,0.012084759979560456,5265619845557285e-22,0.002524160713435602,21935742533737916e-24,0.9853769412696675
5432077441333898e-25,15842494672714952e-25,3575420715790743e-23,0.018317120914120227,0.27661050564511297,21056991079538983e-26,2089217885351898e-23,10622588204720812e-24,5313340239699609e-24,0.039930934490715865,0.6651413640297112
72624545266262525e-25,11814623790375535e-25,15044642629082805e-25,0.0029755254543887754,1135937712265804e-24,0.01773893887453624,38786314505886154e-25,3163676255594956e-22,0.0001078544070390586,25121805527625914e-25,0.9791773474212793
0.0005368046162142295,44061447583150905e-21,3551438917010492e-22,27455125248162407e-23,11180128826148039e-23,6613199961786021e-23,2424733366610303e-22,14716179929204104e-23,0.000187227117411092,0.023928187485085316,0.9753025220701383
50268112683607224e-24,10846127211556286e-24,22798659031692927e-24,0.009001813851885039,2174811879611639e-23,20784809214867727e-24,47478686828000485e-24,5368733244599949e-23,0.0009702001606055037,3500894018605569e-22,0.990027408286261
5467540804344451e-24,13881974003371446e-25,17630185599360066e-25,4816278300904446e-22,27077491368481943e-25,0.001937210694616167,4479332166758589e-24,1350641723235122e-22,3522028230145934e-20,473315048160976e-23,0.9980269317920913
0.002254818128432253,23887752781359405e-23,0.015209681976174047,1666977812891794e-22,15032806245198966e-22,12079439643823216e-23,15493900522005897e-23,7520178356951491e-22,13052206380975836e-21,0.08237568366873023,0.9001438274131128
30719988866873824e-23,1458902158950245e-22,6730286807376471e-23,4250717396878253e-21,4378119990163946e-23,4047213682117516e-22,2594356544618711e-20,2434352886290824e-21,3908045465961729e-21,12842954899338553e-22,0.9999612101277737
17461217946283682e-23,6220682601882298e-23,9605548864440077e-23,5354333958195628e-21,3972833194736599e-23,8983552627270878e-20,1514369126847943e-21,7081789378550666e-22,7089828257461693e-23,4941392889702867e-22,0.9999016499513067
3087692355539869e-23,14330261652009346e-24,3825985146384124e-23,0.013114781567578058,47779719917508796e-24,2458109831243705e-21,20417975358181838e-24,5062928408936655e-23,0.0025868544221568815,2650526333375217e-23,0.9842956771011542
1587243107075756e-23,0.03671960569305714,224931687347597e-20,47089092542106603e-23,2018726010583815e-22,2619105714939437e-21,12590550060898024e-23,6601852381329368e-22,4429820650044279e-21,0.002302952578745427,0.960966668758262
4176755034486686e-23,2518913484429841e-21,0.17499272513164144,11198076338067412e-23,35710168967453387e-23,9496658184304908e-23,4473659274513897e-22,1770567356667342e-22,0.012105592670961507,10687969453929949e-21,0.81288724507478
12916847099695636e-24,22990371632430652e-23,9970926063866e-19,0.014351030151492736,0.25632973374376883,7037026676577641e-23,9065254236750544e-21,3132851667768908e-22,28351397493624287e-23,0.008291752853455472,0.7210165109144676
3148270481395186e-23,0.06737169959278007,0.00296831240270226,0.06316966672379286,0.0031570324348197502,3980917326433998e-22,31625585455927145e-23,34154191888532736e-23,0.0199934729167342,0.00012924692137363496,0.8432094816355277
14460722690694954e-23,4888652672446807e-22,16881053606047146e-23,1744087309595855e-22,9613843989083304e-23,7245735214660407e-23,24820160778009365e-22,33657562307644776e-23,0.0001237492093282669,23551158898853045e-23,0.9998720513998285
11370085833179028e-25,0.026438034946434957,0.2244295841147714,1419967017491806e-21,0.2383431608730085,13857823648044055e-23,6482573271068728e-22,7031205010469085e-22,0.011747998064206908,12840613885810098e-22,0.49903702688012136
3805094987616903e-24,6001025561442247e-23,0.059655794297929714,0.0014807818488451322,0.2398679588664419,26426173617619827e-24,4567186888851903e-23,7769713148305712e-23,0.0006231465693846171,10196321734134294e-23,0.6983720028436937
19068973403342112e-24,46219909893089055e-22,0.0005720514684794016,0.020022249310972216,0.28386363300432843,6761382231391544e-23,45926656497489324e-24,148985240729555e-21,0.0014495923252035052,0.05646815394658336,0.637619416358753
16257904197467237e-25,4453004909089871e-24,16954400202673785e-25,12551486467914639e-24,14761019415646054e-25,3945519742971274e-24,4524624286290024e-24,8356909710468433e-24,0.001212806607708715,47603369544168715e-25,0.9987871500030768
7862571869686193e-23,6042227767340698e-23,5852198669282242e-23,46049491827983985e-23,26370926538209715e-23,7173060433898019e-23,3449271247290027e-23,3323387423244224e-22,0.002274890254338564,7176447700695974e-23,0.9977236776449583
1704789307641274e-23,6919057548096206e-24,3082374691794659e-24,4560206146206346e-23,3844002172508449e-24,23951902926768516e-24,33875829301227674e-24,10627117575284488e-23,9111377569560213e-22,776943232507449e-23,0.9999988404985137
0.00035524688265466825,0.02000050358396528,6720154714737586e-22,34894421299463355e-22,4031257150134671e-21,14157594178141788e-23,5767686083470006e-23,1672623407139982e-22,0.0029340563644922727,0.02910334069342683,0.9475982932455658
2225191052324732e-23,12216922174599898e-24,1799331293084555e-23,0.01856727396323089,50295717647429205e-25,13821541325579524e-21,313378870863346e-23,10368151752532235e-23,0.006514581138854985,61936110694925426e-25,0.9749041528559532
4802878095456294e-23,8260027023183915e-24,20206303622120212e-24,45600114001558145e-24,36519894468751366e-24,7756361238628643e-20,11590773279353489e-24,3287956676615139e-23,2177664347266506e-20,19285924258891538e-24,0.9999004373727567
4698423692495405e-26,5147201680302718e-25,5215316500639021e-22,0.005028203979583834,0.6756212061483584,1566953986973277e-25,974980873204466e-24,1072136958642629e-24,2291822342904925e-24,0.1301377658670176,0.1892122974174717
2527000937709975e-24,0.03747841699366471,0.050202554496412116,11458221124422806e-23,0.5421780137725877,22867669012365153e-25,5546486818308424e-24,25076258868842393e-24,618222902256662e-19,0.14235999019556975,0.22771905223287078
29133137863223536e-25,1001751467584647e-22,10398214009688773e-22,0.019440438545286987,0.5225810133672261,12858467063232548e-24,2201793166541856e-23,6046948749276785e-23,8140369159270508e-23,0.09799963179262657,0.3599775966354918
16429579543650737e-24,37777906353489705e-24,47276926640765245e-23,409130855022226e-22,4889025037475904e-22,10348064735864025e-23,29224198715506916e-23,35202222126795926e-22,0.0024424558401039574,39425937283482147e-23,0.9975521946280834
3398949910854064e-23,2242514196536846e-20,0.07514553339928165,0.05770240304309003,0.12590494189535145,11667894211222947e-23,24773220510285285e-22,27186615967607846e-23,0.020023817826814654,6327672367495795e-22,0.7211973460696083
24458933298212755e-25,2339111119869329e-23,0.03637350369564042,0.07507718852537917,0.10281975962626974,3258487476830493e-23,12709758792337302e-21,29663038702051054e-24,0.022079253430923745,17235666885582557e-21,0.763620261211195
16360728145597939e-25,410148257489074e-21,0.0003380859563729974,0.11964893688347442,0.2935578803731613,745434152415428e-21,16026821965381812e-22,14851262831512506e-23,0.020047464892777814,6779497827935936e-21,0.5663979439830791
50752638165310485e-24,54316074459209726e-24,8860491268323405e-23,58106097351579566e-25,1572441584186696e-23,11361368728348949e-23,42209258624880465e-24,6827087471962888e-23,21672955630000945e-21,42756380282810316e-24,0.999977844985518
7229986544268188e-25,31438567846787068e-22,47063944036697495e-22,0.16261912870037445,0.7395137311069978,8086333622359851e-24,2008550153908581e-23,20490768604249667e-24,0.004124141756856338,1849351019267365e-22,0.09373491386544582
14063852750398172e-23,3019151166146027e-23,3168115891674852e-23,44375287929056e-21,13516826136379721e-24,1473055596658778e-20,5844448889075942e-22,9405073807883723e-22,4286932025293646e-23,25807282501176456e-24,0.9999834154118488
41370579656272355e-25,1725945577435106e-22,0.07279395874535637,0.009155789668078574,0.0034510907433692654,11416666422310519e-24,2415945838635864e-23,22287422360021708e-24,0.012042700039761937,1246035853610798e-23,0.902556213747924
6990635435340697e-20,11124357641447413e-22,0.02232107387885423,499935386793223e-21,0.0777134679225889,1204697617801587e-22,0.02015697620765019,36943712497257827e-23,493158301751004e-21,0.025141506425912327,0.854594473774321
1390320605363817e-25,10965545539534614e-24,20796448026940927e-23,3010101592875849e-22,0.1268576586211305,482777485949392e-22,0.004545616307875831,5367854821463022e-23,9273886988215966e-23,992928816027325e-21,0.8685950173677954
5701807724503901e-22,17246118130390324e-23,0.0005746255926403171,6391617560150479e-22,0.08403756539540175,5732831228527153e-22,0.04794427984136826,32874249615466347e-23,0.0014004628802974197,1678846172468529e-20,0.8660239939992385
9485285936499912e-24,1378814532611889e-22,4787512105696085e-21,0.017538040053566694,0.4587888421305463,3207430586144304e-23,10434682598497473e-23,2908491568069893e-22,4433226525419817e-23,0.09086988118663027,0.43279783014784906
8053726168976349e-25,0.01760744072601617,0.19984563530715554,803740653530886e-23,0.16639988657570884,14294632788692307e-25,0.04056385440569382,5122066733419954e-24,0.01409243844328774,39818001711317344e-23,0.5614903309678362
19539597153904056e-24,0.00022862211267554646,15549796860985664e-22,0.002636867427338734,0.3642346596722434,29830120803504536e-23,3872935726751118e-21,388569892109501e-20,33391748356444273e-23,0.001100373992641754,0.6317895114214711
4514638215150678e-25,24692858808926718e-24,0.15837068698690188,16102800462630057e-24,0.5505744537807827,1696455938490774e-24,7154657213014038e-22,8114256602305877e-24,20639956914703377e-23,0.07691784921071669,0.2141360370984746
7523527466890114e-22,0.0004925775188157778,0.06441585001694763,35569874499445024e-22,0.1965840066295922,12403012599964193e-23,8283608067070005e-23,4853653903379092e-21,5717145604297374e-20,0.04333860350603889,0.6951024223944651
4945146583464745e-25,0.0730293327594741,0.4743523245803031,2869149718016294e-22,0.2834024824785072,741908484333301e-22,8540327359092954e-22,2320308552979416e-22,0.03726330683063815,6231510627505626e-22,0.1319504825369413
29739057344625963e-25,16616884491185326e-24,0.07611835619965807,1795233274134295e-21,0.5760949303319137,4981863862127409e-24,15338255738227595e-24,4871034910642907e-23,15507543858298022e-23,0.15785685233355823,0.18992782220495175
5967703761798853e-24,17068804262227854e-22,0.18015701910988505,4465154844587176e-24,23709216595448187e-22,8103724263694754e-23,6778839477800786e-22,7845151715594627e-22,0.0227862691673049,12200092294926772e-22,0.7970498600422781
9824956698445444e-25,30510423352878854e-23,0.13820451167695574,10802141907523028e-22,0.5260059437380884,1146462675726463e-23,11593114391747765e-22,6110001541374498e-23,4955425777659287e-21,0.028007701163105685,0.30777426981910216
11982377653413986e-25,0.13374282562995468,0.22158305178402027,13987924444107663e-21,0.12268646562689652,9019172276975415e-23,13741360050810553e-22,22229721930715844e-23,0.02633824442799087,5143354080689236e-20,0.4955823032426823
7519891499808704e-25,0.0746680866018699,0.1353219254239596,5069819970671997e-21,0.20346467082896924,2466702487656815e-24,7174329199785025e-20,10611818417194052e-24,0.010820337642356676,2973908723747831e-23,0.5756481228212132
15694798068692351e-25,35499565965265966e-24,0.05414829377922143,0.00883470681581847,0.42247856736183087,4854167521493749e-24,1828114261632689e-23,1894198816701647e-23,18546230983174626e-23,0.08435332642529166,0.4301848410091869
14849387084951416e-24,32965421844528537e-23,0.3514009614445617,9659369077033108e-23,0.0007521699716259247,58057976430367165e-24,697530274209017e-22,9915014074379391e-23,0.044943399510549924,5016646839053378e-23,0.6029027508480186
0.00026220553787839265,0.00020191821799703572,0.00594976912228038,6568753122866739e-23,1781170496721227e-22,3769053312092077e-23,0.04208264947997365,1221734468453098e-21,0.011363549818595504,4499332529499725e-23,0.9401383596010202
25362482548848035e-25,1842996834309893e-23,19169618879322808e-23,65137774588920235e-25,24147897825582588e-24,5562108310398629e-23,7110001597128061e-22,0.021742906200761192,0.0039834064787321955,6663097916014446e-23,0.9742726107442039
15326364226513562e-25,1539061185270602e-21,0.4490582784962032,1750528514342978e-23,1950953701518806e-21,3908098509870065e-23,30052752476645917e-23,13312735310800947e-23,0.05556662687597652,348465003769055e-22,0.49537107799273294
20319890979766128e-23,0.06041735495003255,0.02140254394755071,8352413865886566e-22,7912024738376345e-20,5396641103278497e-22,3219032122475179e-22,0.0015579437073779273,0.008743483524885132,17581930965543894e-23,0.9077974777958423
2472960571517965e-23,0.03715033692401364,0.26544685214903435,2943232031734513e-21,0.20401582092876946,11108347936596184e-24,6209313551888034e-22,1978525229376268e-21,0.037528378964622196,5959139077180682e-23,0.45585297333247843
1722121766515868e-23,11261884617467534e-22,0.08767645844262478,7223982100896315e-24,6327669946589506e-22,5125469269293501e-24,25956980154053752e-24,57161520396080466e-24,0.008815769359021,11799634349566033e-24,0.9035058887540953
3854610666971072e-24,159677491323543e-21,0.365233422233919,1793036603771976e-23,0.3107447756187196,15100686205268505e-24,4370857196842967e-23,22606031639220154e-24,0.03603789005191546,3307552576728204e-23,0.2879836161421486
14317660180468356e-22,1938123845759986e-21,0.026482323848050673,1462799874615045e-21,2047413128151383e-21,17400525179267455e-21,12962389566241491e-21,4916358257258345e-20,0.00012991230845004435,6581136119687207e-22,0.9733006991297015
21610797679557354e-25,10142519211733874e-24,7895666924162808e-20,6285848980218021e-22,0.35908755394654335,7332885251306824e-24,0.02041467351424984,27858591769523302e-24,38418895558121175e-21,10788184659826972e-22,0.6203786420759743
16686158876738733e-23,2076491935154317e-23,2281160060385538e-22,7220644495819833e-21,200103401272578e-22,43569841886670984e-24,5783409651323316e-21,30193688156766e-19,20399724404248005e-22,8431383746683879e-22,0.9999806141435259
0.00014864523483462355,6577483698904541e-23,0.0785081556830868,9990693815091403e-21,28507200107587933e-23,9008961605755199e-23,11982445513495547e-23,101324425364707e-21,0.00023923016717480167,9400489693462795e-23,0.9210932221310627
22544147911302363e-24,0.1608996925609669,6582638526902385e-22,0.017239107548978498,2046386018943373e-21,18180724666001477e-23,6151246411743297e-22,42728580861220947e-23,0.013980496137201363,7093017108952297e-22,0.8078760430390853
1464140844137966e-23,13883322712560534e-25,29512984056360384e-25,3364696561909044e-23,29523134378932526e-25,5373975819602996e-22,1147492097042605e-23,5033480543113057e-23,8790022997693257e-23,412250945591274e-23,0.9999992531896339
5090847088557328e-22,20065512772877587e-24,9823713993916018e-23,0.0018932895455926755,7010825586989654e-23,0.00922103640864597,5073195470042183e-22,5295033885248309e-23,15994193242117427e-22,3829179471756566e-23,0.9888827785691389
16436282064358906e-24,43497028569094824e-23,6033132182970097e-21,44630116638339217e-23,0.0906812587764184,2360161823784188e-21,73997106410893785e-22,354466527493233e-20,13784902127481606e-23,7564981817723257e-21,0.9092908030150857
15822332920704604e-23,8176042303558164e-23,13730539814372353e-23,8646778189510699e-22,12986317168327177e-23,13585453078384041e-21,11545468585186849e-23,32665846256356074e-23,22268051764077275e-23,10833561253251214e-23,0.9999842695875021
23066748449546045e-23,55592443248485325e-25,0.030702321086279214,0.01854524336375674,13334470637365442e-24,6286033721858307e-24,12460321599190095e-24,21916762627317875e-24,5392128248244983e-21,9392402164953352e-24,0.9507467438049964
