1415475685848499e-24,9555817215441313e-23,2264337415268283e-21,0.01425833817823409,0.20178300991841483,24636846136566468e-24,0.014970137379394384,19883967527503386e-23,10854979891539053e-24,5170263282613843e-23,0.7689858671787599
2259192891663817e-24,45491045570365674e-24,0.057074697564219026,18867335896653883e-22,0.15753361666640173,34019362476087836e-24,6503722342034103e-22,20794772425138758e-23,1180482299547026e-22,6372923839026036e-23,0.7853886771687617
625421000450005e-20,23488857015913483e-24,4894501459398264e-23,6192235463850162e-23,5361792572844909e-23,5089566284532337e-23,26913888858375423e-24,0.008543469153440767,9897414195424436e-21,3434814857395338e-23,0.9914400790905074
5668502696152059e-23,73285191890590785e-25,7801766515141964e-24,0.0007091020942126018,6614408539489399e-24,0.003000198294516223,7858779905090104e-24,11537226852319422e-21,0.000669402489370457,4186741662585597e-24,0.9956096694198057
285008919479731e-23,0.015427256868805828,4557780146261245e-23,12547244775781255e-21,3591578802086369e-23,28633983589211366e-24,14358768205832816e-24,25832840606336616e-22,0.001999939894788509,17413077985305874e-24,0.9825575279604752
2110173939018842e-24,0.017470075998536796,8087037263464557e-22,0.013328606717851344,14030992753946244e-23,0.008114420826819657,534206327537177e-21,269189944370313e-20,0.0056596550166285,42138088782317597e-24,0.9554230220724753
1665340424607864e-22,15315444968731145e-24,21969236636191795e-24,0.005017151830480382,1859722972984618e-23,0.024904074895664256,65165162039481655e-25,3424017534283761e-23,0.0012802932789361566,6972360006369e-21,0.968798209849914
13402093254245004e-23,6876759970336914e-23,8139767359324597e-23,8800817654019602e-20,9464715173311396e-23,0.006816019969053223,11340103498067054e-23,17611625558963697e-21,5846316043559607e-20,12041821201926803e-23,0.9930192844158077
7714615650542252e-25,1058878004555212e-23,13440552275746795e-24,0.016578960274441498,0.1744474136719095,19095628678739546e-24,0.0017007513696234045,2523144997278667e-23,7965259574073012e-24,5235524027992932e-23,0.8072727452359946
0.00013220150331751522,1896952590129724e-23,3953710462309296e-23,53794645176082025e-24,0.028508520209465087,6233791406221236e-23,18159633254131898e-24,6023062611436109e-23,14770369463890359e-22,0.020189282504340485,0.9511682657164816
8703319045462258e-23,7281772095735706e-24,1251711144554167e-23,2647828133462999e-22,0.03547400309674333,10778071893431608e-22,10430709656322578e-24,7722410658946618e-22,3548794388546632e-20,0.01214603355199144,0.9523422433135268
5945313799487309e-25,6596170303683701e-24,8012588588572908e-24,0.004568412558949115,0.058161932467455685,0.008962515121991982,1070239353334558e-23,37942236686793364e-25,0.0011555207017921187,0.022950115698040688,0.9042014737518628
9080247165056091e-24,4927904170258794e-22,0.2863680285010415,60104693626334815e-22,0.2367023360941099,1768812478562294e-22,13362506592738297e-23,14900321792071623e-23,0.01909264596258803,14206167682076495e-24,0.4578300033887517
3182860968009342e-23,0.020645653087920553,0.11688997684974348,8475806859714759e-22,0.021532460533198673,12104492113158147e-23,12272799128090673e-23,19061616575358023e-23,0.01504082194278623,8605480986313905e-23,0.8258896877331613
10419514908399208e-25,883918972727137e-22,0.12693583992666763,8016643148266942e-23,0.07959755216877433,491668686761957e-23,202865307720143e-22,7990263929028816e-24,0.010328707929874335,6732119720822939e-24,0.7831376904488054
16162838745291193e-25,296549056626738e-22,0.09589997218943756,46281169737502766e-24,0.14874429299103054,4360015124383634e-24,15768482794888898e-25,7523733437873198e-24,0.0023310595154183893,16984859130068931e-25,0.7530245825926636
22756741671400636e-26,65554107226454705e-25,0.09930839423799748,6200533769642535e-22,0.25488189745072465,5444818906790892e-24,13308045544926319e-24,15594271524586752e-24,11042090492436933e-24,8478214088557467e-24,0.6458090276053156
840271160204873e-23,1131464755145424e-22,0.030810859527069873,2051066919764934e-20,0.013452943106544124,0.020328425051210203,4345923187169764e-23,1441453542252591e-22,0.004276906802566587,5581093760250696e-22,0.9311094876519757
41852776243618683e-23,3608275468541512e-22,3496118423752936e-22,14054166869622623e-22,0.015162992125605448,6949688937355939e-20,2655096708319549e-22,0.0041196262615979425,11994885517624065e-22,0.0011542051037726202,0.9794896802375895
12702388998415398e-24,36920709532511476e-24,14501676072707597e-24,38806293199263615e-24,8850112568267111e-22,2089732779884094e-21,10301753528545938e-22,0.009957902879940493,0.00031040269876479086,3290984747209247e-22,0.9897272574723623
26558188218151177e-27,9871463074430302e-25,0.17791064459018902,10881627318952338e-22,0.22478013885393133,10274207140473069e-25,5997961370963257e-25,8275883670510077e-25,0.010075812474772966,9918352612625317e-25,0.5872323114581077
9384598865359033e-24,34336352414639833e-21,0.10079311729548654,6320628921731961e-22,12778598303679886e-23,0.009656362268869442,58712590995334546e-24,57792008801605215e-24,0.014290982748646765,32098880177580765e-24,0.8752242834976319
16649188389285053e-26,3697895289122574e-24,18667027778854693e-25,0.026371750615349725,20892612011194966e-25,0.03898641364681706,6171234547131494e-24,20520062366488384e-22,0.007617533456217604,1066825223171092e-24,0.9270222352169719
840025348283881e-23,2151267952522164e-23,29769173869512724e-24,1463119031514269e-22,42521164416161184e-24,7353495613866541e-23,0.007039370765747971,9458591133280702e-22,0.0024562795314997826,5418708698123638e-22,0.9905025399233093
2637867499631383e-23,9189882177749057e-24,7491366347732504e-24,2210420234919963e-22,17067954476480964e-24,15543824186317437e-23,26412128830314343e-24,0.001372728392727977,19286243924919568e-22,5451422791656102e-23,0.9986248254483796
16356735553245615e-26,4171148851952672e-24,6461987842789657e-24,0.007100842478900022,0.07433589828323275,22405279570141858e-21,5665742845517447e-22,13667233918970026e-23,235289006391608e-23,0.00045339343901824533,0.9180867441230637
2442769356043576e-25,27915751614566707e-24,0.21773560892104699,23505608169747987e-23,0.40375233125636806,10655979449262803e-23,16763291972694017e-23,9955202772664628e-23,37796585213355574e-23,805913372967232e-22,0.37851096430732173
26694610010257895e-23,2029677448347464e-23,621688103093349e-22,0.006711682183805771,34863869425067618e-25,0.016719542077945692,9440670663122739e-21,4978377499033265e-23,0.004010181660106473,0.006576981222773339,0.9659717695028588
20136254245112034e-22,4323515952735384e-23,42521931520155736e-24,13532707575341141e-23,384424504441117e-21,18390088155198614e-22,9413633977591254e-23,0.010401389037767616,1842220475056898e-20,732603461661228e-22,0.9895755632178842
23694187429751024e-26,18567725732312757e-25,0.03877686253869937,6072015469549807e-23,0.15026275237494585,12516105635291719e-25,0.03087963942900904,16603554296946992e-25,0.0009412049053473984,1704468656722594e-24,0.7791394733217296
10361200649678658e-26,11947695988680309e-24,0.24542931838763238,299759051786874e-22,0.3116795860033676,4941466766912538e-24,8658900256735692e-24,5404834379158147e-24,0.00575815592878941,1127037198182849e-24,0.43713287752082547
7707328081321995e-25,5775594479053666e-24,11825411371851001e-22,17889822811228864e-24,0.08027482194860207,6186918055956341e-24,0.02989072026594346,8801167170375513e-24,5659258451240289e-22,21131325832271406e-24,0.8898326487629086
8945297891822908e-24,45070525925195027e-23,0.15396550152433383,9009530747845394e-21,0.032585959167029,8586978186225693e-21,16326224507511939e-22,6437229804423308e-23,0.019885193730056507,3824608410010902e-23,0.7935435541782923
4243519239113851e-25,4549935406161688e-22,0.3125889572422917,18983794136791596e-22,0.23434199610484194,3733210586882933e-22,24970545735755136e-23,28865922431614635e-23,0.02729274065275527,6286302180195753e-23,0.4257729786862283
2199979289587485e-25,0.015897202496633848,0.024365491385551347,31396864067493156e-24,0.12110215980651864,9261442940364816e-24,28989446384601767e-24,3023788915874229e-23,15040732915598713e-23,739658768192375e-22,0.8386348218324413
1508570788398534e-25,0.005368394980578112,0.12850785946782042,11501195083129439e-25,0.11090349555601894,3297588837599179e-25,14841066652398535e-25,2828510424729505e-25,0.01445281728122619,0.018302943798443126,0.722464485518246
3168078601255686e-23,11274195526310448e-22,0.40357491798395023,53828769462263126e-22,0.359523678206567,26228001048772255e-24,1976256923783019e-23,20864303315871167e-24,0.03949043862570768,12969275174798967e-24,0.19740434338249233
28625571059063276e-25,16626893039759743e-24,0.30913493111842794,45495536435251495e-23,0.13427040760631767,29538631863008355e-24,13721813891899652e-24,13746518614311435e-24,0.038757012214780465,7007118872785537e-24,0.5178371106016881
0.0003569816226542534,6313145313157856e-24,0.2507472715974176,41414080644485746e-25,6871914112999253e-21,4824565536308442e-24,4228812194458976e-24,24845256990320016e-25,0.0367556556031148,14756947437083027e-25,0.712133195794459
0.0002469312210204378,5329726601924181e-23,0.20618886497798555,35626992939811645e-24,0.0006329602713408982,28936398843852077e-24,12818084350689464e-24,1778852467842521e-23,0.031325145008325436,8417746431731748e-24,0.7616059416363254
4884637953444863e-24,0.014589862172771688,0.2286757814156073,39192836593442545e-25,0.10171898043105576,16330860128735334e-24,2600573223654272e-23,9260116457174614e-24,0.036237574306579666,9233320493648906e-24,0.6187777320400363
6541646204517605e-24,12322143430655136e-23,0.20661135800510758,3769330521412198e-21,0.12783705721413824,44430915222559355e-24,8251914941721959e-23,4141620224448023e-23,0.02951293046810974,29988927729256395e-24,0.6360345568654049
10504857893586644e-24,46203076240749016e-23,0.18145447799210332,11546588343988031e-23,0.1717082461584399,6983154067783919e-23,389530663011818e-22,50263312805236184e-24,0.0235068112794487,19427937502475287e-24,0.6233296980932166
32525156569867136e-24,1130804886543677e-21,0.15851080211374038,17416806702937656e-22,0.2920560354291606,7547507856249067e-22,4453150280174121e-22,19861716835502847e-23,0.015971673736173857,3348781076516998e-23,0.5334571515395249
973480586213419e-23,11775809113471379e-23,3868994707552655e-23,5429713178983335e-22,0.09170703988167764,0.0015555868684950212,25344175581602554e-22,16907569748973526e-22,0.0005488187525942955,0.013089880868667926,0.8930937392998621
3898889090036805e-25,12019840558057943e-24,0.07830436212896631,17565746851972179e-22,0.46682362093111895,18924459015398042e-24,13899993973133646e-23,23521401495465876e-24,5003505966828215e-21,1693742164419841e-22,0.4548648936297333
2364020683193535e-24,11634931761415576e-23,709484157315922e-20,0.0001462597862450449,0.3210011061121517,20762643376050958e-24,0.032989968458726156,7730308409763839e-23,7497328617367665e-22,2679202198959527e-21,0.6458519250872009
12155953830646573e-25,7163369155622685e-23,9870623276943833e-24,4048344126520424e-21,0.2347695336795162,105970757323714e-21,0.003667868708714029,4196700167222227e-22,7487678644617734e-23,1809534377743643e-22,0.7615576850767264
1630665171884136e-23,555427466607925e-20,776751815135244e-20,0.005824378681352123,0.20217887942028295,3391007898900623e-22,53475586248952445e-22,11708659181078578e-23,153124772953428e-19,0.020738863562837214,0.7712234240127597
1652535976580134e-26,3827071228826498e-24,0.16696579340349246,1829504714730266e-23,0.4848240115240008,2211190309579842e-23,17670025150050044e-24,2107093742688134e-23,0.011452870022144766,2910955355087306e-23,0.33675722104540046
43716203298357735e-24,0.00011929719019916727,0.16418293602721637,29609764657160806e-23,0.026353496016891173,5320933617101824e-23,6596291580224537e-23,3845270506362461e-23,0.027104975402007497,15755842171671567e-24,0.7822387821690638
18711394633476904e-24,26135241069440068e-24,3396474695761567e-23,2179440052941454e-21,2728692972637274e-23,8703058755210483e-23,3404737340485805e-23,0.010307769769128563,0.002666610191836766,2444623641854708e-23,0.9870231889764723
12787951236201625e-25,14054681198815133e-24,0.04730290131089372,27079030946888033e-22,16872019541896988e-24,0.013126654079967135,5004008283429365e-23,4440281261703326e-20,0.00999145489083904,13276647091816688e-24,0.9295317834803651
11347900164500268e-24,15995216543945336e-24,0.0803761948949655,0.004378454653232012,57821399340271e-20,0.02868916806113916,44855341957060284e-24,3717933377464489e-21,0.016764779116443126,24945487714938062e-24,0.8697870099829023
3971288391549995e-25,7729421088650812e-23,0.04489269758627354,0.013061445557733614,30637872990095672e-25,0.03092845637064389,4468705981943697e-24,0.0037976939799163048,0.012630101366945246,42565699648740713e-26,0.8946895194889974
12383794851264453e-24,8118602912841058e-24,8782362441839548e-24,22360129015032323e-21,12510284125211685e-24,0.00036618116340325505,9049295517811803e-24,0.028934644032346798,0.003311717711007629,9494300919300983e-24,0.9673650366257377
29607461792840798e-24,17375087405450088e-24,22066853316145417e-24,14696572934118626e-23,1293946831055084e-22,15229315031017074e-22,52029635744499314e-24,0.03274856221052106,0.0032701182767766717,10717152574061549e-23,0.9639792919702239
4781780235267976e-24,9458293688160784e-20,0.0006621473418537099,7597624449759481e-20,0.15394452425220806,1258130869653299e-22,0.00879127983338456,42180891707998805e-23,0.0033089120462357073,17218063132016452e-22,0.8331203031410496
10966862291562978e-24,29173300372908686e-26,1359179424228054e-25,36896103517700997e-25,7443572047237551e-24,10555984077671174e-25,5621134918938849e-25,0.012126969951892514,0.0008230705385704124,1564071689012141e-25,0.9870499352077229
2139986222961124e-22,7369697124937524e-24,73195309981834665e-25,55031039669119124e-24,14134672532978106e-24,30420772562978716e-23,1791654341776946e-23,0.012564101658963133,0.001183685007588394,8407837184642908e-24,0.9862515849477798
3304358933302157e-24,21821077270278534e-24,10692273932693374e-24,0.003995696456459255,0.018299029127508245,0.020741321478709548,0.008348456396923736,5032153364735057e-21,0.005202124534184136,33715964915311304e-25,0.9434083006635438
46652925180489816e-23,5212834824254176e-22,5169303606940767e-22,15033997996502133e-21,0.14918628302530737,7092964291768281e-22,0.021311139582578624,8568822116766109e-23,0.004457774353884972,35337201190192204e-25,0.8250274663441325
569362061898621e-23,53518183352212385e-25,1067420143956327e-23,33575353396829584e-22,3777884097674994e-24,6776005897069866e-23,2352692312572227e-22,0.004832773495038019,0.0013467899371298357,5657035745864765e-24,0.9938167448486419
3974950478728517e-22,29649302558165147e-22,1525328466284336e-22,17454075078437342e-22,4893415292839208e-23,17595803863042473e-23,15564396672676015e-22,11092366216698332e-21,0.0011195147042120939,34724309788573493e-23,0.9988620039889561
4877125644232681e-25,0.018505476215758775,4235540369596445e-24,11828296967057793e-22,0.04643544112740709,4248418084202189e-24,15197241374904842e-21,27421516148041517e-24,0.0026256788731322703,177089681764614e-22,0.9324169696104185
1455625853090172e-24,21572269343037358e-24,6529718528985583e-23,0.00014308322565683828,0.24222824944966745,3357898123617552e-23,3224626898286845e-23,3110149239781546e-22,0.00043750227631290917,0.007741193117735038,0.7494495067654023
7239562773557063e-22,9610970098173712e-22,0.06622893572732566,16222090072114e-18,970049263039796e-22,0.005694337771712918,19682679474495026e-21,24991557806514715e-21,0.011578902614143217,3229961243629976e-23,0.9164351132016376
1205376392441726e-22,13071874716872285e-24,10027539933004976e-24,7137253079985385e-23,11653997312128414e-24,18724944706127613e-24,23319013782692784e-24,0.004757401026594745,0.00019433215128790952,10731173242603872e-24,0.9950479873834036
6292166104405659e-27,2433003565088651e-24,11634898185372002e-23,0.009233583724321311,0.44241819141839017,3464679184049445e-25,0.0077553315235295486,10115010855367214e-25,0.001824878734467431,0.0003934405101536881,0.5383744539431027
16720025537253733e-27,6018126979489976e-24,0.009791010471000628,12732696847975102e-23,0.480222752871513,2644971286244126e-25,13493405503998646e-24,10036923462651313e-25,92879226218111e-23,26075497080873015e-24,0.5099860615599501
22405559491752198e-25,953524850181539e-23,7998854203942072e-24,0.0007736628702152608,3730925251074408e-23,0.016000210020772898,0.02139420959191684,3242074288565603e-20,0.007316813648525064,8497619680723106e-24,0.9544826175441546
33847994725264475e-26,9046763857874812e-24,11519254742384802e-23,392473598388336e-21,0.515675123125069,28221438201787864e-25,573689475106861e-22,8926808926528236e-24,38862172506404745e-24,0.020213357460995476,0.46411089438253067
4271587798293253e-24,6125615253076296e-22,0.07562431318782355,8860199014094775e-22,0.1868356796812223,4693485089876312e-22,4907231344051025e-22,6232716692244672e-22,0.010419045815455275,13205216805017156e-23,0.7271177430670521
1169941929568135e-23,12519826420543875e-22,41811460296945006e-23,0.00012868284006623703,3338953019314941e-22,0.026748061122655854,2172902675589975e-21,0.008759737396186821,0.002027818254944245,6437269826639893e-22,0.9623308680645223
0.0005271035991956303,6310827996161772e-21,6769128520336547e-21,38770848202534044e-23,5540548254163339e-22,6754820486936639e-23,0.009752345591977938,8507592949495241e-21,0.0039193927167722,0.019964879300899505,0.9658136819301764
3099337468091925e-24,4339252624406225e-23,5282579000462287e-23,14570505129446777e-23,0.1351391920347081,0.0004402225027333942,26388623066305607e-23,3793424260774623e-22,0.00048483584756183097,16574555898972437e-23,0.8639346956179482
3718185587707118e-20,118309068143148e-21,0.07026084492802218,5674247997688818e-21,24520658610773302e-22,0.008566604536459008,4113439085263868e-21,4492140367207478e-21,0.011726430289049072,4209450249271355e-22,0.9093916672431924
28593452904991327e-25,3758490242565273e-21,0.07779546977198729,12309610898744772e-23,0.12483762264562767,7634203215551114e-24,13338279373807316e-24,1823759300646936e-23,0.011224941001805513,25952447358857075e-24,0.7861380169725232
11699451782977827e-24,3217873397990561e-22,0.05764899086431047,0.0006909548351946636,0.14565547221136702,24493808502311633e-24,4933662918922273e-22,1214548784329156e-22,0.008298443743827759,24375188053672823e-22,0.7877027280247211
707385365972389e-23,19119907267431868e-23,0.004074597023207089,37427846168000583e-22,0.24579066596178767,3459874431820757e-23,39702926296220425e-23,22793983113873652e-23,0.00017348415561448897,0.012422713454714445,0.7375339387791434
5238150041287901e-22,19968201343217637e-23,11300150452484308e-23,874040892236566e-22,0.010678366060028772,3133583242952393e-23,0.01820159994759245,4539124194696527e-23,0.006046301536833479,0.0009840445832863343,0.9640886872425729
4657249359321954e-24,3624331432191706e-23,7773833369945392e-23,2588884518037122e-22,0.10925445029975558,9629730998043822e-24,25097930126672643e-23,1798470243840899e-22,0.0003548010107232624,31411856366380764e-23,0.8903896165875643
10797989866422698e-25,100758188772983e-22,1711732963140661e-23,15699969245803612e-23,0.1097025614047575,4725568619294157e-24,0.01361325495317675,22690260339996104e-24,0.0005274175889336712,5829723560493586e-23,0.8761564950674292
52603190787818276e-25,48865973965425486e-24,0.08091181170528843,55531156592069275e-21,0.15548531566321017,53043073771262496e-24,5255007822031496e-23,7624045549387835e-23,0.0048727478466403405,12463599028081593e-23,0.7586742330323453
24494670269530942e-24,0.022768403666868695,5086462386074021e-22,75690786092760115e-22,1841207705089222e-22,2809843774941121e-20,3598713253372307e-22,13600849777575894e-21,0.0037452012598959803,8654700875153137e-21,0.9734273948732195
69904581690648436e-25,8416731756424242e-23,0.02103979462887324,12626838400717406e-21,0.19635732416936738,13433358843715477e-24,20502936353086228e-23,20241988685060223e-24,0.0004179008690476352,0.028058233272923536,0.7541137903589095
6693793889027528e-25,8487283189117082e-24,0.20436106302531534,14049024888086255e-24,0.15873432255982298,120540351596947e-22,8829988638429977e-24,15183914762973998e-24,0.014695019067373685,8726957239176877e-24,0.6222095273472406
22442619012121974e-22,36963716593221873e-22,6033283285428753e-23,5072879496496561e-24,9754137948584855e-24,25240259290318487e-23,0.006999461006039533,1225294667099331e-22,0.0031277083166404065,0.01117777840926012,0.9786886615425894
1020742268322088e-24,17228032595536223e-24,0.33172193244633974,9305122226003857e-24,0.03605407268636704,4453271833627404e-24,1481555599770279e-23,47846676027581835e-25,0.02945941895180068,13389550418307378e-24,0.60276451091828
23461550602112243e-24,26101698139768133e-23,12585388525276198e-23,7763867746366106e-20,0.08546429280758458,31589628174719886e-23,1458268129210918e-22,10263148171629595e-22,0.0015368108214702924,0.030005675129866516,0.8829136841932903
1631601173135314e-25,38308897965037024e-24,0.07483263498961662,17749233014220023e-24,0.057537273669389814,10994761800599799e-23,7066614507172201e-23,9316687789770101e-23,0.005543284949207178,0.004381482576667412,0.8577049938131853
4700957032680344e-25,2389474599052841e-22,0.46985667332159375,40998009066931006e-23,0.20766066564915306,15181404924021304e-23,9004510779978654e-23,2533187616255469e-22,0.03527269872207206,801086266775815e-22,0.2872087977819595
3766119715740296e-24,20753647685478054e-24,1090470910949549e-22,4854213264315236e-22,0.34570574102968304,11551912926678894e-24,6193008568804694e-23,22387884997626754e-24,1779656328119547e-23,0.09241343127066026,0.5618800950458905
9168499139677033e-25,5121947876825059e-24,0.34885373444557694,7957802965717766e-22,0.45056542901920904,5289536381999075e-24,2926114494820209e-24,9316027461904292e-24,0.013523472884006795,38972951432572395e-23,0.18705615457092484
39552594141268664e-27,9716710585017745e-25,0.33826849553429367,4655910198332847e-24,0.21922025794585612,8399711213806686e-25,1955415109992512e-24,19838655553751114e-25,0.019203303840853867,35885145334032264e-25,0.4233079286440927
1198983035319197e-24,9737655794943806e-24,15811388942643207e-24,0.010024936875535077,0.32904870351312576,8800398145168623e-24,0.027369512592298438,4351321012326907e-23,4272079179191626e-23,0.0025352821411236924,0.6310214430954857
523821949562851e-22,0.013211664003150766,0.0823306297823019,26364867949047473e-23,372234711753221e-21,0.00036752850253011496,10325639498760748e-22,5113388960679214e-22,0.008525585281507157,18760048062428454e-23,0.8955621726615773
10822801419773044e-27,28194146579854504e-26,0.22181096325600919,14750580063408012e-23,0.5157074250644179,20279307229669272e-26,2791859518473798e-25,46542490165622336e-26,45683110672291084e-24,6650965118347102e-25,0.26248141658455504
11375055414845234e-25,6811959609709938e-24,0.18033866829332773,52339460266027536e-24,0.14152103679729097,32104797864852416e-24,0.004980736462297841,28346280833705272e-24,0.00980192649397545,7130666513771036e-22,0.6633567981464831
16970491157295004e-25,18699432072676307e-24,0.29593942738292595,14006942684863595e-23,0.43566529724804864,11915151198250394e-24,15047700330855715e-24,1843719522764618e-23,0.005976090817184991,555405388145046e-19,0.2623634381472919
27694559332828493e-24,9657465186766128e-23,0.098613630687282,33331775227329335e-23,0.23222256224436638,15235878689227617e-23,2826145357632791e-22,2168558014235987e-22,0.0002356019823232991,0.0491877260544698,0.6197393696154704
1575006436209859e-25,2985388553326987e-24,0.20348624977311544,4516079990992107e-24,0.1623092137745217,4880142808816025e-24,6200833016383622e-24,4299762101315241e-24,0.008306905313785699,0.0010716835372357773,0.6248259245626336
16036164444001559e-23,1801051883994285e-22,0.12443707978518356,30547203935727047e-22,0.0002680100414382096,20177170331911275e-23,980717670434176e-21,9883112029737483e-22,0.010832947599320688,0.004517596527733618,0.8599388000585236
0.00014012452469661018,15584425855978646e-21,36481699754134945e-22,3342003894450215e-22,10412532960157596e-22,12168091208495046e-23,0.038753911395964055,3502871642686995e-22,0.006797260405576517,6412729406929718e-22,0.9542869823832307
4734120458932734e-25,399210736529464e-23,0.14106995259621508,19277639134885613e-24,0.22109178668970184,471822756386702e-23,7107805001812201e-24,786658032968346e-23,0.00017019321364753414,0.004779273568171218,0.6328887504965264
11654495066368194e-23,8304885000007438e-24,8684479628630734e-24,37381156103732073e-23,12957162699552607e-24,33807459529518045e-24,0.008575623477090809,254065089724993e-21,0.001749407493942356,35535048009275853e-24,0.9896741253183305
5288189301112151e-25,11336928111001042e-24,7935642978157748e-24,0.01307761906157268,0.19748539621728498,9410776015918911e-24,15244839230237108e-23,5206688544262971e-23,23600390168692764e-24,0.02857719506208677,0.7608595323312242
951994902456894e-23,10747640078502301e-24,13202405229246901e-24,0.0017575956957703199,10256670268686307e-24,0.012732988796304027,2366405368491129e-23,3737579670100503e-23,22673509637220816e-21,15969374869910257e-24,0.9854866212623986
0.000375107700806731,2516353252101386e-21,20642170037806828e-24,20378723327073356e-24,53649967706518116e-25,33908527328970836e-25,14113256192827809e-24,6331298490320137e-24,0.0002343082350527652,0.017077245959995997,0.982310751529595
15621372564085222e-24,5214650758171196e-25,10300921343437594e-25,0.007160594307883351,1065461633296109e-24,9286940425895541e-25,1438769260608903e-24,205789498276155e-23,0.0005242353294203049,31559188290295574e-24,0.9923151161397581
1909435567749347e-24,7479158577226425e-25,8791601311007905e-25,1878676417100518e-22,14282727802769558e-25,0.0014974905615973116,1540639249140118e-24,9871991900230472e-24,20004982211834253e-21,12513610617626763e-25,0.9984822989597725
0.0016424806750206201,3830121294526121e-23,0.009936207886608083,15478761865806706e-23,10238127108039041e-23,45919403725409004e-24,5458323125265587e-23,4755237527170224e-23,6644923158858045e-22,0.05942482322188793,0.9289953801990547
13294333675192354e-23,14206895423920223e-25,13749818596452493e-25,7325480596967796e-22,8199333676607903e-25,2869342943540037e-24,10097105744062305e-23,13274909374208187e-23,7091774859026393e-22,6339175018823574e-24,0.9999981787868436
46222397575422846e-24,17942256703342164e-24,226828975463639e-22,3620340272478867e-22,1557190131267001e-23,3827765810557413e-20,50422747666861426e-24,5218865840979745e-23,4211413783267515e-22,446771931541e-19,0.9999606894584367
6621633739378119e-23,21951771944535406e-24,6367993166257107e-23,0.008478929490631257,7271995594525608e-23,18597142272160495e-22,3327706831595178e-23,9768775568961762e-23,0.0015095421721573552,4272028100731826e-23,0.9900092703698822
6632808739633903e-24,0.025773158430820328,190982635371062e-21,34186027314327526e-24,18553718390141236e-24,3619420865582441e-22,10966002013722702e-24,35997233744811714e-24,3811897436248546e-21,0.002209261660373053,0.9720131087508628
11155544810892153e-25,47805718391706556e-25,0.12485053207163523,34793289169705647e-26,6596984694592994e-25,19968687508249058e-26,6132999970953486e-25,29043155131708234e-26,0.00861719469659567,16541935616406144e-23,0.8665320998052388
19074759433497463e-25,9934465634481424e-23,9076093740423117e-22,0.01065965156325712,0.18346208767758052,1711650422492876e-23,17941229537485586e-23,28064140710231425e-23,37364955056334665e-24,0.005795566004414467,0.8000811754687557
1059025571784019e-23,0.04582620788538104,0.005447147535249764,0.044113044879194346,0.00553432246226201,3040923844256837e-23,4786828846679663e-23,6890530431978719e-23,0.014127170484050579,18278259313347098e-21,0.8849336707214657
5572695406099939e-24,3858299557822302e-24,3123410455713863e-24,143318114866343e-22,32335375412141723e-25,16573250849316832e-25,6440320747440924e-24,3991824047427463e-24,37583102219878282e-22,22937402459342597e-25,0.9999961971868133
7690342942114177e-25,0.018536102893076126,0.16058916914755195,21110943395571697e-22,0.1705045503311521,15252555061445587e-23,4633521436638098e-22,12334623780363646e-22,0.008390213353570401,7571093466298102e-22,0.6419752651508269
6380582947517182e-24,7412079018738326e-23,0.04297522494662951,0.0020542040054028063,0.17302179207870955,3255385250249934e-23,5127065591914976e-23,7985237885710683e-23,0.0006503612215995355,9708539789759394e-23,0.7812980771857305
7540069692422116e-24,39444910416238407e-23,763043166855477e-19,0.014738189669295482,0.2037367385279572,4929279935122436e-23,34255303002893304e-24,7791210626840611e-23,0.001129276182879036,0.04060672365496581,0.7397122041988308
658249604201315e-23,6346906900400947e-24,4498992402219012e-24,1963873125697788e-22,6566575266220869e-24,7332266682770721e-24,4074047783241995e-24,5162509262366912e-23,0.0010350435464082303,90850113663689e-22,0.99896466395489
6106985052618284e-24,9478848033907233e-23,14859644924975643e-23,44082937023874375e-21,23607544700858905e-23,10713005030776577e-23,7638144130924997e-23,57307776375238e-20,0.0017000978312380743,10560093691818414e-23,0.9982544714741839
21057065658139284e-23,13472977503081958e-24,856889817757416e-23,23517063169395521e-23,12229950157609619e-24,34687535058344536e-24,28596147859483197e-24,26267751805184606e-23,7012130737485021e-20,14580412251794865e-24,0.9999290581378976
0.00011499789070756631,0.015908842738617677,24302329307636687e-22,0.00016987158556844252,28252804751533844e-21,47475976069219345e-23,27067591947090903e-23,5313336092127863e-22,0.0025150589236893773,0.01955616456267205,0.9617031044917732
2034783238331532e-23,5715317166547642e-23,5808998765014953e-23,0.01321533324483861,4234445528164339e-23,11040685784092968e-22,2323512101339056e-23,10419792913295029e-23,0.0044740875362957845,3285132783129971e-23,0.9823091369304614
7444540516033343e-23,2097944213767131e-23,51812769936574254e-24,15677099272131784e-23,8414260657853636e-23,0.0004372100544820772,5300627091577522e-23,9036196190056256e-23,0.0002133517199058001,46456575501023294e-24,0.9993488602495874
4741495685032084e-25,1595781306201393e-23,9690358727460955e-22,0.0040884644163981885,0.48266392124174645,2317508409516498e-24,31924837897085667e-24,7678783946543813e-23,4071400550351193e-24,0.0928879968713957,0.42035851690098924
7607463816433811e-25,0.026927473369606228,0.036321726754592096,7140294417996862e-23,0.3870350733473824,4134333593866042e-24,10036931778349838e-24,15611442493162178e-24,8255620705950486e-21,0.10137975369736352,0.44832761526391124
6158015514912317e-24,33546717650397015e-23,1779772049022028e-20,0.014636570827637018,0.3730127867006331,28400504304359324e-24,5130390860000969e-23,15811658603778364e-23,21132354830243e-21,0.07024278440523571,0.542089459767672
3752848196843134e-23,5408566065104679e-24,6659939239531519e-24,7600205476884173e-21,4672551635217368e-24,38438999307832566e-24,3864809482579541e-23,35460474767618844e-23,0.0018572320714829215,9312792547850287e-23,0.9981345886337338
7353325716489368e-24,11844253936112606e-22,0.05379578312664656,0.041234667907859665,0.08999027650381869,4637702051780115e-23,13528323458048116e-23,6317343546057329e-23,0.01443091954873134,36484950128233236e-23,0.8005465514510834
23850710854396575e-24,2368494556243132e-22,0.025715284493534142,0.05373990281845192,0.07363134635652308,31431363011975796e-23,1536812784970709e-20,2991874397257085e-22,0.015754228609131095,2088523509460188e-20,0.8311221101581792
4427169774154724e-24,629427866597221e-22,288773742436709e-19,0.08483848702269259,0.209702714827624,25615275389432132e-24,4422640009884746e-23,23113031829103996e-24,0.014148663418621315,12781907608952548e-23,0.6912809692130732
5575534986966453e-22,20385473911129973e-22,6532912473631279e-21,25043371492688456e-22,33321388118938655e-22,1195231266573713e-21,2530407859165784e-21,5065436518995287e-21,8944370004230334e-20,14398159425937207e-22,0.9998853599555294
2589742041645323e-25,28240317968226877e-24,45760968199395286e-24,0.11725373176133924,0.527563534838771,28124797116755266e-25,52286052158791975e-25,6732160195128348e-24,0.003663841149693802,10577670446267432e-24,0.35151879263681113
1261953551290399e-23,11358896198672196e-25,27280454206937106e-25,5892978408920572e-24,13147691726356822e-25,9667073019452342e-23,33905212676784896e-24,27345521411485213e-24,700125377148215e-23,16121883362137094e-25,0.9999998097738754
5502237231719313e-23,8710743244935971e-22,0.05089081413548877,0.007564454115714518,0.004753094516261805,14294477444969105e-23,22744812696600759e-23,38208255398670406e-23,0.00861791888703134,2016420187418688e-22,0.9281718381321535
54816429827917235e-21,382103009351663e-21,0.015843873985242927,6659104579828741e-24,0.05538821408951224,9243856169779767e-24,0.01442738867704472,7100796858860228e-23,14874830060607773e-23,0.017954428143213068,0.8963306609217407
31903993183347236e-26,2067425387843649e-24,17322006169338214e-24,11500094116069791e-23,0.09038611181978018,3898076813511391e-24,0.003198122249461707,6322808673544918e-24,4924863433170775e-23,771620530087624e-21,0.9064148001312956
3339476315571327e-23,4850925255448782e-23,9765753114117197e-21,12000893797326863e-23,0.060107324011025455,878376047980726e-21,0.034356570620581624,21490475860834494e-23,0.0009523063076493673,53837624693412985e-22,0.9045673543514052
16552838451198305e-25,23832188770677723e-24,1008331596145987e-22,0.012922041985560859,0.32824982393445973,55290287006995635e-25,14033848454234404e-24,19262615773507005e-24,16645140454616737e-24,0.06578433856256999,0.5930436137260677
5447128867181793e-24,0.013254971827966457,0.1430556793537597,45162589963752536e-24,0.11902861290174087,9658734559673958e-24,0.02876934076339864,2543252275074989e-23,0.010029773544163553,122702681453334e-19,0.6858492656397447
14951541534838513e-25,5825647895914103e-21,39414184818882857e-24,0.0017006558950928273,0.2604922452272238,1140261095844388e-23,6019951613679859e-23,5625645078136925e-23,21733941872037928e-24,0.0006158982756920651,0.7371851844520468
6809091897524506e-24,4790475764437571e-21,0.1130565714725137,8364669147255892e-22,0.39264430138525264,17005010430299694e-24,5634021874187487e-21,875096415534087e-22,1219555579300491e-21,0.05462973812980712,0.43965679716855155
10266888825094462e-25,359718307811819e-19,0.04648443232861374,30277533298944478e-25,0.14062169373168193,11993333164569618e-25,19218542892195144e-25,29734892178171527e-25,3781222585270077e-22,0.03091563941590178,0.7819418744216429
11243291510182516e-26,0.052185419021617156,0.3385330445936787,21171433556712332e-25,0.20271131766027373,3838154480214305e-24,27972699441203953e-24,21044219442395025e-24,0.02655647521737558,14886033219280848e-24,0.38001367353674964
1011111184978318e-24,9358501345249982e-24,0.05454213955622364,6177117681826224e-23,0.41181819749879134,2503726487501732e-24,62806811545924425e-25,8298546464125147e-24,8800071358488555e-24,0.11260963347986427,0.42102993144130985
49785187579927284e-24,4846442879897768e-21,0.1284649433797802,1856227559082851e-22,12636776165369937e-21,843197612921039e-22,3981846060112975e-21,165753166972102e-20,0.016250771705036436,5760889929914929e-22,0.8552602667340521
69590730011347625e-25,2118514557493696e-21,0.09707921483200235,14110633655908898e-21,0.3757182680421088,19459569817362743e-23,12457589465417707e-22,10704313135901003e-22,6762464991462653e-21,0.020558807309167367,0.5066182004608507
17221763411479428e-24,0.09558653797699747,0.1582667338108258,24995088433645186e-21,0.0875317352880609,611250662298477e-22,35708021762241766e-23,243361695126931e-21,0.018808231361007538,11486646050102526e-21,0.6397696010399041
11077761443168867e-25,0.05273711486915182,0.0963502942118006,18128386099184267e-21,0.14616740129229375,31534538117212693e-25,7677191630402235e-20,13588591643509368e-24,0.007641924311326754,97532037368677e-21,0.6970082496311792
753149261820173e-23,5297931739130593e-23,0.038469668997624606,0.006296219164742451,0.30162090589583496,2274496464367427e-23,12813280300766668e-23,12199555820875046e-23,4692096369754003e-21,0.06035605378421113,0.5932521266770969
4767621610679529e-24,6313243782360549e-22,0.24988564469411123,13595952541047267e-24,0.001327174480207768,20874924598801864e-24,14082935444707792e-24,4183085667756313e-23,0.03189227128371057,7924516495306279e-24,0.7168941751408455
0.00017822965647014405,0.0008212825647117025,0.004576754999811946,8688155768256189e-22,17549805067116935e-22,3767997452374019e-21,0.029687129358733414,6009093689995394e-20,0.008151024180571264,4790215737294278e-22,0.9565186174876906
11488476461403446e-23,7748130995797063e-23,21595446668474017e-22,16785258019233159e-22,3112560902834357e-22,1453700731925231e-22,26749125649531345e-21,0.015218642228218431,0.0026789348420237346,5053191657754642e-22,0.9820706814222363
18901247468629357e-25,3999200946132428e-21,0.3206728613564066,750612064572229e-22,4300545294643203e-21,6220678741489237e-23,12221526502816663e-22,8958139036963628e-22,0.039672830647512945,40069203442792225e-24,0.6396437110557994
274207117399794e-21,0.04252410083805206,0.017658154838821626,10063106451483972e-22,7066382381187557e-21,25533028581792167e-22,10120136996393384e-22,0.0005419984447257603,0.006922872555472662,34842950867509735e-23,0.9323406126767066
19084683969827317e-24,0.025193211309601272,0.18989715685460595,5832901151196085e-22,0.14719636252950505,6766738584425951e-23,4097163390580791e-22,3552847440516804e-22,0.026853113161392064,4633800540786997e-23,0.6108586747635744
15880330436621998e-23,23454623373769118e-21,0.0630720719402922,423443616520829e-22,27748901055365974e-22,8905942965419322e-23,2470341967627162e-22,1732658982819545e-21,0.006344048477570117,511690158309412e-22,0.9305553289993702
27033405616551565e-25,16237762567767672e-23,0.2607035804506923,14433410544284194e-24,0.22212487861809324,8608194110641226e-24,30471443651885266e-24,11952481546326455e-24,0.025698488490497853,19255272623494418e-24,0.4914728026388236
22024761570138933e-22,5995510406558123e-21,0.018986684586100335,3254297182562782e-22,37071032359252306e-22,10295039008806068e-21,3703797120282624e-21,0.0001025347263001789,0.0001768943373307338,19456949776258046e-22,0.9807057112996443
41698434210519815e-25,20746317764709237e-24,0.000771902632587182,16228247271256823e-23,0.2571634461725221,1464380319317519e-23,0.014386430108112996,31261520263993897e-24,2664363852349533e-20,11609123037807844e-23,0.7276512282530663
6110606550367384e-22,3034576579704365e-23,20142379483978998e-23,3966093939216991e-20,5483672572958845e-23,6653450936229447e-23,2993594708884488e-20,5434967398053472e-21,21009841577895535e-21,8489124633262437e-22,0.9999021451906291
0.0001259537249802613,3116087962313851e-24,0.0559766141388705,7859013544393831e-22,3874587204948793e-22,4250133394122559e-24,547363382992474e-23,5675570883611859e-24,9495316679539039e-20,6874605713565208e-24,0.9438012802192578
21548373795383126e-22,0.11395796204782983,7464253857938531e-22,0.011352033727655777,11109728391384038e-22,4842533284422696e-22,8287806902128675e-22,498726898186016e-21,0.009454168084145075,7573599157109462e-22,0.8652292547839318
29759313545518248e-24,5390896656988307e-23,9853435753660723e-23,10013319326290349e-23,1208960534615465e-22,4124984506445378e-22,1326434225171496e-22,41856532939891654e-23,5863935052322552e-22,7780815209637483e-23,0.9999979688592777
3620295961155976e-21,14961214792062394e-24,3832571258346142e-22,0.0017160111302309527,11777736003273443e-23,0.006803176205023672,2742411531116837e-21,13264720072308103e-23,7688352243192783e-21,10827488667908923e-23,0.9914660046872218
12894147276314347e-23,6346182035989428e-22,422137167921277e-20,2612878474381842e-21,0.0647691247826634,1467191220539638e-21,42621544039021743e-23,33951538158933487e-22,1514451171819427e-21,14760258187415242e-23,0.9352163267932767
11247890104672212e-23,4993775084447308e-24,23580125567269698e-24,8661885990495031e-21,1049917975755602e-23,2156783586216394e-20,35099210894082434e-24,3980170073424459e-22,5974760133397897e-23,26842722070684974e-24,0.9999690990196243
4142129813501869e-22,37636707354909694e-24,0.022130425158617205,0.012503384892178903,5252627029008912e-23,40185104068506985e-24,3910718869400575e-23,5132082431058484e-23,32100747591088204e-22,2288566029391667e-23,0.965362321999708
