36206620457932957e-26,3253204620439703e-22,19048814287660288e-22,0.017834654200112144,0.2578636198861484,5396046818643533e-23,0.018721030453339938,20156564624337036e-23,27394142377206932e-24,14386263844990992e-23,0.7055780384934812
8847080595928377e-25,1690691677948778e-23,0.07258971182573212,21969488382962807e-23,0.19994527093214182,13546573568207193e-24,3465447602310466e-22,4540207635935154e-23,20980162060006327e-24,20029336503525116e-24,0.7274643332526229
15175677160077418e-22,8348192135334317e-25,10377496989363586e-25,6433671393479932e-25,5101659093304645e-24,66778120401238e-22,2119737325697212e-24,0.011786075209820963,12416737002710635e-23,9241147339573894e-25,0.9882122657158355
12125371179922272e-24,15397713696056082e-24,16647817285418104e-24,0.0007415046543708428,14107115938786364e-24,0.0033013625869531865,15247467292489772e-24,7297934163475817e-22,0.0007016979992546962,9107677244097926e-24,0.995254622332842
1390433402619542e-22,0.01969314058695083,6825304635929441e-24,23717306881836054e-22,10284452274546843e-24,6689449436840966e-24,31184117034916178e-25,4210774726584848e-22,0.0026783267015104816,2343509728368108e-24,0.9776255715989097
803274638247493e-23,0.022292365166748117,10234515274030526e-22,0.01671757563427855,5935290795924602e-22,0.010141529852291992,33077796172943338e-22,4746961402725901e-21,0.007158921964993469,4588953203626867e-23,0.9436798817378264
14100561157445873e-24,12546194537546141e-24,2470239284823822e-23,0.006510258766088799,14447430464502514e-24,0.03188346435134271,4606879674506822e-24,762618766197776e-22,0.0016603268765307336,50544742789719546e-25,0.9599457982914219
6217785433839037e-25,18475972027062753e-26,23444133722960674e-26,7518960237418637e-22,2709223427425494e-25,0.008671419025079424,2556535175637637e-25,12182493537085026e-23,15360319535732443e-22,3053354886369185e-25,0.991326169349117
1436534571637223e-24,25000070615502223e-24,25196169921035e-21,0.021165356676892767,0.22288345271589413,32904727851601874e-24,0.0019130370622584866,9591275614717569e-23,2855414696575386e-24,17841691750304113e-23,0.7540377918223613
0.0001750488158222629,6815733832250915e-23,14608135595668304e-23,31784065905161983e-23,0.035900808424885924,15183056431679893e-22,7125454656591598e-23,3889937001175762e-21,19500755242443115e-21,0.026337521467212903,0.9375611089719506
8679878656969509e-23,1582174343630298e-23,19716845529513764e-24,486252924622857e-22,0.045178319477044246,13753513263622144e-22,18611951495646798e-24,5347804284420844e-22,6647055175559082e-20,0.015212503066848437,0.9395406071980139
17813198254666417e-25,5249399148439891e-23,26117346446214924e-25,0.005773483577700839,0.07407554387619882,0.011375506538188479,8727658166457661e-23,25883078583270976e-25,0.0014499666723961251,0.02914709698568107,0.8781782555979003
15337410870499206e-24,19985580521455945e-24,0.3654199593831365,1459676055800999e-23,0.3018315966080756,29378467727691683e-26,44183060414428126e-26,31146004159692413e-26,0.024339064607132827,33284121345168e-23,0.3084093281162125
906103977441502e-23,0.026724754418037372,0.14742787511699648,12247790308167906e-23,0.02820020967501362,3490209843132866e-23,5387769602557416e-23,46552384397853356e-24,0.01890312303266085,11083007298525993e-23,0.778743660056098
39910119235030414e-24,27226090887557896e-22,0.1616287059773743,3827852937965959e-21,0.1013690521243993,20618671766739698e-23,13267787528815256e-22,4009540931961155e-22,0.013161397035200275,10139096132488174e-23,0.7238322191803593
14526589560616485e-26,4594581396757496e-24,0.12219065618329618,8900756509935668e-22,0.18920185732951947,38186790261268e-22,14046768969250615e-25,3647757515846108e-24,0.0030053499740072486,22715476542570165e-25,0.6856012305550114
6778211550760232e-25,7083380468243797e-23,0.12636321101813833,3275384904843437e-20,0.3242103063255127,24894426675208534e-23,30228097344318623e-23,36918841118652364e-23,13678127940347363e-23,482299726011842e-21,0.5493921182831228
1353722306148659e-23,289881934450647e-21,0.04070556576802263,23411268542822185e-21,0.016891335376108173,0.026136891477763068,2431183078310294e-22,41408666503241955e-22,0.005734452612726596,569482083488825e-21,0.9105030866108952
10783407614754853e-24,15636520795825218e-23,4991062429966812e-22,3409697280007802e-22,0.01910664324025472,6115405122170018e-22,18304421608414264e-23,0.005045113071777485,5953559872515823e-23,0.0015215316314671858,0.9743248507116062
1857867489798246e-23,25450084708776623e-25,22155466992619804e-25,6753141059029186e-24,496628304528401e-22,836968521069961e-22,20824345822081457e-24,0.012681069814405956,0.00038425985226383705,1739724092731873e-23,0.9869344686596895
7471388858632728e-25,24995198439544425e-24,0.22608105362687872,20587766529257492e-21,0.2860680612299597,1359803043574214e-23,27938683155387517e-24,11211040447753388e-24,0.012758192090706518,2934197890031534e-23,0.4750719974536726
33836779808644605e-23,0.0002644776132217569,0.12773192049859214,14286523773120723e-22,4051736013209083e-22,0.012261885801790011,1510228555767938e-22,1361058660206185e-22,0.01807261405468196,7262701316586286e-23,0.8416665700822294
4746586343475926e-25,10432529302467932e-24,16890023165533444e-24,0.03338292766097852,20472902686819434e-24,0.04970012204657724,12280537391958282e-23,12507048770303369e-21,0.009636959444253764,3014688478181476e-24,0.907267310749367
12170437287531645e-23,24970540373677946e-25,336371481871126e-23,11728726688647916e-23,8005327904167986e-24,7903388849025558e-24,0.009085988679024345,27409145189605504e-23,0.003244632961893964,1451110972650201e-22,0.9876686983954087
13051412315837875e-24,10924237566975584e-25,1016372255514963e-24,2090102420134655e-23,21918008366056605e-25,4434186308635306e-24,244640391336959e-23,0.0019131980575902029,2039254730321172e-22,54590150821945925e-25,0.9980865474242977
5021629783568002e-24,4672533326931993e-23,6458232385099544e-23,0.008826729553477441,0.09452976290033135,0.00020599918062946517,934300807842696e-20,970869888552713e-21,6866641545348474e-23,0.00024467017696069854,0.8961823393146736
15768603434698963e-27,1036676270651803e-24,0.2771204138322836,39747019290916015e-25,0.513871786711115,3281943007342367e-24,15251565381882733e-24,2278970200353534e-24,4842280494686768e-22,2149150239677523e-23,0.2090072707816899
4789959577801195e-23,1134767522073903e-22,2635013792877059e-22,0.00860289148816284,1827782766693599e-22,0.021353983853273,3394637761157458e-21,41696043009343474e-23,0.005118443226179023,0.008373348102479385,0.9565469140760233
2111018382892908e-21,1300005350196689e-22,9718901834880083e-23,6052426384642541e-22,26886300665104182e-22,6854332096455952e-21,8878826642995509e-22,0.012645174983671792,3084442787906137e-20,44323763844351725e-23,0.9873101630554086
17628068112166504e-25,3402119382021601e-23,0.049933550607584656,19436031586575357e-23,0.19051287033804074,17322034972857063e-24,0.039277665697127324,25862587221127224e-24,0.0013997096620107902,960286460954703e-23,0.7188759207676142
6019136000476442e-24,14331829979946142e-24,0.31246241056000856,17880143545788156e-24,0.39661022517760797,4782309951464518e-24,8737184296982682e-24,29539176361285506e-25,0.007346361645139572,8512278616989883e-24,0.2835809397726445
764277630708194e-23,13607527268139898e-23,6775830108868524e-20,8336930698500292e-22,0.10263306603239873,7972621748730756e-23,0.03806455559867247,18582837230370196e-23,14836203396229443e-21,7005580220488553e-22,0.8592178403407209
3133734281452248e-25,14711054018853804e-24,0.1956116946445651,29576772080813253e-23,0.040682558668631526,5258644650818468e-22,217441319980507e-22,2483586213319257e-24,0.025258483610994895,18119817256333006e-25,0.7384464003794894
3235405343089083e-25,9647364145987138e-23,0.3978278265601349,5427289042252021e-22,0.29820431439192363,4492733060976549e-23,3567556904923054e-23,1637727697612512e-23,0.03474086264517974,16042959621391434e-24,0.2692262493480784
4240922969747454e-24,0.020224891785968938,0.03126435536442563,4079746557750826e-21,0.15428895213275462,44068769310600025e-24,917958585408748e-21,526941002776732e-21,39363639279095154e-24,230395934908747e-20,0.7942138910379458
4616922788886944e-24,0.006718528124187274,0.16369490890840493,47764941223932194e-24,0.14115084651798127,35018418934187275e-25,6597493795376748e-23,894023044259818e-23,0.01839804625464074,0.023262736124018933,0.6467748032718498
14176121639218016e-25,5909153468951959e-24,0.5050425908200595,20617541728059227e-23,0.44551788568682693,8409741563967527e-24,5478644604783455e-24,8730530812667169e-24,0.049403021269443334,36318551306518997e-25,3626247079600506e-20
2611457963108651e-24,3210732460347791e-24,0.3939071257862472,11173339264746704e-23,0.17094244656878652,5108462064774889e-24,6494045943882545e-24,5612954286091708e-24,0.04939466092590775,6034276985335357e-24,0.3857556259102333
0.0004605703389018675,35626938779640378e-25,0.3186838201637336,13258963233469224e-24,8481667609092644e-21,6752218957353142e-24,30042123072034906e-25,15964551874163555e-25,0.04664548660233301,7198502261945181e-25,0.6342016123330496
0.00032025937643982466,2105402483143815e-23,0.26271242432781006,25684036941303828e-24,4513390006520568e-20,12077487297365848e-24,51412546713085585e-25,7326619508584645e-24,0.039922868528835746,33695010841013615e-25,0.696999239213935
1809658691988719e-25,0.018428210589384156,0.29120969687302944,140287817389234e-21,0.12963924434136,3496695010594291e-23,541747276658515e-22,8623949841393573e-24,0.046129523990380936,694479366265786e-23,0.5145930790266681
4772208164748886e-24,862213979244557e-22,0.2618618154599847,7534633063208097e-22,0.16278129143439743,31749036707436465e-24,51779492352968596e-24,3207265909880481e-23,0.03735277065259815,9599652333307135e-24,0.5380031527954509
12386979307490463e-25,877094377223133e-20,0.23034285349351943,12193784382973853e-21,0.21927303483600824,5209706421063736e-22,24740399169774946e-23,25998902895090254e-23,0.02970639821955758,9773188978952861e-23,0.5206556213891098
476303434816554e-23,1528104781659826e-22,0.20131780684073314,6017311418755685e-22,0.37183567781385285,11116769517957089e-23,30230017419825836e-22,5682086585882038e-23,0.02024242748524927,46526989154277795e-22,0.4065954848661365
13848667707069134e-25,13069504758294227e-24,7793344463054754e-24,5290470038982622e-23,0.11641562805459542,0.0022815358650511144,2537903227573917e-22,410447026065881e-22,0.0006613626019709658,0.016739798438389956,0.8639013050529214
11961888720838151e-27,5079014190679941e-25,0.09957109177328145,21395934869900495e-23,0.5942472089569788,3883505173244484e-25,17782752476200991e-25,4832025830683343e-25,7848260313298657e-23,34489660484610337e-25,0.3061814002091219
17598285697568661e-26,17585200667839308e-24,2537451361921537e-23,16681205690466153e-22,0.40844889150627706,13523950421029757e-24,0.04194766790762548,16914778187215753e-24,7954494104977432e-22,15217995845973638e-23,0.5496007512617046
29681515918226182e-28,36594731200266483e-26,32163430536175237e-25,20178158979592927e-23,0.29875614779484794,37010299943009415e-25,0.004752927301232372,3150286066851253e-23,7343873276507333e-26,12989389041840959e-24,0.6964906712703915
3932340495636268e-24,121612278215485e-19,7270713069861299e-21,0.007797765569413359,0.2574042578655916,26131547410174576e-24,32934249126882298e-22,14557898961822928e-23,314782789775741e-19,0.026290273213051583,0.7084533240643162
13181162133959754e-25,318995161516243e-22,0.21240750246439044,7603579308895588e-21,0.6171528505178187,1557950760420342e-23,15314254568566335e-24,1650387225863922e-23,0.014523977971065895,21355741924648677e-24,0.15590796349776143
17338398990377838e-23,0.0007030860590911094,0.2096718882783582,1612068918535813e-22,0.0323109186001131,8171052631523312e-23,16114636380758596e-23,24580511675185235e-24,0.03488569904497663,7577554707401333e-24,0.7224277984116135
16786758090316184e-25,6640651453683808e-24,9352718732965853e-24,11028353671246102e-21,797834292877159e-23,11104237662765804e-23,19702408384274547e-24,0.013125578567789271,0.0034827076625915466,1056705213882581e-23,0.983380518453722
1597128250613802e-23,17043794397804574e-24,0.059836453207190235,4975836093185299e-21,2442071525691727e-23,0.01669978013338968,11617969598673534e-23,0.000232550731441904,0.012659786961800243,21824680326851594e-24,0.9105662576899158
21154652666523703e-24,16619956524663588e-24,0.10119277437925303,0.006607776059912057,72571281718446e-21,0.036575621395861665,14837982845207887e-24,4871350664487073e-21,0.02129740886038295,14162406614333206e-24,0.8343214086076504
1933100634187012e-23,14188945030887523e-22,0.0575671056744802,0.016797312837162494,10108296451173179e-23,0.03933206511909062,22724932430519434e-23,0.004819437598991123,0.01619519732114706,14732612478520966e-24,0.8652871001587255
12394066635003884e-25,19910311440838656e-25,21404862362926593e-25,469606771876933e-22,29114414735567486e-25,0.00019216130281676585,24019476929880847e-25,0.03688582949307204,0.004343085448518021,2216379998021596e-24,0.9585788638942186
1907521959081618e-24,47104641465277625e-25,559549078393947e-23,5088217749456057e-23,7137694251224134e-23,2275552997122501e-21,250473851554564e-22,0.04171784297838407,0.0036001895670807124,10554876089414613e-23,0.9546794268327953
6815277925759009e-25,7661429321413312e-20,0.00022389798219360534,8665709927696314e-21,0.1959956315452817,13516219989291602e-24,0.011451804307359448,4992681170089594e-23,0.0041540633294900094,8611623529562024e-21,0.788080647084447
3492144742520626e-23,4624851828019723e-23,3172488042941033e-23,23205195433467036e-22,7771941451804326e-22,22926201635579697e-23,7604375611781858e-22,0.015437393740241348,0.0010011815503644494,6258941630168792e-23,0.9835571618118653
11180426619512203e-23,2341362418135588e-24,2495312692607079e-24,13702848241967698e-24,7406908279323082e-24,15030465550229447e-23,54152679887713e-22,0.016329439092286627,0.001662539707298367,2922163894585311e-24,0.9820077248076449
5514223716887877e-24,12369668253630718e-23,6653413983873412e-23,0.004821510192908308,0.023399126913343844,0.025749844582300337,0.010700046298542607,7019541910526471e-21,0.006578508809279807,2333845872094459e-23,0.92874372457821
7514849328661872e-27,7028531510884953e-25,5912113731292437e-23,9804693957004575e-22,0.189614259378415,5463856197028798e-23,0.027110701937785614,695926673386674e-23,0.005660905330527609,28069028367062873e-25,0.7776130286476405
7256651332488412e-23,11729944573517645e-23,16789158302959552e-23,0.00012155961453063843,11638872863886998e-23,17046006690021772e-22,14830839947586167e-22,0.00610529347744134,0.001758491653586243,12472012250619513e-23,0.992010868703385
2042043609077214e-23,14531614706625527e-23,32027082864057945e-24,1767381786554423e-22,4516616228260818e-24,36382535182491604e-24,7225515108311487e-23,20057734590751266e-21,0.0012240473170403588,13785033807419759e-24,0.9987553935071878
15608467026049694e-25,0.02352979459175754,1553957771131031e-23,32051595789430983e-22,0.05897605295120162,2026274820441024e-23,1874473919562269e-20,6443210062475328e-22,0.0033468414482727346,12242463701730085e-23,0.9141245570011778
3557016592978638e-24,18662737001420327e-24,6491374151782172e-23,0.00038647257749620484,0.3090969379627837,25607872321321723e-24,2150963806181916e-22,29362885403828577e-23,0.0004671266625247741,0.009632082562858198,0.6804167587677504
21343829026626198e-23,8728465992722445e-24,0.08400589277706533,15912827083448854e-23,7310054136896474e-25,0.007177395123141135,23220404635712575e-24,21493918924871938e-23,0.014669821754534374,2646913119640908e-25,0.8941462698949517
10049868616474137e-23,11104926738209147e-24,8674587635452201e-24,5519146991779449e-23,1000314105977975e-23,1734053389257944e-23,16720738752464614e-24,0.006425542993670978,0.00023354247333654826,9352857737543167e-24,0.9933406856460508
5678204023701524e-26,5579669855096584e-22,852263686667534e-21,0.011927260340879533,0.5629725439846561,9006269492581864e-25,0.01009513568811692,34201540820491067e-25,0.0024039445803457696,0.0003929905200695812,0.4122067102776241
34835303593541206e-25,10997457083833782e-24,0.011701902480838026,40895893136843394e-23,0.611104709301086,20194164344370444e-25,6875698660003868e-24,13885435870121356e-24,13932329629130755e-25,2938658313978862e-23,0.37719291121784326
4239774816346327e-23,7246201074388427e-22,23726260045427997e-23,0.0008390606780090705,38434038096916414e-22,0.020558764642490106,0.02746002254958864,0.00010171217015979717,0.009398452830286046,5505232791084595e-23,0.9416370843928693
13580408342164191e-24,6814754983089765e-22,6968996369361154e-22,0.00010413170784785968,0.6569262382656772,1843785049521449e-22,18764713279311455e-22,12322305885503743e-22,24192968548088873e-22,0.02546126542171406,0.3175012734120225
11529221483079319e-24,17157719713457617e-23,0.09628771170509186,2322216215424173e-20,0.23805476172232762,4944524475235162e-22,8096016243223306e-22,9433140549601465e-22,0.013235521555862667,17189290712248906e-23,0.6523961804869584
1153846275774497e-23,33114570253652345e-23,12090703660442035e-23,26434984787514432e-21,16872533816835837e-23,0.03439664068558586,57548707219253265e-24,0.011181977171562357,0.002607390063511274,7783160949984189e-23,0.9517867893977018
0.0007046981772066681,1265715312742383e-24,9252230748717618e-25,35864066886340607e-26,3589298699692402e-25,14210783571741417e-26,0.012237767062876735,5644457112446387e-24,0.004932955187443889,0.025428368332060334,0.9566962025453388
4383823976278179e-25,5317348035698936e-23,4066249141639746e-23,3558509207688604e-22,0.17336674352356057,0.00012485607349548572,4902951485850837e-22,13387174039487194e-22,0.0005699295849031826,22296098344276598e-23,0.8259359687193083
4250806096636315e-20,35264502286102145e-25,0.0894714064364604,1266504654278179e-22,16271315707893576e-24,0.011178039304960098,1178367975935985e-22,17815594420655375e-23,0.014919973499730625,8905805772693492e-24,0.884387621351111
14856740332305306e-25,41994576217908964e-24,0.09886871197019953,2166181696659389e-23,0.1590431398949988,10355623379453395e-24,36599080110533824e-24,7302244409513501e-23,0.014235205179548061,13713538888422274e-23,0.7278526207010304
3305921765535005e-24,8663691657042466e-22,0.07392388392693491,0.00020886634711616593,0.18594784779634507,2204040201564489e-23,9157481441345077e-22,24804752027604084e-23,0.010542381667492037,2086823977562091e-21,0.7293728779269769
20769589531636667e-25,3308345114131469e-23,0.00394383275028643,3028999873053276e-23,0.3122454803734233,7894301925679676e-24,20554644609662095e-24,2946240938063014e-23,4141455703753278e-20,0.01623286857830556,0.6675362803791846
356510991431094e-20,4515473538733731e-22,3453984134994142e-22,2902588634991573e-22,0.012508363963667632,32162099126124194e-24,0.023275035393831345,6098128599813315e-23,0.00767036616940611,0.0013222549214999806,0.955219234093665
11460215708588149e-23,8744896757851654e-22,13222355429516443e-22,3457796161368312e-20,0.13903644380345473,21050029373187134e-23,5038065799330805e-20,5359632665627753e-21,0.00048500925938381846,33485227941292857e-22,0.8603823583343893
11691593218736877e-25,10892339239711464e-24,15606745894323608e-24,4362470879538374e-22,0.13960989253464015,5116035424696601e-24,0.017248529901025787,16104643346190836e-24,0.0006453667045948266,52294098393725574e-24,0.842495673429628
3116563427162131e-23,6964740290972332e-22,0.1030924252716433,0.00027398818357723346,0.1979199148672784,13485901967403582e-22,6996888343937282e-22,24350473374160097e-22,0.006240620144642598,33306487699929794e-22,0.6924645099180565
4482131814263081e-25,0.029168993015660342,4778166986832226e-24,7918300800877615e-22,4300714476289963e-24,10614447167838135e-22,10886449458904924e-24,10066012710521297e-22,0.004943654664538004,42723729036583805e-23,0.9658840447929062
4852128299062211e-23,22687431191517936e-22,0.02639787203537166,0.00019000233081770503,0.25029873661365,7480081111474426e-23,4717014833366227e-21,3718113110965059e-22,0.0005003442619344299,0.035924176614819864,0.6866813872520102
3473340969237074e-25,17449106594284484e-25,0.259685700747198,2819343987331581e-22,0.20228853415481265,10642528830922016e-24,8836156826008846e-24,15741887273375354e-24,0.018607677674436867,7242983268865064e-24,0.5194177609334704
16615540139461555e-21,0.00011496220404116138,3902734906829393e-21,9785254764125166e-22,1332593113523793e-21,14875279345090376e-21,0.009006273700314633,1670543215558421e-21,0.004050561147479717,0.014424708408444202,0.9723641193235234
3565232612145113e-24,25847213421965753e-24,0.42179373660622926,17629123222977534e-24,0.04618545964050989,7765003971607937e-24,16891968331283353e-24,9241507225604852e-24,0.037385326224779955,15299702542308254e-24,0.4946353812885283
194690525012968e-23,349308589082982e-22,7495508928865824e-24,29573466001645905e-23,0.10869390479043535,2759029808977249e-23,903789421372067e-23,6624728880407049e-23,0.0020181617531281693,0.03825513643224308,0.8510323540406555
26050240992323207e-24,11387867744702283e-23,0.09398626760741471,6407070188150154e-22,0.07052868789323924,7784010172757648e-21,7061911089281268e-21,3424210456175734e-21,0.006797379468907091,0.006057149802177816,0.8226114644606054
10079797252489907e-24,1031346329863243e-22,0.5986369297548688,35410871205437356e-23,0.26489075893094344,7567379173731685e-23,8855491313716758e-23,9275681767030941e-23,0.04489058203340624,13308513248397017e-23,0.09158087188489436
11201187196323138e-24,1275711434402965e-22,4307453979926403e-21,4739499298460782e-21,0.4398332000103175,1181553607096936e-23,736442105451682e-21,2236073237598227e-22,4112776086940031e-24,0.11709493789919628,0.44306170038727966
7731381647960773e-25,37439484590746325e-25,0.43298998943866457,18953353531876797e-24,0.5501920747186858,30258427088531797e-25,4788794384388261e-24,444642479368238e-23,0.01675949303930149,926825628174169e-23,58397803429789674e-21
23624685236782737e-26,13543596752413354e-24,0.42972630868936335,8475026838254197e-22,0.27948360544484585,22527470233102737e-24,6585367733451456e-23,12910737897049016e-23,0.024391235556693813,11041619765155725e-23,0.26639766956182437
19304646578473647e-26,24793082892806484e-25,33460732517745175e-25,0.012753763532340973,0.4186110530209634,20055533835195825e-25,0.03519411660477385,4080408661155688e-24,1310163488445955e-24,0.0027948668689030455,0.5306461865584595
31943991118544324e-24,0.017362382581740915,0.10389080969336226,26542371150002744e-23,36233593561751785e-23,0.00019084274834192758,994842364946877e-21,1179549885590492e-21,0.010878347088247088,2822585408333129e-22,0.86767450153386
1925551169548725e-24,28845482556930574e-24,0.28241370926647164,460160914025032e-19,0.6559024785150682,21263509095158993e-24,47227654167534217e-24,7993525810638984e-23,2361375310459719e-21,1809512504326203e-22,0.061635074603655894
19801350446631844e-25,20562537208185622e-24,0.23008261831174442,2863092464651545e-23,0.18047508199758483,1530980538734121e-23,0.00602752389450152,17137952440892364e-24,0.012458879663429994,4154183345579602e-23,0.5709557709695283
3147744700958298e-24,14369178763589427e-24,0.3778652905947481,29224944316465413e-23,0.5521903115897857,12000852708823662e-24,1368606128319283e-23,25132123579404456e-24,0.007893509575076216,25853842801584e-18,0.06202467381236133
157727468758138e-22,44832295950488624e-24,0.12555633999273935,6658399499941723e-23,0.29580392113832693,4499640592872671e-23,37032599998892415e-24,6798087203431594e-23,0.0002629528408354968,0.06238153610223628,0.5159949727269476
272929204163266e-23,2145510341506841e-23,0.25481454911334017,41061804239475065e-24,0.2083987000615359,30162739406579715e-24,37028609326349875e-24,3348039768325157e-23,0.009960678054291336,0.0024248703767336378,0.5244010364759111
1279962035338554e-23,17942210688924977e-23,0.1595525720408643,8491730818124676e-23,19000161628891614e-21,1572489311585219e-22,24660390341843996e-23,23646245768113377e-23,0.013836373015066865,0.005233451828607828,0.821357685499527
0.00016481629093462874,6153152048104767e-20,40161953962798333e-21,8931320685452368e-21,1941297208290748e-21,7222839414428144e-22,0.04999455921223661,139666800080674e-20,0.008672326436502866,3710485883474436e-21,0.9410499025301629
33191787947045086e-25,25913685227708355e-24,0.1799921064550543,48955907009420005e-22,0.2810319522900421,1208394065141495e-22,2407957742527144e-22,2823663371574052e-22,0.0002734622070529055,0.006028748761829702,0.5326681614617417
4442538569146567e-22,17507534274832602e-24,17053077490806838e-24,10242535973241715e-21,2566129398575239e-23,7875339535846648e-23,0.010891946751200763,509391581940218e-21,0.002341897955457587,3685208975900184e-23,0.9867547832845388
22090010865137156e-26,18134023251509016e-25,8189655053236486e-24,0.01664831305855782,0.25144857037708385,8891678953030248e-25,4226923556062347e-24,23828442609975248e-25,17760989898800116e-25,0.03642842696167446,0.6954746701036941
2207872353636004e-23,15846974277470323e-24,1897044671655302e-23,0.003478544772114338,14482665726289701e-24,0.01606839495247015,33393218838953097e-24,31591672376750715e-23,0.00012566741873706378,2272098013064217e-23,0.980326949446948
0.00047195747917541073,10044846473202581e-21,21716795169238983e-23,2023038362221942e-22,9731156330403985e-23,5872265402044947e-23,16003580767232238e-23,9444206505267414e-23,0.0005232426799832335,0.02138125938599809,0.9776126656244922
42644409986127056e-23,9284638686125644e-23,17854208875148367e-23,0.00943149783582144,1856149622582987e-22,16165912044319688e-23,25975340060747e-20,32703695619804585e-23,0.0009640848076866923,20644821351679433e-21,0.9895821406381252
6607427278301964e-23,11593961980115093e-24,14525232607031747e-24,10575336634559935e-21,23151472720332897e-24,0.0019009299228188972,21266541682971748e-24,2943351862482309e-22,0.00012203266990539971,26836606128384272e-24,0.997966004287367
0.0020903641702602104,3991186472976301e-24,0.012429104593409094,37123629735088e-21,6561145823434766e-23,6040090601367004e-24,6163684488265995e-24,3284984023558081e-23,5309189009062294e-22,0.075712210920725,0.9097676376168154
13333732360739465e-23,24590270888137984e-24,1979826307757504e-23,5783245365121425e-22,13247416455260502e-24,5495838679216208e-23,4164393150979501e-21,28062516523058696e-23,3459997006883277e-22,12833380314456652e-23,0.9999942563919827
13551630808011247e-24,8184286038667207e-24,929739134321015e-23,4343094643154095e-22,2639379426259457e-24,9937085498401403e-20,2419540527635419e-22,6017057476514017e-23,4490505573886896e-23,6368453241025376e-23,0.9998997504486485
10779221040068762e-24,3025202548996881e-25,15627630033636599e-25,0.011087547258001342,3055968784600439e-24,12508646092247678e-23,5767832008997371e-25,1580665631213961e-23,0.002076112525711118,23449026450853644e-25,0.9868361807010114
11174863125726343e-24,0.032926267018152384,14810429530033315e-22,14878287439570805e-23,11050612864489217e-23,8452017887053702e-22,1247788304585647e-22,5388542015489657e-22,9306727875099883e-22,0.0029974817933638214,0.9640720601740561
8414645921318235e-24,3197356622022362e-21,0.15934663182110506,6202803659661618e-23,3811113387646868e-22,1386497597152342e-22,9510243601986302e-22,21783964820212376e-23,0.011018763780017949,2898637159945525e-20,0.8296006616028445
7599394771514812e-24,12999254703027274e-23,9548678307065427e-22,0.012632752841499706,0.2326235062988274,3889178254990809e-23,16428550485498032e-21,1595031208603011e-22,12889852205742045e-23,0.007322742037635233,0.7474031505183539
11119574940253254e-24,0.06091968748177693,0.003498448426133575,0.057255850131257995,0.002987249742526698,7886887721954111e-23,81256298354413e-21,7179819110561328e-23,0.018174310293274376,0.00014525877083947894,0.8570189521112326
8685649823202766e-22,55697406585333115e-22,17324122329318752e-22,1330483718716245e-22,8289480015457329e-22,8749957505142415e-22,921876171311117e-20,32908918383647997e-22,0.00020721265579977497,2359827911658523e-21,0.9997679101527394
10838913829903808e-25,0.02320703508126891,0.20369093676071087,24505294161110194e-24,0.2181343006844448,10020843587528966e-24,5694220455389563e-23,21700552912687774e-24,0.010399080178046112,6804333235404614e-22,0.5445678526094225
3404156338032966e-24,40445114560089954e-24,0.054264984480501856,0.0021733775062817615,0.21797532235044023,17982899544249553e-24,2900858190174468e-23,4732055955281062e-23,0.0008642068215386849,5946571927067128e-23,0.7247219112141824
4582318484235802e-24,8274220173540406e-21,18946978853477594e-21,0.019223376879151623,0.2592201677518885,28943406566894336e-24,20511576945590117e-24,4799328599570692e-23,0.0015716030919552424,0.051711972582470074,0.668245556464927
28507179416864e-22,4752722639992115e-24,4084239181380663e-24,985453525752516e-23,3909666577784883e-24,60146054694381145e-25,26509726394448846e-25,4530441883463318e-23,0.001221895069378088,13415973067380598e-24,0.9987780120927702
22385317572208432e-25,52678183013340497e-24,54647128272836433e-24,20565082797436574e-23,17365643184058e-20,7369316547939197e-23,3851557115517377e-23,1559888601108043e-22,0.0019572803929663214,5734965105279977e-23,0.9980419051886831
5301080722322038e-24,6590920047149199e-24,4644471060710861e-24,3237708702544434e-23,6279886574611042e-24,901786599656745e-23,1449195264830976e-23,2226380104641239e-23,20253041322807017e-22,5581985129766482e-24,0.9999978681468173
0.0003245856549111384,0.018015640696426152,1253238468845385e-22,33238697560470303e-23,29630820853422045e-23,3842389823918093e-23,26918956519099963e-24,4894038544490441e-23,0.0026303633682882993,0.02651926368414575,0.9525092782939576
4637272863330669e-23,18801317982259583e-24,28688368192085457e-24,0.017056703103912593,8741431816065701e-24,2002298189079742e-20,53765725015692015e-25,17668101098186776e-23,0.005981974154263604,9546814531676082e-24,0.9769410055516886
6046286424689188e-23,32297452163442696e-25,8445967746728081e-24,11155149238448702e-24,14641391737193573e-24,0.00015235008900685163,14621058532724413e-24,1786507307211851e-23,5325451148961908e-21,7925277964653754e-24,0.9998421861133167
6507789420139122e-26,1153629174833585e-24,9172650760272139e-22,0.0046927751124531325,0.6140363902304861,282648367255897e-24,21896679846381924e-25,16869329416469761e-25,5830617486704187e-24,0.11832231114998687,0.2629475950358273
4867750359539811e-24,0.034372888832780446,0.04640346756202871,12353775294660385e-23,0.4922752217758424,14329938202115928e-24,36773079562199064e-24,6185456227841101e-23,4947507700065032e-21,0.12901443040491092,0.2979288025536376
36220890450962553e-26,617246891631384e-22,5978230816339989e-23,0.01803166896809273,0.47431434680654333,3438822155415774e-25,5495569332684588e-24,3112219572988887e-23,27522617797657214e-24,0.08958253988828664,0.41807125798694234
4747575794981787e-23,4084372996449801e-23,404000181613075e-22,6328465342171231e-22,4442232824136135e-23,1024919189567508e-22,9818682217764612e-23,6299637829438471e-22,0.0023723484058933188,2938094489103453e-22,0.997625721153765
10586668974873275e-25,5820353144276349e-21,0.06720933272597024,0.053621230330109015,0.11622578499760226,2395251955843511e-22,4187328616439757e-21,17835712961363268e-23,0.018425576277972436,3935846838697062e-21,0.7445037131987565
5558664580635561e-23,8871056950277746e-22,0.03242501421418748,0.06818452782081,0.09349418002430555,12393229201503529e-22,0.00018090932624057995,1454194614229615e-21,0.02001068692497624,776132486810215e-19,0.7856234322309437
22896150235406097e-26,24554872497744865e-23,6014702884769418e-20,0.10855749515607639,0.26724147176005225,40557498658607446e-23,6260123193176483e-22,45587046702559635e-23,0.018161635430084554,1471671677763769e-21,0.6059760457178193
12461439998856937e-23,11403184563063196e-23,27371451350358104e-23,11858037360077934e-23,15279693430213055e-23,5313154788849469e-22,10615471971092222e-23,20880242465485337e-23,875551275111451e-20,9262133618173883e-23,0.9999895218552263
42014650105987165e-26,21012465603849144e-22,3956548095550554e-21,0.1481801686931568,0.6715154570855303,68304301680480946e-25,4899110036985459e-23,21473635687133347e-24,0.004066672942532483,29538027061674964e-23,0.17623127038854858
2022670544857665e-21,19084003514844125e-23,22384004910449273e-23,3819035803532521e-22,7104422438674016e-23,0.00013728953939719734,11992164865075967e-21,22862795253768774e-21,8020533638098412e-22,19058968904187784e-23,0.9998239725589977
2211115051280598e-24,665666838951858e-22,0.06581003958858586,0.008824414056581966,0.003867247306044535,5559650562073144e-23,5039988957475833e-23,20493759730850152e-23,0.011000633373946325,3846313230560972e-23,0.9104972474999161
0.0001078789680766705,23270199042958967e-22,0.019863994390477497,7698282477116825e-22,0.06980626239224066,21638427959131496e-23,0.018394120476552055,7432120143097469e-22,1103512070056435e-21,0.023101689519424724,0.8687208942967126
10648915973753299e-24,9134262732095732e-23,8676983183125405e-21,3740670385301675e-21,0.11476257829153722,5324042912932205e-22,0.00427441509487126,11990258765130971e-22,4339975111457468e-22,455880646188225e-19,0.8809027334761802
13004789316972201e-24,836995086464466e-22,50488047901852415e-22,13662131188450204e-23,0.07641685531593745,18048980004525656e-23,0.04432530901890929,1406037657648e-19,0.0014170679127999302,7377421407351699e-21,0.8778277871070068
12184793711043994e-24,5047114238991247e-23,880946354963187e-20,0.01542142768949743,0.41718011900337215,93838970988894e-22,5669836121516935e-23,18316041597847243e-23,20466296478200351e-23,0.08333324571296882,0.4840558815690404
2735742329728376e-24,0.01582406553401938,0.18193625487515538,32228570981607814e-24,0.1514594351455774,6185819037866772e-24,0.03703405341068661,4010639521379054e-23,0.012884555971703161,13944922390563019e-21,0.6008476088839506
6565554474481034e-25,14509830031493501e-22,15614333779031568e-24,0.0023571434331131173,0.33107666114479484,54208216256840924e-25,3188756027144298e-23,15988263042068128e-24,7418726446714887e-24,0.0010728539621561895,0.6654918134906829
8749726692751171e-24,42914930354479345e-22,0.1438130105937321,1626690875102835e-22,0.5004780287083556,4926038768853083e-24,24466042345521084e-21,19648024370647773e-24,3951543212031593e-21,0.07037995335459334,0.2852961022718513
4937575086102839e-23,0.00012521127831648885,0.05929537649725876,5856450081359138e-22,0.17879089225155684,10143220237780139e-23,1365938364897182e-22,2475662603656175e-22,28995775030223405e-21,0.03932514072770091,0.7224332628571037
8535690823423351e-24,0.06630213814638479,0.4309513648650883,14484042696072274e-23,0.25833655494041635,48196898103053356e-24,10357561816278768e-23,9115188084545462e-23,0.03378928937030054,9426701283455199e-23,0.21062016211028642
8046404309474712e-26,36172500619125023e-26,0.0691247263577399,31361817967116925e-24,0.5236476463010796,4870697575040646e-26,19544082869400638e-26,7387691051888395e-25,35702119779804252e-25,0.14355766784005108,0.2636699231440852
12992536633125735e-24,7260130277090583e-21,0.16181497995539398,15157601004780735e-23,5741585793827371e-21,37704552055736706e-23,4070798573821768e-21,7696013708410833e-21,0.02065332871737453,20437071611355512e-23,0.8175061768141284
5859394830846147e-24,15876034896877307e-22,0.12524248899051893,2132502712034849e-20,0.478242253670256,5632389507998147e-23,1007907530266113e-20,5208845453116189e-22,27674468014590725e-21,0.025498158490347138,0.3709558496071087
5923179692935718e-25,0.1202916780947643,0.20309641448421337,8185006517971998e-21,0.11270846645241847,18846305691302793e-25,219261577754761e-22,2396081361341845e-23,0.024035928804187458,14816762542703638e-22,0.5398577971177719
10612893965029591e-26,0.06706084591270077,0.12247212751621205,20033459219096414e-23,0.18563443890292008,38209724501918995e-26,0.00021042175787051615,18370361462830897e-25,0.009728196451839616,46462501146699886e-24,0.6148937203359842
4458583590800633e-24,28056480541562004e-23,0.048948116603707674,0.008130202987591206,0.38425414535640634,20107455196980813e-24,3456541029381115e-22,15809457882315153e-23,18083742353157363e-21,0.07677735413290133,0.48187128829762976
9478582260127717e-24,19286512747494208e-22,0.31913894640055573,4451520838492495e-23,0.0015587094648131482,4050378345116192e-23,4151676728151393e-23,709230375753221e-22,0.04076421396085212,323005480502538e-22,0.6385359622844873
0.00023412894675143393,0.0006587264627252096,0.006016200747387722,11548971553853603e-22,26154531966508354e-22,3735284472277722e-21,0.03787536441259481,8146744696722863e-20,0.010361437218806786,6447699218817075e-22,0.9447645243600207
43531445424668395e-23,5442101022840549e-22,32077663947177875e-22,0.00041416760911839766,11873302024544634e-22,7500897192563515e-22,9830647048611216e-21,0.019510300102334215,0.003910256300455429,811534659076342e-21,0.9761485090955113
33876815971775227e-23,2461603605586368e-20,0.4093645168579811,3143234799647153e-22,3518270173221436e-20,1735888100316318e-22,7018825455541939e-22,4851811915769667e-22,0.05089862092953112,28305821670440354e-23,0.5396747666722989
14852098220345183e-24,0.05604804007068224,0.02039126403998854,9600495741231176e-23,6513776654861825e-22,7392055142362823e-23,44507261127419944e-24,0.0005207410981243005,0.008681970037576325,21915714437295996e-24,0.914357082175381
9482072684612105e-24,0.032734454911683496,0.24220649133725497,6168505921572139e-23,0.184947838750476,9390108464275081e-23,30205369399248765e-23,10497235497829101e-23,0.03406709376252157,55086819147630485e-24,0.506043494056996
2798963452062687e-21,0.0001944214424194463,0.07930683625643035,527745933799836e-21,0.00025076449266667146,28001557394423455e-23,2536186935442817e-21,17166110451347712e-21,0.008451006788855856,478987195468495e-21,0.9117731830100855
914274903883922e-23,3843000246421709e-21,0.3313878787346109,2766485693558499e-22,0.2845088675556462,6486550953513566e-23,7201645182656894e-22,2798517394391798e-22,0.032251353323880516,35689895505717096e-23,0.3518463498135865
22212203459516945e-23,44931955913752214e-24,0.02283038255144171,4561819276255916e-23,6035660518757154e-23,6713980806144189e-22,4932917525838807e-22,3930678287954203e-21,6271620892491013e-20,2650968704330262e-23,0.9771014063330367
4108378473074645e-24,204362129489486e-22,7599657094979487e-20,5658133480667863e-22,0.3259199735569143,12404359070671256e-24,0.018614330012793192,4676126512875082e-23,2198018009860834e-20,6014477584237423e-22,0.6553664687079314
3353778128005196e-22,3748144162802938e-23,18094131665054395e-23,20417143840230855e-21,7334958239086322e-23,4234590232908486e-23,9354215918686622e-21,19870645663849057e-22,25575339577604763e-22,4767126951406761e-22,0.9999645378329662
0.0001248742491573399,1057295377517383e-22,0.07124241225835294,5467351210034139e-21,3244376391781849e-21,15193942856238314e-23,19038801311284394e-23,17224989907899374e-23,0.0006893711308855402,15413831605883026e-23,0.9279338561888084
3531002107261755e-24,0.14573011918148226,51350684572714855e-24,0.014899205036427887,130737261931537e-21,13946562597607485e-24,4874663268111086e-23,36405554846671064e-24,0.012890602808234381,489350312721629e-22,0.8264797393216812
31427504994992183e-22,4613928890567947e-23,1461275176355347e-22,330881634345959e-20,9660259015071715e-23,6872531019907666e-20,6787602389870409e-22,2486692550970513e-21,8259308435319321e-21,24072231778052523e-23,0.9999128687700182
68089405330272335e-22,19670516422922347e-23,5016808716870727e-21,0.00378364000654204,2353434843235695e-21,0.007465297076283104,1567596158520354e-20,21038838457503213e-22,226882843271098e-19,1279277021844431e-21,0.9886949396211377
1504909626383882e-25,3730589682356997e-24,27788650052322164e-24,16382641896345925e-24,0.08230843850290023,9893068424547686e-24,23922723042299392e-24,20090248548715794e-24,252753536620391e-23,2186772432910192e-23,0.9176914351434274
2425086000857753e-22,29234495371865097e-24,13364461710321376e-23,278950539353448e-20,6070391228139484e-23,21852823332345057e-21,15956499634336746e-23,5998357492731407e-22,19296034675761807e-24,14195679975326065e-23,0.9999739709260694
6952321587620659e-22,8040182886105766e-24,0.027301951852811868,0.01694338568689953,17777375066443645e-24,1093084947214862e-23,7492688518506222e-24,21418426389024495e-24,15402497144284113e-22,92748784716129e-22,0.9557523520440143
