1415543385796562e-24,9555985828326333e-23,22643812981123102e-22,0.014258332235635928,0.20178300542018154,24637336044187233e-24,0.01497013553457505,19884482913760346e-23,10856079908032022e-24,5170347181453257e-23,0.7689858794111918
22592173392678506e-25,4549188627538103e-23,0.05707462248083844,18867550301834369e-22,0.15753363655748878,34017033286238234e-24,6503824681698217e-22,20806575189610382e-23,11805200586350143e-23,637304068442984e-22,0.7853887322078629
6535689134379664e-21,24022075475911638e-24,5009982198937021e-23,6335730649662696e-23,54755721043649075e-24,5201637644928914e-23,27576302556014124e-24,0.00856242793785994,9917219713561364e-21,3513965558297289e-23,0.9914208121860325
5649723368846375e-23,7328246390617307e-24,7801357957306767e-24,0.0007118405000044436,6613543318391736e-24,0.0029927914882685596,785860868475451e-23,1158129517265426e-20,0.0006719901126529671,4186135828567968e-24,0.9956117063187757
2831053325636507e-24,0.015427151919939219,45775427420042406e-24,12610643273409762e-21,36104223436577184e-24,28814410533392232e-24,14428603208448236e-24,2621484505502029e-21,0.002000163435038099,1747886432074857e-23,0.9825573070873511
2252942179970859e-24,0.017470513581933775,8524526526863615e-22,0.013340264343764287,14708074089662953e-23,0.008121939924551855,5685361831445337e-22,2825285845907519e-21,0.005662381601754053,44527599118516865e-24,0.9554004604120321
16616325062572154e-23,15338248044223565e-24,22002239748267987e-24,0.0050171831974354765,18626586348970698e-24,0.024924006644897606,6526738001463771e-24,3427201995076237e-23,0.0012800176179271587,6982864548059301e-24,0.9687785226277926
13589169354947724e-23,693348944708717e-22,819583647348488e-22,8938414653639253e-20,9526689391794383e-23,0.006803249767568336,11469755048596715e-23,18610641281369234e-21,59173558367694215e-21,12164479208092758e-23,0.9930289630920571
7716109753308082e-25,10590859505949968e-24,13442525511580842e-24,0.016578984407393853,0.17444742618087625,19092148383983597e-24,0.0017007032472282253,2521734726926936e-23,7966306133050716e-24,52351721137444554e-24,0.8072727567310346
0.00013221885616979904,1879900813165816e-23,3912894568329666e-23,53236905156304275e-24,0.028508280758055605,6167514878027726e-23,1797166271920161e-23,5959465361534425e-23,1514361061984279e-21,0.02019007872478479,0.9511676568936017
8813325294305088e-23,729576719393083e-23,12573493628874507e-24,2735545730808735e-22,0.03547427643889608,10880943124404803e-22,1046030847768715e-23,7769554096328986e-22,3549064972108501e-20,0.012146191908170801,0.9523417839360945
6166458747100606e-25,6975150410176085e-24,8364381451650316e-24,0.004563192590408195,0.058176837993823366,0.008939641173868133,10657090902344777e-24,3876494722454564e-24,0.0011547624398865063,0.022957685637510702,0.9042078496747387
9069196172901298e-24,4915536032537127e-22,0.2863670696465482,5990743435130719e-21,0.23670200921777756,17754011996463156e-23,13410586636912003e-23,1489890793249723e-22,0.019092691249147274,14290794238591684e-24,0.4578312635965954
3185091309464169e-23,0.02064820174092547,0.11689413813708427,847387901004334e-21,0.021543659594041194,12101188086313937e-23,1227954411418075e-22,19064649240320717e-23,0.015040968895403602,8627909891112085e-23,0.8258716316608227
10419514871056172e-25,8839190064147216e-23,0.12693583992673924,8016643449344465e-23,0.07959755216877,4916686892160655e-24,2028653124934786e-23,7990264281971351e-24,0.010328707929901757,67321197485531036e-25,0.7831376904487038
16146447468762616e-25,29629241704200515e-24,0.09589862927191041,46211828272471655e-24,0.1487455693253307,4356456093973146e-24,15757512740774521e-25,751828414351086e-23,0.002330609793787561,16974421295086449e-25,0.7530250990053232
2266762883948706e-25,6525529215015979e-24,0.099308250821,6156539026351914e-22,0.254881416619722,54107252390051986e-25,13205131929480875e-24,15469131648282003e-24,10920725276543159e-24,8395536089066681e-24,0.645809656744769
9202045284438982e-24,12226095226843755e-23,0.030720302645017017,27316296246857768e-21,0.013365348818210658,0.02047347968864116,4749216008888062e-23,1746763442661106e-22,0.004269627446887103,6107307514619449e-22,0.9311429608202619
415625164067897e-21,3551452544734671e-22,34272385831163365e-23,13896988628439005e-22,0.015184456724665259,7018091211970711e-20,260872520158843e-21,0.004103268196785895,1182442031421035e-21,0.0011516973415104906,0.9794864503172274
12154398565535343e-24,3558370595993333e-23,13540726861570998e-24,35632671563207675e-24,8933672764346813e-22,2087503164369818e-21,1027192247374516e-21,0.009939927423436521,0.0003090065077896662,32247986341948777e-23,0.9897466386147193
2678694710822117e-26,9912468371484742e-25,0.1779101567776777,10763507741643548e-22,0.22477854084276372,10207374096309221e-25,5963738222967436e-25,8221550713627761e-25,0.010075839572661734,9825958009952536e-25,0.5872343820161937
19254767324682867e-23,0.00012085710088732479,0.10043504565755182,45253295490538866e-23,1516404302304123e-22,0.009623568282209118,6641095089663395e-23,6288152805583194e-23,0.014182157179175968,3503706168743588e-23,0.8756374107295923
1665269407304268e-25,3803640336508551e-24,1878298366515743e-24,0.02637156905287157,2100545568830406e-24,0.039047053682326104,6246722155685728e-24,19111592069940534e-22,0.007616962920056287,1074036178097093e-24,0.9269624879157626
7616547645577734e-24,21177167596181813e-24,29306267955601607e-24,1464180394703649e-22,4198696133782152e-23,7283229525760867e-23,0.007037058151130534,9353733570396922e-22,0.0024532157498872334,5358679299416714e-22,0.9905079355210844
26338183283333563e-24,9176317347858459e-24,7481047388543302e-24,2207320992611025e-22,1704822138160281e-23,1550081754237167e-22,26346118254403825e-24,0.001363991932775871,1918783273586593e-21,54490417114362614e-24,0.9986335726633709
11422360863647568e-26,1039164235734891e-23,17810288136581215e-24,0.007113477279477835,0.07441880605747268,15224341141942157e-21,5665273616177479e-22,3011583690279909e-22,16570142482366875e-25,0.00047282064582102984,0.9179787740171861
25085045843991193e-26,2815524262689338e-23,0.2177357240063287,23772731095232045e-23,0.4037526364014056,10714155770179991e-23,16885843137622733e-23,10020498475208371e-23,3831680748067032e-22,8086252664901883e-23,0.3785105332262901
26710595307674484e-23,20668111259021738e-24,6324812027193627e-23,0.006717820112403605,351821118610369e-23,0.016744873373603072,9441055375435662e-21,5119314980672504e-23,0.004009884542292707,0.006568532881219176,0.9659490423015602
19983816079562876e-22,4278539633160027e-23,421653818929796e-22,13392319127683364e-23,37937736428075306e-23,18032305198473135e-22,9324742163260632e-23,0.010474612564326429,1839640186911766e-20,7240035910936833e-23,0.989502425522562
2346664347158849e-25,18385137604661546e-25,0.03877744324511987,6010186299488238e-23,0.1502632729232237,12376102351110036e-25,0.0308792531487641,1645268544060014e-24,0.0009410403336664933,16890405335576958e-25,0.7791389236022737
10322182025653044e-26,12090062842632622e-24,0.24542925692177314,30214621704178867e-24,0.3116797260923027,5055757002292582e-24,880076466309174e-23,5509801198287945e-24,0.0057581097424624595,11655619180181143e-25,0.4371328443039171
7647454588007514e-25,5736290007315227e-24,11696505864221122e-22,17709258741890085e-24,0.08027689676545151,6144982492745106e-24,0.02989044737944786,873767949136975e-23,5568751142121198e-22,20953482589113867e-24,0.8898308692829857
8808740950642196e-24,44899224330649907e-23,0.15396482296296768,8870811956015188e-21,0.032586702815345696,8508333045920873e-21,16219805879027134e-22,6293159226813304e-23,0.019885000998325516,37864340520997436e-24,0.7935439135008601
42431550654339306e-26,45496385161769977e-23,0.3125889568779642,1898256016369889e-21,0.23434199658981597,3732892973765899e-22,2496872801232009e-22,2886272830085356e-22,0.027292740479804446,6285876759672655e-23,0.4257729789779424
22000760794198979e-26,0.015897194725392496,0.024365501156951977,31457324618837e-21,0.12110216406777648,9264873704739472e-24,28994720864285704e-24,3024300863453598e-23,15043208197596924e-23,7397217204664516e-23,0.8386348154656945
13536563009168624e-26,0.005428819325977013,0.12834991266528742,11613738317305123e-25,0.11096814944443102,3799497541042225e-25,1442806648003663e-24,3374222819196704e-25,0.014455899780905078,0.01846557060629155,0.7223316447203006
3164560669268437e-23,11265105020190238e-22,0.40358102156706804,5381924491670333e-21,0.35951773840572876,2621731806199624e-23,19755606718230902e-24,20856369423873604e-24,0.03949251449683853,12969280166443746e-24,0.19740210565133892
28625078994058833e-25,16629878711709843e-24,0.3091347923916594,45506215042344047e-23,0.13427038897182222,29534207178258495e-24,13725075570357662e-24,13750732437017103e-24,0.03875699216548624,70074406206647015e-25,0.5178372878990714
0.00035698453636091117,6324116160915635e-24,0.2507469912732278,41409146750434e-22,6854449698693254e-21,48239191563129305e-25,4229441457158785e-24,2484914964521808e-24,0.03675557256679465,14759973869635825e-25,0.7121335736946777
0.00024764714038870504,6517443476135195e-23,0.20621168787528482,281621082658508e-22,0.0005810945888285661,3348161182320525e-23,15797121096671322e-24,21577882061234267e-24,0.03132652316705943,10399348446852811e-24,0.7616328726360293
4896251474814698e-24,0.014592166692476545,0.22867274902776208,4320568564343507e-24,0.1017189461823797,17044624490426244e-24,2726866246669797e-23,9530607511836849e-24,0.03623738863065649,9466211211669098e-24,0.6187786769398015
6539622044940613e-24,12307061242442264e-23,0.20661114015444848,376657911738178e-20,0.12783721443158907,4446255665351098e-23,824839273864845e-22,41400799845530496e-24,0.02951285741826838,2997945984956976e-23,0.6360346934794874
10480204608184887e-24,4545915030394735e-22,0.1814537706151953,11544397729435619e-23,0.1717083547495716,6972586485898644e-23,38864849996282726e-24,5015157712571574e-23,0.0235065613225246,1939411195377011e-23,0.6233305546606438
3243834337495498e-23,11273618799820194e-22,0.1585108962183313,17400806224883203e-22,0.29205604299884425,7536333919581497e-22,4455370637199802e-22,1983491214546179e-22,0.015971685596148207,3344803597199343e-23,0.5334570443380768
9768901654360356e-24,1194689858427347e-22,3866517009282764e-23,5420713742153168e-22,0.09171191296143374,0.0015488501235274368,25268432909957434e-22,16906289117827329e-22,0.0005490388392913021,0.013091778006124363,0.8930934926230102
3870350240580915e-25,11815048378388245e-24,0.07830402906367197,1846760152879887e-21,0.46682388993628365,18798904475664564e-24,13838793348808874e-23,23388386941002857e-24,4989220207124876e-21,16698475004789506e-23,0.45486488525747737
2356941385009327e-24,11630446157253714e-23,70702386851898295e-22,0.0001456095951062786,0.32100052658895367,20625543252302235e-24,0.032990184133078505,7711630127239523e-23,7475071512924223e-22,2672767711478296e-21,0.6458529727661128
12012747107182277e-25,7090759419673002e-23,9792398965370385e-24,4025114483258949e-21,0.23476957628719441,10493621693452946e-23,0.003667911010242492,4154287201584395e-22,7303089152078414e-23,17921683341855655e-23,0.7615576330741345
15436897647319815e-24,513970341998977e-20,7299270898603136e-21,0.005814604297003109,0.20217394196928157,31112783706520327e-23,4996521592816252e-21,11161339891532458e-23,15585894542081164e-21,0.020738788343001763,0.7712392058221177
18535919535609474e-27,4297346088132097e-24,0.16696788143271693,19594360305277522e-24,0.4848217223179853,2426743075625742e-23,19495216413986922e-24,23102581624241875e-24,0.011453591887219462,31858278889799345e-24,0.33675669024715066
4438216585534271e-23,0.00012096309058736994,0.16418167232039552,29468731070009966e-23,0.026352507682448522,5300476677828213e-23,6577957548588138e-23,3831039795758074e-23,0.027105154638679758,15686302201082352e-24,0.7822391904173737
3072840094907396e-23,3813460209414692e-23,5067232334341868e-23,3552625755234525e-20,40297620499615666e-24,7187113722234182e-23,53076812059631886e-24,0.010280101510985927,0.002719728056415123,3879268930290322e-23,0.9869643206014638
11798353567575438e-25,12878893017183812e-24,0.04727766611049562,24981637611389695e-22,14768513217454929e-24,0.01316972153230052,50650410864524494e-24,42124648135436805e-21,0.009986113301833993,11711253642084573e-24,0.9295217850545715
9562710471550069e-24,14734004159864491e-24,0.08029745556489334,0.004405822154104301,5242648456404446e-22,0.028812266503317644,4169556113976536e-23,3616922064434585e-21,0.01675638087040509,23645613694238207e-24,0.8697238440824788
3965296036474388e-25,7704619852504644e-23,0.044887648529026644,0.013063543227207083,30656229958449243e-25,0.03093930436022258,446775799066258e-23,0.0037945574969366668,0.012629533877916035,42784284287767975e-26,0.8946853271047386
8389310864927494e-24,12030080179176779e-24,13002812625765257e-24,10039152537754309e-21,17139078800397266e-24,0.0007053537013239585,12722299476897215e-24,0.02872964459791069,0.003432392594128816,12604688050954505e-24,0.9671224940658303
29696475229447388e-24,17454818122660795e-24,22174142914778308e-24,14745348628068671e-23,13007803473037404e-23,15512582279535322e-22,52104560586373296e-24,0.03278109423204337,0.003271344997769541,10714123876139123e-23,0.9639455034092032
4843430669572541e-24,0.00010472079867390017,0.0006673635102547892,7836916883516125e-20,0.15393304666378,1292002029147757e-22,0.008785137907657472,43872452210017196e-23,0.0033099179094012968,17597892993658449e-22,0.8331191114904154
10966223592869867e-24,29174249158536877e-26,1359020041560041e-25,36895892101631612e-25,74424235274029145e-25,10542057585385248e-25,5620524844441147e-25,0.012126971035365747,0.0008230703552031205,15638242755465114e-26,0.9870499343109097
21446688807820992e-23,7377569508291528e-24,73321166952457016e-25,55130480069991536e-24,1416326755876398e-23,31086509817077464e-23,17954713445261737e-24,0.012562628212127152,0.0011836626900251447,8424605694394004e-24,0.9862530733831085
32857107596118156e-25,2146443696962051e-23,10680869819333398e-24,0.00399564137738303,0.018294552547599638,0.020746128026680608,0.008347919312108737,508073424693151e-20,0.005202066948581758,33700686589748428e-25,0.9434085722523129
3315676869707898e-22,6615826575977806e-22,26649149517120915e-23,14362550962183885e-21,0.14923365307165867,47170022537346227e-23,0.02131861383157708,5309492699227028e-23,0.004460767652762765,2696105042771243e-24,0.8249708159663107
5665544825902393e-24,531607976401476e-23,10601163619911054e-24,33099575250932097e-22,375339490452967e-23,6708680211502257e-23,2268220510261544e-22,0.004868163379718395,0.001346161992135656,5615503563400139e-24,0.9937820398100807
38351465201334883e-23,2676146292842206e-21,1343357456913232e-22,14971479362809785e-22,44368884779386614e-24,15454686822853344e-23,1391226419329011e-21,3010398558385462e-20,0.0011316537549488459,3131019217899803e-22,0.9988316478707462
4848439438775877e-25,0.018497541767095237,4199800888697982e-24,11163373438734784e-22,0.0464548272155492,42111002633393165e-25,14715048887420585e-21,27322678744899444e-24,0.0026167664379815408,17446291139107407e-24,0.9324149795284037
18185603120063364e-25,24314776333315668e-24,5338200521113147e-23,0.00010872936898806852,0.24229303114325318,477479494189109e-22,26065266625657764e-24,27303401434709346e-23,0.0004283425229025902,0.007748471643781226,0.7494209989585497
7281338575051401e-22,9509120851432826e-22,0.06623245506685288,1636326810285235e-20,9768474817720208e-23,0.00568715483713849,19859261346260728e-21,25648801592050897e-21,0.011579617941323735,3258557724395221e-23,0.9164370915073778
11942657635647278e-23,12983308925144006e-24,9966756003541618e-24,7089430496663645e-23,11584453110878249e-24,1862102459302182e-23,2318997325371607e-23,0.004754860593238589,0.00019350252055774962,106678252152981e-22,0.9950513595519813
6288373383293572e-27,24383124850100385e-25,11640781298821325e-23,0.009233565439686182,0.4424182772076581,34684794612620407e-26,0.007755235658904982,10104336029960479e-25,0.0018248503692372127,0.00039345407122966616,0.5383744970432668
16758458879092533e-27,6029506898982659e-24,0.009790990018938663,12741134500667526e-23,0.4802227667873316,26508214705723046e-26,13526876425266906e-24,10060707578381197e-25,9218432144967468e-25,26219454668883612e-24,0.5099860678270173
39648585737413634e-23,19449764395517134e-23,12286089716839656e-23,0.0007696354870477991,4211064883838832e-21,0.016034604958819143,0.02136904548614218,0.00029738605701511525,0.0073105003717808155,15490717534200477e-23,0.9542137478227378
342482506097096e-24,9152646960242728e-24,11657498967533395e-23,3943598980691611e-22,0.5156749991497266,28531989637007336e-25,5797694090853083e-23,9017595611776662e-24,4029550360766541e-23,0.020213523208369184,0.4641108470686337
420881746647365e-23,6025785251348806e-22,0.07562547340823336,8759788914779751e-22,0.18683572762748638,45271833158951167e-23,4797189004165795e-22,6019009362614428e-22,0.010419213743792425,12057595161825852e-23,0.7271164475401797
11721050334123315e-24,1257403102796319e-21,4185643571510301e-22,0.00012916053433035483,33417996522171783e-23,0.026765368407920473,21790830876658918e-22,0.008734287464685273,0.0020282333422351017,6436387099394474e-22,0.9623381056605558
0.0005270789557474588,6282188505280726e-21,6775675957008671e-21,3887127982349367e-22,5546851349551766e-22,6760125429162634e-23,0.009752218626496474,8638577388474103e-21,0.003919387938988884,0.019965194205702766,0.9658134128320259
30324151751388e-22,4248433853062656e-23,5164965402987676e-23,14218527783022098e-23,0.13513607643163505,0.00044150024517069044,2543727228818532e-22,3637756358548024e-22,0.0004854248711760981,16207861134701174e-23,0.863935978873496
3730041967972764e-20,11743804915013997e-23,0.07026597339772428,5613838032956549e-21,24397074201838688e-22,0.00855893367522646,40741702237275445e-22,4437004633891942e-21,0.011727107193560325,4187075917508168e-22,0.9093935844478575
2853989564959584e-24,3754749158648174e-21,0.07779596281539014,12284428192750523e-23,0.12483716006242199,7619668606335484e-24,13309282692578522e-24,18181392193843108e-24,0.011225101675051112,25894930342892826e-24,0.7861378299943008
11767953488427088e-24,316858306392236e-21,0.057648920646709456,0.0006913029994460827,0.14565503772583985,2433153146543619e-23,498520089913486e-21,11926824714310577e-23,0.008298486465139207,24573182985412586e-22,0.7877028240984372
1507106033190439e-23,4316617282570585e-22,0.004285741032858091,12656975630657665e-21,0.24535900513206702,681858965160324e-22,10666739590939923e-22,5719178601500057e-22,0.00021882226734544084,0.012361026473985796,0.7377605946075537
5136996261231348e-22,19889496869285588e-23,11233265171644814e-23,8635802555488167e-23,0.010659339675178237,31150674215838045e-24,0.018206060063244458,45100716406109076e-24,0.006047135659989288,0.0009796439766907427,0.9641068330882341
4657406338248966e-24,3623163281393486e-23,7774568126375433e-23,2588026950762322e-22,0.10925366764321098,96360574954287e-22,25023270589674034e-23,18162232416410773e-23,0.00035466474419622665,31375896348634575e-23,0.8903905349251547
10799514672226339e-25,10069122340587e-21,17133493429248836e-24,1577424892829527e-22,0.10970210435767361,4731887914298063e-24,0.013613297487764684,22745977665623087e-24,0.0005274669708797329,5847963259465288e-23,0.876156859201127
5006265989661656e-24,42933333759129504e-24,0.08092152166095053,5525525474820651e-20,0.15548026673608667,4952625343665052e-23,49737017110837384e-24,7044059845492434e-23,0.004874371157033197,8565153763828056e-23,0.758668281896131
24349922382069945e-24,0.02275558986601992,5012526800888386e-22,7285458605492553e-21,18727908228999107e-23,28533076862876164e-21,3532968282315716e-22,13274963806103688e-21,0.0037433818837248186,8514561134925032e-21,0.9734423540113328
6998684669316952e-24,8363246220788788e-23,0.021040428246474435,12615308086305274e-21,0.19635713172939948,13415009868671857e-24,20421527298153925e-23,20243371542591228e-24,0.00041802458104736096,0.02805830713133523,0.7541131644988786
6697681640982778e-25,8491623872710542e-24,0.20436101125182807,14059667089631244e-24,0.15873434302742848,12066788250276607e-24,883530864642028e-23,1519263468778995e-23,0.014695012864512332,8732127060174689e-24,0.6222095648085945
32305270256875272e-22,25882697959518923e-22,4651386500404537e-22,9385941661607779e-23,10277201963443734e-23,20388919673085227e-23,0.006857807638530115,44783997193181715e-23,0.003052206966179788,0.0110256359987564,0.9790572171004571
10212519935274976e-25,1738515391516856e-23,0.331717980619242,9282995702792236e-24,0.036056776607177675,4459254663473253e-24,14835776249920058e-24,4789227917986601e-24,0.029459072453694495,1332319394978239e-23,0.6027661052228896
2361667188046501e-23,26205384989019413e-23,1262073020580989e-22,7751313367000315e-20,0.08546472224460927,3171764218165296e-22,14624659852065858e-23,10300158799426774e-22,0.0015365523936994138,0.030005541727542967,0.8829137651837502
1631712976865375e-25,3832799104715233e-23,0.07483243548728374,1772387238610731e-23,0.05753793542689268,10987777702358114e-23,7060860493938335e-23,9307897792989594e-23,0.0055433771267651005,0.004381948562170886,0.8577039736164945
4719279867144034e-25,23949995804727466e-23,0.4698621895397531,40982793528515204e-23,0.2076509642632761,15194730936394016e-23,9021053923169295e-23,2535080332695454e-22,0.03527324748141072,8022565369273857e-23,0.2872124331797743
3770242642390533e-24,20782188251538293e-24,10909989934196763e-23,4858851794958061e-22,0.34570533968940215,11563860710099753e-24,6198512422269495e-23,2241035991012804e-23,1781431809645939e-23,0.09241275660063397,0.5618811703989142
9165625204389666e-25,5121094094917063e-24,0.34885374878473624,794331328144289e-21,0.4505653403027675,528805038207267e-23,29253995202822847e-25,9313503964131888e-24,0.013523467565952676,3894678870180286e-22,0.1870562359827188
3953600312634238e-26,9736260905248587e-25,0.33826849848750995,4696570963387515e-24,0.21922042482453682,8427173471889141e-25,1965336494811322e-24,19929546142242496e-25,0.0192032866446345,3606020328573059e-24,0.42330777592654945
12266072889204953e-25,994774998357444e-23,1615128436924712e-23,0.010026082187796244,0.3290491900742059,8994370460995617e-24,0.02736908165719639,4416554309775987e-23,43397622194027224e-24,0.0025359872847074407,0.6310195349129426
7275640903161843e-24,0.013571335595337445,0.08184265525225126,5761272320282106e-23,17150008827184175e-23,0.0002836830079712419,11408870465395348e-22,8186433372630224e-22,0.008520814054569555,49874050077267705e-24,0.8957792662969791
10818802662830256e-27,2816010702241506e-25,0.2218110073974822,14746003858252907e-23,0.5157073764824258,20272767113723266e-26,2790374053352561e-25,465165425433985e-24,4565602480409513e-23,6643902258443918e-25,0.262481421099746
11384158673519871e-25,6825234835884655e-24,0.1803378174636149,52261618590821375e-24,0.14152039966763638,32105801871724225e-24,0.004981222663897255,28345015249766863e-24,0.009801977441046808,7128515823275929e-22,0.6633577492361596
16988531747327098e-25,1880143819443129e-23,0.29595524289245956,13940874520066523e-23,0.4356475558544435,11981016153716057e-24,1511763351616746e-23,18512530307534202e-24,0.005981072675894325,5541265395416113e-20,0.2623605104032564
2780514567093194e-23,974101984268568e-22,0.09861501338662712,33649582283044334e-23,0.23221723443553555,15379155795374585e-23,28518680667740786e-23,21882187554635083e-23,0.00023540188055999785,0.04917797877791259,0.619753252007951
15726623928995728e-26,29778469830890165e-25,0.203486392166546,45098858917103205e-25,0.16230899265917642,4871349311548737e-24,6189367267290496e-24,42939791414918e-22,0.008306829090293451,0.0010713008512434007,0.6248264622342733
1602772821184524e-22,17937429863642336e-23,0.12443755008714077,30539008901372424e-22,0.00026780054046274607,20137764983779692e-23,9797596742426525e-22,987460277384819e-21,0.010832977313379481,0.0045173304343554075,0.8599387794745911
0.0001397482687268814,16216203126789364e-21,3669767257932408e-21,3310311148040459e-22,11037156235406227e-22,12945636812401568e-23,0.03875582694341127,3792550626796183e-22,0.006794894913443245,64160954615573e-20,0.95428705883632
4734212677799935e-25,3992385669150596e-24,0.1410699481277776,1927595466320709e-23,0.22109179157811085,4718973077260445e-24,7107871222529348e-24,7866763330742623e-24,0.0001701921944962795,0.0047792745947618925,0.6328887500693943
11657868477821157e-23,8294553950720397e-24,868788684518463e-23,37385228835976164e-23,12962282823303211e-24,3384064333330296e-23,0.008575625637771816,254144690177267e-21,0.0017494091238475546,35547467287228284e-24,0.9896741213298833
5297263584343306e-25,11374389440308652e-24,7953398016862209e-24,0.013077496877442672,0.19748573136419384,941607602615526e-23,1528661176146957e-22,5213657036069478e-23,23556653540541132e-24,0.028577375258474,0.7608591386669579
9453963963218086e-24,10717632639660348e-24,131318335392245e-22,0.0017516123926767124,102020418920043e-22,0.012778783762013687,2357583596316591e-23,3736756871593929e-23,22807549071356267e-21,1589139913068396e-23,0.9854466759559624
0.00037519804532141576,24425068528447576e-22,20620685613872337e-24,1846465029552048e-23,5361486348084782e-24,33826665604295068e-25,14125800827589828e-24,6348430141173151e-24,0.00023376761686084188,0.017077846957605208,0.98231067656964
15613590452576022e-24,5210301246867652e-25,1029436720332987e-24,0.0071605890095715165,10647934549606396e-25,927434939092384e-24,14377890766458325e-25,205622296514747e-23,0.0005242326126737386,3152857034356643e-23,0.992315124198887
1913572554365563e-24,7505908795671779e-25,882229511674486e-24,18864981343915307e-23,1433050020228953e-24,0.0014826645362372723,15459558921257073e-25,9897050973188547e-24,1992525717274036e-20,12559760053322019e-25,0.9984972038783507
0.0016424788985927577,3830849629163125e-23,0.009936254315798275,1547389313359276e-22,10231511888004188e-23,4586712439317895e-23,54553236321447794e-24,475236505141869e-22,6649325301905107e-22,0.059424781720747735,0.9289953768257736
13283456912029663e-23,1430539478411491e-24,1384494212822401e-24,736353992798549e-21,825976555082504e-24,2892464832769216e-24,1015490981098947e-22,13342531211862335e-23,7104390291191013e-22,6379797348593167e-24,0.9999981724847263
4516958166955465e-23,18016147067645055e-24,22733357758186438e-24,36361094235290896e-23,15603685792098434e-24,3737919611290015e-20,5078669632679423e-23,52299043849403615e-24,42340356441177983e-23,4483587827341768e-23,0.9999615843449897
6301094476575555e-23,2104766673387303e-23,6127679787810649e-23,0.008544686351095725,6995763795285794e-23,11909742821360002e-22,32010533153128675e-24,9405537731580162e-23,0.0015392134149530955,4109552671795771e-23,0.9899145268051848
50155429349554995e-25,0.025648460275843478,17326584447542167e-23,3220519499961191e-23,17696442063162496e-24,3229532036356532e-22,10612977744041973e-24,3344164522249872e-23,2296669102534927e-21,0.0022668909431428075,0.9720817569210652
24574755093859143e-24,12033154097269028e-23,0.1259636108485816,59479509590497286e-24,11695922590203726e-23,2713003476671646e-23,7620653065757876e-23,6111311473430521e-23,0.008748805383625807,14988629418287712e-22,0.8652855991101608
19045173134937274e-25,9792000607676817e-23,9075111907296693e-22,0.010659742144171482,0.1834615715288447,16999542638580084e-24,1791207420950394e-22,28080420782375525e-23,3738748855313251e-23,0.00579588213765218,0.8000812866522531
10875117230458736e-24,0.0459799493659688,0.005323592899094746,0.044163744568998846,0.005499366124289181,3910900685135539e-23,54246206566025903e-24,7638424964361603e-23,0.01413523494259777,24713717733069584e-21,0.8848732177667284
56137111901849664e-25,3857343048397126e-24,31142126591035327e-25,13928591722075302e-24,3228286159979079e-24,1653687175084965e-24,6210441967725731e-24,3975973760058509e-24,3818082862689146e-21,22768022572639545e-25,0.9999961380580876
7698420916254553e-25,0.018499679211918724,0.1606229580041808,20895147847374204e-22,0.17052825163789195,15307951878314622e-23,4654497770492671e-22,12331503372913286e-22,0.0083916829874036,7611522932022241e-22,0.641952744199218
6384674187206771e-24,744498524594011e-22,0.04297189769331864,0.0020569363674395194,0.17302098160220752,32519547496759387e-24,512573982166042e-22,7977873411696943e-23,0.000651186102969406,9705822924580926e-23,0.7812986574698421
7545162328138735e-24,36595731823652457e-23,7644634733233258e-20,0.014738279583166038,0.20373664258204027,49335275106607676e-24,3428070974866065e-23,7796716139480092e-23,0.0011293133786582784,0.040606644795139,0.7397121382280282
65765882451724765e-25,6349810098121514e-24,4506685422219875e-24,19435514538732997e-23,6580111832985835e-24,7399445448161346e-24,4081986651743703e-24,51758487791006746e-24,0.0010350331295711694,9118777141681536e-24,0.998964676143391
6136332627101434e-24,9539540846690112e-23,14952966061266277e-23,4436706976860725e-20,2374798474141844e-22,10744624524664918e-23,7677714592148116e-23,5823642677050963e-22,0.0017002296385997154,10609020388643963e-23,0.99825404207252
21141943066741513e-23,13474070716724679e-24,8579612779340572e-24,23579466312019244e-23,12238218246167683e-24,3470028322091311e-23,2862068157246847e-23,2691408848334899e-22,7011632118324054e-20,1458178530922815e-23,0.9999290551291863
0.0001625046511926436,0.015223150645367936,19892109840810606e-22,4072778753473399e-20,27345280317146844e-21,5271569613829951e-22,3118978274516064e-22,6058354756429262e-22,0.0023649829706534633,0.020211710443863346,0.9619661441198222
20406319545919104e-24,5728971443041679e-23,58266650174445406e-24,0.013216439055465398,4246806840607272e-23,11050774256824125e-22,2330379836574292e-23,10450883937319176e-23,0.004474361634667146,329489346046157e-22,0.9823077550401171
7454811908212673e-23,209860220589949e-22,5181946239503923e-23,1567796009927091e-22,8415112791482166e-23,0.00043821240776582664,5304865673704515e-23,9036838587616781e-23,0.00021343632165100337,4646718471507937e-23,0.9993477731020235
4675433881271835e-25,1567736030186237e-23,94577989124704e-20,0.004082714085061335,0.48265966672878924,22766759200014476e-25,3136744170409463e-23,7559646640471007e-23,4019660166826252e-24,0.0928898346344132,0.420366709366659
7617585315369172e-25,0.02691723669946518,0.036327177422896796,7136042637808426e-23,0.38704258805708847,41353457707106046e-25,10042220165022832e-24,1562459264260468e-23,8248599216572987e-21,0.10138314473035542,0.44832150256660186
6175038478104511e-24,336567252400825e-21,17828964345148338e-21,0.014634188893784778,0.37301078149958095,28471964352284166e-24,5143842104057026e-23,15857714927629078e-23,2116691687158055e-23,0.07024356576687635,0.5420930324787473
37552562367810443e-24,5420917796064271e-24,6666652289848134e-24,7598423908270944e-21,4675909545654279e-24,3852264230500037e-23,3870789328619029e-23,3549073219098349e-22,0.0018572291954881736,9322014402701487e-23,0.99813459270656
7350995122229216e-24,11993773194167727e-22,0.05378342423174072,0.04122104013192667,0.0899768937850184,46234030364629544e-24,13494378417731087e-23,6217100239404022e-23,0.014426801057692234,3635673999302931e-22,0.8005900271491411
2347500110533238e-23,2338510887596378e-22,0.02571508145565465,0.05373936035729265,0.07363062593755447,3098339952860288e-22,15440094025068033e-21,2946745655774214e-22,0.015754117698753897,20922993362414936e-21,0.831123589628706
4418385327553273e-24,6302543143963477e-23,28993964290562003e-21,0.0848363312302532,0.2097022313803464,25450942112351862e-24,4401085890083915e-23,2299696699765429e-23,0.014147960412028308,1275227467279257e-22,0.69128419558768
5575294369971539e-22,203814726808264e-20,6532296175076256e-21,2504222306931017e-21,3331817164219916e-21,11949410677880297e-22,25297765131781418e-22,5065000529573882e-21,894412460089593e-19,14395988160852366e-22,0.9998853654611932
25674537490874103e-26,2824766801691664e-23,4547423620694366e-23,0.11725365449537903,0.5275637849369237,2787229210359189e-24,5184427157059568e-24,6672316467789006e-24,0.0036637146647791586,10469951131246823e-24,0.3515187468108168
12641624769756968e-24,11412007302698072e-25,27390148780532592e-25,591434374695162e-23,13205965156919284e-25,9708018664517505e-23,34013577837666063e-24,2738807880753633e-23,7041286213719272e-24,1619431957766608e-24,0.999999809100658
5501217849221975e-23,8703498896669546e-22,0.050890788296193916,0.007564485770384207,0.00475310457181864,14293000382705079e-23,22744603818842207e-23,3817475512118498e-22,0.0086179217612817,20158800087825955e-23,0.9281718205274813
54714328975955735e-21,3820039174357091e-22,0.01585802179909285,68918919539537125e-25,0.05539439469192601,9142516836668714e-24,0.014422615224717038,7212926548783452e-23,14727026868920147e-23,0.017951416492825813,0.8963182200349393
3185636394912511e-25,20632397186286057e-25,17276380883897625e-24,11468810421670235e-23,0.09038531820740926,3891205449567231e-24,0.0031981893463228967,6327161048922296e-24,49090999583065025e-24,7729991425875797e-22,0.9064155257914704
33683019517086735e-24,4934934546212112e-23,9955556634098266e-21,12180429101897337e-23,0.06010592403055977,8927356517261518e-22,0.03435750427496188,21770931562627124e-23,0.0009528738015416325,5445869259046606e-21,0.9045669811854256
17421391800143268e-25,25090309858139856e-24,10569507479283451e-23,0.01293718495374564,0.32825947707529624,5820466289622817e-24,14771837837319252e-24,2027402403304958e-23,1752301564826095e-23,0.06578212640448187,0.5930210206496448
5570080354648925e-24,0.01324510288930751,0.14306791959936427,4688750215824874e-23,0.11904490475136263,10039270204178617e-24,0.028769921721951863,26340710978573396e-24,0.0100286251389479,1317023452867183e-20,0.6858302668269795
1658546386606813e-24,1213535622393962e-20,51919777824452256e-24,0.001753117231761262,0.26050912770102064,13419700488761298e-24,9867614260146927e-23,7320761311133314e-23,24029956237535756e-24,0.0006577913843403267,0.7370675654148552
68621445058071986e-25,4946129897647302e-21,0.11305982053742188,8397195045470031e-22,0.3926407181879512,17182515296947216e-24,56655107833628385e-22,874211603909488e-22,12280370858581432e-22,0.054625926832943934,0.43966074357859586
990261282701989e-24,3763350725407286e-20,0.046483905672014166,30318403636679832e-25,0.14062040630055112,12341947746454705e-25,18602522359769261e-25,26912930098711746e-25,3336231116919761e-22,0.03091465805793677,0.7819430530312926
11249199702171895e-26,0.05219972562835018,0.3385205621000197,21167514342719277e-25,0.20270400893599133,384107395514875e-23,2799727214281128e-23,21057158095168723e-24,0.02655612358867001,14898351416944459e-24,0.3800195097242411
14318716962607032e-26,15753313028451909e-25,0.054700627548885494,9072045879068337e-24,0.411716488794235,4083375329194254e-25,1025147580237608e-24,13738236256378208e-25,8506108011557902e-25,0.1126057798132872,0.4209770893957757
8894574262500171e-23,13170734748675026e-21,0.12857017920913114,3641169003049305e-22,1781089659295981e-21,9828702098361632e-22,27225707032400425e-22,28054584872737656e-22,0.016347214428230717,32150405622124758e-22,0.8550574755356012
6951372703860073e-24,2115389356406548e-21,0.09706986826553884,14028741077525431e-21,0.37571421177318315,193322884245487e-21,12480778250334717e-22,10619117591934394e-22,6769844887172163e-21,0.020555906105727995,0.506634589618753
15094799725236124e-24,0.09475232159533306,0.15897300536406603,10262612419555475e-21,0.08800659816102796,4895263796579534e-23,2959960381568972e-22,1813687932078325e-22,0.01882210609120586,12024010752649875e-21,0.6394231407529336
1104514150938293e-24,0.052478595627516396,0.09658495538786077,17706523651781424e-21,0.14630137246873617,313209635742627e-23,8006342846839565e-20,13480367324750864e-24,0.007651605389318889,9945540468293818e-23,0.6968855840020716
7549882932150951e-24,5271721462062222e-23,0.03847107288857347,0.006294573552131465,0.3016203729749552,22817765905456708e-24,12826212461600507e-23,1224005084981219e-22,4914849709647452e-21,0.06035561981726822,0.5932531121698895
4768238787981499e-24,6533533009057619e-22,0.24988547666167707,13556575103551141e-24,0.0013269956684951473,20725365543092825e-24,14073398322510823e-24,4141078462137139e-23,0.03189232539171496,7909798457303696e-24,0.7168944464805164
0.0001872689706845846,5983857895368651e-20,0.0043341202641261605,3496128726748448e-23,2642217894529298e-22,1385742263987299e-22,0.030040787727291057,21317345202403283e-21,0.00811074494914635,2093415199445915e-23,0.9572454634731401
11453243666925879e-23,7661349647031786e-23,21567686470331306e-22,16969551594305313e-22,3091882294413097e-22,14457549065670635e-23,26740633369380358e-21,0.015216004322207856,0.0026760595418706128,5046980361964088e-22,0.9820761921710569
1900141023740976e-24,4045914509245884e-21,0.3206730590921574,7534418954042675e-23,4336265266366619e-21,6274905063220241e-23,1226064099642496e-21,8994934855591752e-22,0.03967287467567453,4082192151344448e-23,0.6396433776798862
2618995243194744e-22,0.04250697899452927,0.0176224132126019,8255317392983098e-22,6911656729219902e-21,17159581188274844e-22,5996392222925638e-22,0.0006386459805823182,0.006920893751222076,2241273649195799e-22,0.9323005292483718
19051758369932984e-24,0.025209624164525886,0.18988366027627995,5824684630175221e-22,0.14718875563082995,674544715783324e-22,40918944854581033e-23,3547607258914447e-22,0.026852832239823776,4625179236384811e-23,0.6108636485118966
6259330543015743e-23,11433144242059415e-21,0.06271581347199645,8417641874446412e-24,32604957304625485e-23,6253769709625522e-24,22788367316844387e-24,14887918024640594e-23,0.006306209124462912,7784334921318669e-24,0.9309659614931237
2712442453001922e-24,1632330536626287e-22,0.2606980525454726,14482896601730543e-24,0.22213479013306286,8647644255871069e-24,3060097502004314e-23,1199439181588843e-23,0.025698790315425327,19328273406317295e-24,0.4914681160060175
22017319951805423e-22,5987707199875858e-21,0.01898804927663083,3204930231735269e-22,3681705680225173e-21,10108639489622706e-21,37052889001465417e-22,0.00010223024617492357,0.0001766603325734778,1944751188209001e-21,0.9807051098271444
4160485570218839e-24,20724138480341232e-24,0.0007715976107644969,16241933259388588e-23,0.25716380240249664,1461675140305748e-23,0.014386519339313529,3120689380829234e-23,2649296125990558e-20,11798917192944774e-23,0.7276512365693918
6112844623336879e-22,302119297696655e-22,20011286324316513e-23,3957076535111793e-20,5456404830888062e-23,6599257736742717e-23,2991757484312673e-20,540838515697634e-20,20984481363822596e-21,8446258648459049e-22,0.9999023120015392
0.00012552586257003152,31161617106844006e-25,0.05598092529410102,8365962858973574e-22,4001902808482979e-22,42536730893721515e-25,5444850853934352e-24,5692340924560667e-24,9838598335722939e-20,686364077747462e-23,0.9437939007027495
21537485212845916e-22,0.11397546452187635,7469028456708573e-22,0.011354728949779647,11118169411355012e-22,4841098035046006e-22,8288329622409702e-22,4990360840719519e-22,0.00945576524229288,7575919553875903e-22,0.8652074592469393
3031066673032609e-23,5430840971883786e-23,9927651021254743e-23,10092690127105756e-23,12181368869821512e-23,4202246822181967e-22,1336516207459179e-22,4206169268178243e-22,5848804135483938e-22,7837209816122274e-23,0.9999979556181039
15623292419234432e-21,34102617065681016e-23,9516651430709609e-21,0.000177439632007661,26067378489870907e-22,0.006091497355130177,2759966874041689e-20,2475654061306654e-21,16044744037442766e-21,15853358871375676e-22,0.9936552699022663
12859178601705245e-23,6325870050095485e-22,4212356414441952e-21,26072851812499365e-22,0.06476869873209691,14630714109832696e-22,424921538588421e-21,33880442454322984e-22,1511516498104519e-21,14705560150736344e-23,0.9352167858382221
1123571379407091e-22,49930956680808235e-25,23544092594094224e-24,8636435424888816e-21,10490439751233403e-24,21752807817296336e-21,3505024679197838e-23,39679562373479013e-23,5942155179139956e-23,26801015961552097e-24,0.9999689413035537
4104892435993899e-22,3720742159796986e-23,0.022132887787363793,0.012497522354211065,52034664623383587e-24,399283499118972e-22,38739076535348776e-24,5082729025077935e-23,3164420892384285e-21,22673892740064135e-24,0.9653657735375932
