29109378841629427e-26,5414904033324865e-24,3275686642843937e-23,0.02825127933688798,0.40530493116277566,2077367296917454e-24,0.029821637654596028,8076108404712468e-24,26411949378671914e-25,68877412181514185e-25,0.5366220943798078
21304175546386136e-26,2227385981957968e-24,0.11492067512034061,14742848894453337e-22,0.3145362499144742,16788838829237685e-25,1835753687265442e-21,66142992255513824e-25,6170357904099125e-25,24206977458835334e-25,0.5705397511552888
6743803137126977e-23,2956135154894192e-25,5855547045065244e-25,8593875221539059e-25,8160324479948613e-25,6096325425643524e-25,30035925333837083e-26,0.018427939137436816,5083664472905645e-23,5274575436151101e-25,0.9815719385938496
11174024725014949e-23,11283490707681032e-24,16308066598398698e-24,0.001788897934522609,158566322805885e-22,0.005990650228590588,2161741817826762e-23,2162931435035104e-20,0.0012949619908605532,11666997294006681e-24,0.9909036720588235
7007106675126689e-24,0.0309852428345152,7715778409825237e-23,5972576676081697e-22,5727286815362108e-23,5567641054068673e-23,18988694865444122e-24,5813387644535966e-22,0.004006439710948085,24586473122713238e-24,0.9650068981688578
5297977402138363e-24,0.03487200814623225,3816626983613362e-21,0.02633204339674121,11217512021971586e-22,0.01615324450090979,1175648527322073e-21,2231053445993114e-21,0.011252991550935664,1678540636795572e-22,0.9113811941775657
13422782591247053e-25,8182738444745598e-24,5419325995522685e-24,0.00990251826967456,19730593036943884e-25,0.04987894090727412,479388732391556e-24,10037737622466534e-23,0.0025256054881134865,5085681575125952e-25,0.9376928170521929
27308992316914936e-25,41632246103051263e-26,5287722947911472e-25,206718058683717e-20,6117299377320627e-25,0.013721117395260026,5761382960665683e-25,2501700234243143e-22,9386017384875096e-21,6856667430584947e-25,0.9862671736872158
5473533426510867e-25,12185688246148867e-24,2238843069470736e-23,0.03251804807111248,0.34862041314880926,4720610550655764e-23,0.0030826760897530625,10010769876092599e-23,5422416707437875e-24,6290287724407866e-22,0.6157780458038689
0.00026442211792753357,12868901756966444e-25,26573545041190392e-25,35283104100080085e-25,0.0573647884736722,44651143212485716e-25,12222565617368037e-25,445976444066441e-23,6715110119713254e-22,0.04103430123479231,0.9013357990429061
8408476604245727e-25,25566871926029148e-25,4481603647017779e-24,23636226859276795e-24,0.0707662287563141,20996185991920812e-23,7862512855798334e-24,1023374125628691e-22,1352447783724891e-22,0.02448294489639376,0.9047503394253654
8412981680792522e-25,2193724636301685e-22,2207111335107472e-23,0.009075958862482468,0.11655834249532886,0.017862536651865726,3685906998458018e-23,63163195027063855e-25,0.002301120840603491,0.04603132651034366,0.8081704291791133
59949344118313e-24,50397094138825545e-24,0.5304968999648608,14395136007003986e-23,0.4350011000601364,1144105550747032e-23,857760412459482e-23,6717125312366213e-24,0.03450164675615534,3174898533957527e-24,12889920640404194e-23
14585276045743104e-26,0.041565933652190884,0.23426171962257455,3819945770431411e-22,0.04377504673718206,3568233610394718e-22,4771693986284006e-22,5120973434706843e-22,0.030119718202154668,6894997753259684e-22,0.6502751640556756
3910429428132943e-24,14976288676405768e-23,0.25378725860471185,17414529601269082e-23,0.15928251455585304,2987932173332472e-22,47026200546046627e-23,3615267052917186e-22,0.02062944827904032,4422523376451022e-23,0.5662992759438059
35234380820646136e-26,9374065156653356e-24,0.19182920918687202,7267144395303491e-23,0.2974822137563836,3838761880404105e-24,18405542795488973e-25,22648588171157057e-25,0.004668067134053607,21178274708341964e-25,0.5060204174629207
25469164058805753e-25,591767702911138e-22,0.1989190052830742,69605438867311045e-22,0.5100363361341933,5009116221415669e-23,9658870218382727e-23,15075639427252724e-23,13746206915072221e-24,55645211555831216e-24,0.291037269487641
3099882247455782e-25,5679021246296565e-24,0.06396849189745583,14227657131093136e-22,0.026663146418612386,0.04079347183128703,2325615033939813e-24,45908915212046334e-24,0.008989673704546335,20491208260408773e-24,0.8595837186676337
1275480152090193e-22,24176992500032e-20,487873069750553e-21,3965960996768745e-22,0.031024836968292405,1372826285045729e-20,3121654091599854e-22,0.00868834271830046,8174624498725166e-22,0.002344334637284896,0.957926373998303
2645835962521907e-23,3186834795773901e-23,19850852474700454e-24,20770629621269898e-23,12759867024833284e-22,17107352048311094e-22,19519072690097154e-22,0.01935120312362276,0.000706746193803957,69471801760181e-20,0.9799361314515233
19859430893851903e-26,6374362731690265e-24,0.35632913286741347,1325838577371976e-21,0.44898057223559956,5507906525772437e-24,7045834929019095e-24,4100515722330433e-24,0.02014831183090974,43529990349944075e-25,0.17454062964724804
30849475886216814e-26,112922917543507e-19,0.2015174359414657,11478916054429787e-24,27344049052665414e-25,0.01922436918115671,219084773249257e-23,15735247383107944e-25,0.028457017779016235,7542136843019499e-25,0.7507898657661743
27997374836812875e-26,3769889525767043e-24,19437624441924727e-25,0.052312586684574114,2261292351909377e-24,0.07787183949697582,44657438727870395e-25,2967437892956447e-21,0.015108878225254743,10411838360452934e-25,0.8547037143934306
10093906023650598e-23,2467424922416857e-23,390712078872069e-22,9217525347861679e-22,5253002497013689e-23,6620446690469831e-23,0.014224906726337867,2444065274465133e-21,0.005063352345361242,13974693858763453e-23,0.9807079519445484
53915803215474665e-24,22449851833668337e-24,2149437526838324e-23,713472630430535e-22,4655345067048166e-23,845712565895979e-22,4079152911780269e-23,0.0025697579888550536,3385186529661295e-22,50911707371245404e-24,0.9974295114572549
10128064905992562e-25,1725778205504871e-23,21989171927837466e-24,0.014884291722897436,0.15035993482312038,53276010711904884e-21,4730235706759765e-21,9301744043550321e-22,15050107806219125e-24,0.0005632947770946854,0.8341334869461907
4360304925375433e-25,13488246113603781e-24,0.3431281537393141,16807862198985843e-24,0.6568717257151641,6581044122903566e-24,13499745435562748e-24,7034094716855503e-24,12418496890657425e-24,14280546063655123e-24,3599970809032307e-23
19266954010853194e-24,16622069324085444e-23,10881961484147548e-23,0.01372347875516107,5758407875406784e-23,0.03374092248583728,0.00020021191703248624,32395007521949593e-23,0.008053028528066835,0.01269679118899582,0.931584891283491
1676234738421818e-22,11795543642559689e-24,8420967774903783e-24,13072850569584586e-23,15524036741442804e-23,2704804558166661e-22,20834105132371495e-23,0.02150165905351125,1387588828780384e-21,55211908631807926e-24,0.9784959455153855
27696475690056e-23,13817414149033203e-23,0.07743062113997906,12501696692722875e-23,0.30054437280634966,6535875360624607e-23,0.061804393784286135,12606147083100766e-23,0.0018777058724642954,18054782464997757e-23,0.55834227096331
977412679094988e-24,34834877579671297e-24,0.43069198122894553,48723965671163985e-24,0.5624605091459451,9820964406322784e-24,2086129173829209e-23,10077548348827538e-24,0.006847336320025237,9950140403973185e-24,38058476726833296e-24
20406459515965383e-25,19663372966339134e-24,5194039446287523e-21,11126579365522911e-23,0.1610555029711882,1093415130463474e-23,0.05973817215817003,347396637378693e-22,3232236720278293e-22,6882475267146343e-23,0.7792005601391451
7986376896205e-21,12897229687943018e-22,0.30745999967147725,4746525373890332e-21,0.06322527565211242,885103653234151e-20,11130926782859315e-22,364569234342944e-21,0.03975247438452517,26748290574798654e-23,0.589545649352958
8336275143351242e-25,8107886091729849e-25,0.5591520598916012,6462450286060615e-23,0.39245200914934775,6311559210633323e-24,3485691362290735e-24,4514095357155794e-24,0.04839514514069181,276238501135927e-23,7025295403990462e-22
1413691350930338e-23,0.03182126581892122,0.049651118085091914,9823931009948935e-21,0.24263078364508764,37438191485678315e-24,9521454324198745e-22,5272100309692945e-22,973411632736383e-21,12595028861208302e-22,0.6758832448329757
971250446824646e-25,0.010692516135999641,0.2571562633452637,2845116070981646e-25,0.2217764374597106,38692562196121334e-26,10950277847646333e-25,30575343207185736e-26,0.028907216115284413,0.03652351026579854,0.4449440545085379
33269892473113864e-25,6341696912573588e-21,0.5574583055917445,21121424301267382e-24,0.3889783864146995,12904402305173527e-24,11994276968330385e-24,10819075060937688e-24,0.053556861609980466,11756944160953385e-24,32764287089121495e-24
9963950255869807e-25,6270518633178558e-24,0.6187128145056561,16567886013454433e-24,0.2679354081347468,6404168096488524e-24,4177721630672959e-24,4148207656372556e-24,0.0776482527369463,2833588142602098e-24,0.03570348322407919
0.0007213876004983401,11019800628364168e-23,0.5008778481613756,2433247295565761e-22,0.0003374823585196203,3997320298195135e-22,1591210771806264e-22,650276661753913e-22,0.07333374212308073,4614074658621887e-23,0.42472851621229957
0.0004976499420412398,55442840407952565e-24,0.4123578508184674,3826649929947172e-23,0.001163439365567477,3273229094042992e-23,11662484608311002e-24,1618077098276274e-23,0.06262667108219966,769332314226487e-23,0.523354226813542
16154617193868016e-24,0.029278045297065763,0.45704078260094627,6889548869816508e-22,0.20306093816414478,39344723799081727e-23,6072757724385588e-22,11868073091275593e-23,0.07244158730787172,17236025543999101e-23,0.23817664975663846
9633839116441405e-26,11372641621035171e-23,0.4129685096341464,10909240198648054e-22,0.25601168068971925,17249853398248888e-23,194072275664659e-21,13563790682269948e-23,0.05890445875484073,36056638831035036e-24,0.2721136096893929
755869443484299e-22,15511495060757994e-22,0.36303474543897923,15269020773395068e-21,0.34308343263062135,16439564725380984e-22,5918514274616239e-22,9025218078649454e-22,0.04700663893735422,8026627713874787e-23,0.24685506987479972
9909124074481896e-25,4898873877491467e-22,0.31648861486408464,16285819702465624e-22,0.5827606077216135,630351594368812e-21,1912880008559287e-21,17979097363118326e-23,0.03186873286247545,1938229748660303e-21,0.06887526383933207
8748051149419336e-24,8669295630533642e-23,6539647242751107e-23,9995484178812921e-22,0.18302973076096077,0.0033253369452796427,9629166855117775e-21,7740756066609103e-22,0.0011788927692827698,0.02610336734382685,0.7863511085525398
4430508564210539e-25,6171575668367299e-24,0.13677455570013514,10044682632679903e-22,0.863221375789195,14325909617213671e-24,925108226976871e-22,19778905908990635e-24,9181274815368781e-22,9179630928343413e-23,19240514243918484e-22
45830109582336646e-26,13801712710460102e-24,14043896372673516e-23,0.00014472808861137648,0.6417167354364038,8439686840260139e-24,0.06594891160270368,10558504670629372e-24,16119775862504844e-24,2366547339962647e-22,0.292189198400742
51412025331298404e-27,15994970208322356e-25,4324362841974859e-24,16520618315135797e-22,0.4692693809244743,22623446367402374e-25,0.0073878192533297395,19717520170288692e-25,8554008195900974e-25,8021383583002642e-24,0.5233411286746227
2678601195816179e-24,20475936348916463e-22,29451823104564717e-22,0.01283457468156526,0.4049439959643332,4077396529612123e-23,6455378442629805e-22,29065704406632158e-24,24446874417769708e-22,0.04148550933081981,0.5407277645041941
5178653557451095e-25,18830359594289323e-24,0.23827330416943773,21589196609665535e-24,0.7498263086814994,7705697420512593e-24,8824590488888435e-24,6793764086837254e-24,0.011900278490997002,16551689100609632e-24,2784430133006174e-23
2723461078897323e-22,3985225172372796e-21,0.32890580339153963,7041454580536097e-23,0.05292118436815693,771749429809096e-22,948163748475052e-22,26146712082957285e-24,0.05428721856594519,5343490331036716e-24,0.5638812622069608
15186085848717066e-24,9932300320175664e-24,13697721202646136e-24,3690885902301374e-20,10822138953719513e-24,4517155258187282e-23,16220880803539802e-24,0.020566314301504584,0.005495139301170977,12188908518429336e-24,0.9739015143187139
17809192326710262e-24,19524394506824e-21,0.0945337066147003,9927860322650326e-22,25629731155545387e-24,0.02582608254347741,3950615806220655e-23,14582081999532927e-21,0.019871837012693343,1999144729599183e-23,0.859752676500156
12530298553006546e-25,7271530963261249e-25,0.16055215422547534,0.008370750474013306,30592830369470484e-24,0.05731976917904051,42094663028853545e-25,39629542813808316e-24,0.033405801861258945,9959911156670985e-25,0.7403514468522101
6513746809865492e-24,575868715442667e-20,0.09106944588517307,0.026062095623745486,9518807580705469e-23,0.06192335914298081,10664974927300709e-23,0.007302727975366777,0.02546700760060088,1818422910525174e-23,0.7881693785491769
26755755191723705e-26,5925434952700216e-25,6524834260685623e-25,18439767929692828e-24,8471729380319627e-25,0.00018658605411255475,6238487646702732e-25,0.05802911529115906,0.006825189993069105,6034508834029026e-25,0.9349590866348338
3332992835436544e-23,20871925375154488e-24,24907731675942196e-24,32196421087008837e-23,19201746311645216e-23,4065507554587046e-21,11827927488837852e-23,0.06489508711306395,0.005788921608239172,1840535062863854e-22,0.9293110303470811
2528349770457915e-23,0.00024002217652215779,0.001422020080136967,7871767346280935e-20,0.30737403261507584,41296660651973486e-23,0.01770295254086165,16121923506530768e-22,0.00666787682201571,21216106678489618e-21,0.6664911115427865
5025311225099823e-25,8074474124267763e-25,8574410314929271e-25,10592485197443915e-24,11747213369491108e-24,28082966565337513e-25,9962099873936999e-24,0.024198251730580714,0.0016386132933331318,8413185113887597e-25,0.9741630968572529
30618969692458816e-24,6367478947418667e-24,7388503105774124e-24,43455093366665795e-23,12362950720928105e-24,42102597449941514e-23,11189871292374801e-23,0.02504617310481352,0.0023808036750761117,15819156140166113e-24,0.9725719831874307
8007468961779181e-24,2263919777899354e-23,3722036998749126e-23,0.0077135019959963975,0.036314424267166176,0.04055942063023376,0.016809610765628074,1896279894825941e-21,0.010475220230139796,15649775594129386e-24,0.8881258423141286
637587194374472e-23,672786821580169e-22,9332181040442238e-22,21529939093520127e-22,0.297872347359147,4004698662161488e-22,0.042456538202258885,6472202928884116e-23,0.008804685377110873,6331265109538325e-23,0.6508627406903683
5600040975706606e-23,4109389721867268e-24,6330797800889197e-24,51973578900971294e-21,4951723105474718e-24,1722149810537966e-23,3539437949850912e-22,0.00975612638168595,0.0027084934981743075,4319171170336935e-24,0.9874829596644547
6145115138296361e-22,8330451253516402e-22,10479079159016384e-23,17890794136222365e-22,14324958303065765e-24,518544103562882e-22,46002293414565686e-23,42413607275547925e-21,0.0020387417568866672,652375578856801e-22,0.9979149117691329
6995131356154077e-24,0.03702947286714565,1508133681244915e-23,14634886060394892e-21,0.09274562988078042,17442137177790415e-24,5148864693150319e-20,32398338598058714e-23,0.005286093939339917,46366615607822175e-24,0.8648722699111362
5400827333925973e-25,11812948716251746e-24,2811794854296515e-23,2720991447094411e-20,0.4849878371729861,12015716780658382e-24,2011980560385633e-23,40099688299747994e-24,0.0006470427643534757,0.015251798040130304,0.4990859994017164
42675333826180244e-23,7307330815758118e-22,0.1325802903265159,913954325812869e-21,19163846129353976e-23,0.011324516827262036,12316000843257927e-22,865039829039114e-21,0.023162612305622044,6608568207582092e-23,0.8329281547357978
3452078074823062e-22,15665417160399697e-24,7965831164656166e-24,3658483001926071e-23,8732267989316262e-24,30793871405496575e-24,23004597223237737e-24,0.010338690527978402,0.0003070976476783662,8646641319613092e-24,0.9893537352230795
27971642576126743e-25,45992291545478775e-22,9744308795263645e-21,0.0195509750463398,0.8831906621423382,4480276319573586e-23,0.01608976792208778,8649305640024773e-23,0.0037959133545547477,0.0002961526616360528,0.07706205124209174
1147837094575285e-24,6363421613850825e-23,0.020100925815758758,13345891542963263e-21,0.9614947512705223,11875137502681694e-24,7446639583272111e-23,6750138157405754e-23,27278049601210467e-24,8925968187069937e-23,0.01839064185130537
3030094187442484e-23,14777958915257452e-23,11492617780761255e-23,0.0018515032129880768,12103875989933507e-22,0.032107619444960475,0.04278391521400516,0.00022364228260168882,0.014662200101186474,15156551928682497e-23,0.9083694647844315
6449169563116095e-24,3981435045206455e-22,11804927679860472e-22,30613341630731415e-21,0.9595659039218535,6714411382177956e-23,6089402861307636e-22,339281477187274e-21,2151438232969302e-21,0.040298897958998235,998328984952002e-19
22414591870630893e-24,39980194690772925e-23,0.1488831650556138,6654393236567692e-21,0.3760229222186542,15427799764528332e-22,1993872321757911e-21,2929180138618193e-21,0.020349689655425596,5131604411763366e-22,0.45473016746646777
7805310176562846e-23,1315517638866905e-20,2588973900527367e-21,0.00031516349062276684,17119938965337364e-22,0.053967408239448615,5862579150207808e-21,0.01727761975458686,0.0041152047165008455,17513321073663038e-22,0.9242994556902873
0.0011077460161119852,5508721669957818e-24,15791897903664363e-24,6763839503157362e-24,63807781269206855e-25,12370121393264281e-25,0.019218021914285236,19407830809641528e-24,0.007750063558250109,0.03997830481441968,0.9319458086068525
5721089164441414e-25,7883222926232013e-24,9870334665678854e-24,28906686849834993e-24,0.2713326001767937,0.0003054898828416912,11276012859869199e-23,41898070968514286e-23,0.0008724881715070814,13665902180207096e-23,0.7274887061375307
6300401702596742e-20,24304868670179247e-24,0.1395864234364498,18350047005784124e-21,30913047974237383e-23,0.018016852856392953,100385611775257e-19,649620185102399e-19,0.023583880258095824,12716862560895171e-23,0.8186560282013898
22492726884541922e-24,32959532074436696e-22,0.15547836048934946,5469853465241565e-21,0.2496649778205212,3407094785712257e-23,7281144302659987e-23,14362117154211763e-23,0.022410982747606435,11538906377180246e-23,0.5724365247504873
13140314489223999e-25,28561138353366645e-24,0.11592478378612713,27196659931125644e-21,0.29084267300682715,5244451318433631e-24,18065086517172448e-24,11519477873295715e-24,0.01652740880231706,3538397856774675e-23,0.5766778376568433
9371245181164916e-25,13529880656551256e-24,0.005665786593800835,6667986559251633e-23,0.49124431020414605,23409712400427662e-25,8514745032155722e-24,10587164583826962e-24,1230311179625229e-20,0.02555522183941271,0.4775222756610892
531845353317336e-21,1493481739090672e-22,17167858289017814e-23,9487208170506778e-23,0.020104193204437525,31893202396322174e-24,0.03765505690512217,49036451248582966e-24,0.012520135090140869,0.0016482981815678136,0.9280712879448864
7684765705674352e-25,9892788902129522e-24,30285580191089305e-24,9976768415260066e-22,0.21868577256944347,48733324746039225e-25,13396463393459853e-22,12121740823574392e-23,0.0008427383267527214,24601861077317614e-23,0.7804687387243809
2339334443153936e-24,21952698227999248e-24,3065792238935491e-23,13081573725011474e-23,0.21809063593455658,10325942588683733e-24,0.02730793329221743,2938226173291994e-23,0.001127938250032394,528602796352499e-22,0.7534732141890688
11046493835193988e-25,5957632215297045e-23,0.16220067202497646,8212077768547134e-20,0.31125421427594496,5825415570031135e-23,56106480491406145e-24,7056966246114514e-23,0.009883357227295417,4241879721751814e-21,0.5165751482030373
48892887716195765e-27,0.045808161742526804,4588100715447603e-24,2484266410695071e-22,12365386357166678e-25,4914550564257339e-22,12377827564000502e-24,3710562559824845e-22,0.007719282936011991,21343920726105874e-22,0.9464692917400734
4556067219986033e-24,3534729608500766e-22,0.041663885324707106,0.00018173588316458588,0.39338772740738454,29564879790538257e-24,47592822047913547e-23,24721809464553623e-23,0.0007687358314417537,0.05644054794101997,0.5075562568724913
15686017634725788e-26,7033830418666972e-25,0.4082973527123162,16983151810459314e-24,0.3175561835997547,140108080053952e-23,13775490654525447e-25,19153187953334606e-25,0.029344494253237118,1389451237079395e-24,0.24480194550806073
3159626194789091e-21,13432115481362282e-21,7105773170499176e-22,9219618695490437e-23,7508681880937446e-23,30919819164714054e-22,0.014092449096890322,36630891717875165e-22,0.006325371085342242,0.02253483554914176,0.9570231195955384
37567924133416955e-25,456988644971833e-22,0.661349153595686,25058354327113006e-24,0.07365304145754134,1304565230674846e-23,8256038979005648e-23,14062605126452895e-24,0.05874531705924647,30496305101363472e-22,0.20624925407293498
601864303832317e-23,13836768982065271e-24,33344309767552027e-25,30743190967208206e-21,0.17103346564756308,264912220654675e-22,6535937180890883e-24,21655978385727282e-23,0.00311235670071832,0.06007711145242636,0.7657460502315215
395383799789399e-23,3178647607110918e-22,0.14817064084636258,22191997234399487e-23,0.11619485602630819,27921073251375024e-23,2424008030122007e-22,22983961545504318e-23,0.010860589042183209,0.009271786098894876,0.715500832796573
27854359477243573e-26,5454978186420243e-24,0.7913711575265051,32986884355019254e-25,0.14756985436869366,2566408222638053e-24,22106284406136943e-25,1960311800776758e-24,0.06105894466635731,32703022366888376e-25,24398518455530988e-24
12881586999642135e-25,15324703135011355e-24,5895683727251638e-22,35293807753284767e-23,0.6913182584519925,35489498982343166e-25,5935501257599308e-23,23632692591255763e-24,298166954337118e-22,0.18392816389973082,0.12475250217583372
17727421925879316e-27,4129365462351608e-25,0.5010267584067037,17156688682793926e-25,0.47978477575954304,37782855740963503e-26,7098193974502949e-25,8142399001544498e-25,0.019188457567381675,36132465320915255e-25,6078591083491915e-25
6861467092214076e-23,5605559135966469e-22,0.626551219063277,2373667079359808e-21,0.33662225542278895,21122505744280377e-23,14269396920274068e-23,3200716943428829e-22,0.036695280157492474,9846949086960051e-23,0.00012747005889051028
440349384695754e-23,26349595338317328e-24,10855131688424153e-23,0.019803197266862575,0.6584294387672059,2030895759366827e-23,0.05430409901310406,25882782392908565e-23,13037503958727275e-24,0.004914194481748268,0.26254863899240843
581652393765759e-23,0.026441220023980586,0.16469883245048134,32702077749652916e-24,5585331281090806e-23,0.0006577343191610185,18748091415309646e-23,10001258572365806e-23,0.01704518952938827,25892353825370173e-24,0.791156615919245
1064854984808656e-24,2783299550837765e-23,0.2938588007881168,804005241589275e-21,0.7061345823511436,27530214545804173e-24,3355350504113822e-22,11848177187276142e-23,13690674714189887e-22,3219534105769646e-21,7138087469280407e-22
8094694203267581e-24,849979276237778e-22,0.3617194790165469,1566840889026034e-22,0.28404097138771156,6837924564650493e-23,0.009462888164016465,722061409919523e-22,0.01966710329761783,349928063627214e-21,0.3251088178437458
31798499918890486e-26,3473292105757352e-24,0.38802791473663134,67719718862186535e-25,0.5826435102890837,17340539117006185e-25,22692403478305617e-25,2803861640566524e-24,0.004531468646559924,0.024797070773012818,181836681526232e-22
3835145698522723e-23,5058696202504615e-23,0.19398366788040566,19983358796035383e-23,0.46512961197781216,6533415454788807e-23,1080512407609814e-22,326604922856769e-21,9385954739288271e-21,0.09932993430153833,0.24154661112317724
9828178300297808e-25,9622415870052525e-24,0.4049930549005801,11817176649236231e-24,0.3262024017760299,10476346324971713e-24,991935250610219e-23,10821847901871253e-24,0.01614183738012942,0.0028673626109697995,0.2497952896924163
15309801634452627e-24,5849244717574131e-23,0.24927401525902929,27854488010806036e-23,9921148051859267e-22,27284815909484064e-24,13531151315222616e-23,5578378639450285e-23,0.022182973188734714,0.009155334357812898,0.7193861143524026
0.00022075094204871283,30358350459584824e-21,11906819788461403e-21,25825085225644675e-22,18706320778887346e-23,7716638504542364e-23,0.07837893641607221,15229709388512545e-23,0.013561527389125548,5747873231831961e-22,0.9077929462599708
3033262318390019e-24,314387460810407e-22,0.283383518045168,2170459192737204e-22,0.44087558682934846,3978625467625028e-23,6561966682468042e-23,5868274623194796e-23,0.0006413382857917364,0.009234958131919125,0.2658641831011774
7983112683503293e-24,26230907048180133e-25,2453179710525564e-24,4214571125100688e-23,376222026383389e-23,6365038851758726e-24,0.01691266217563541,14558425040610303e-24,0.0035124319244208627,43532978847483645e-25,0.9795748216558677
9443520102028898e-24,2606971603660518e-22,4943193596606123e-21,0.025965414922096152,0.39538882022205146,3878386816220838e-23,28261547141652968e-22,41982170961873434e-23,12725568720686441e-24,0.057317195729483815,0.5213200583062295
27401464464984666e-23,3428096224364967e-23,3671860927111641e-23,0.003338396573123116,3044970992742078e-23,0.0253628211100734,9608260593314308e-23,18434557861731805e-21,9992612217173125e-21,13240647921574002e-23,0.9712697511937135
0.0007786098264549544,16351642718925397e-21,1284951740625739e-22,13057850166791376e-23,44762899732732276e-24,2611862939980318e-23,12274403861379267e-23,6669932080488904e-23,0.00014635130486804533,0.03424713932900297,0.9648110284983906
44349021380847605e-24,51035293470560085e-24,11370264726313358e-23,0.01367901681753333,9143119831327087e-23,17134554603883328e-23,45484507345527406e-23,5056628895281264e-22,0.0012055870758383154,9826268573301725e-21,0.9851041374663857
2359512531592796e-23,8997738973457142e-24,1099641228683045e-23,38211894334738337e-23,17101964951009807e-24,0.002513755387287535,2046298786886273e-23,3069177416452522e-22,2061286785532898e-20,249974805097666e-22,0.9974648365564623
0.003288726462645881,17061952572238538e-23,0.01947067999521557,38185209728989055e-23,8225129191446234e-22,2073904212562535e-22,2019330677644768e-22,26046361463848817e-23,598933841148327e-21,0.11901603458197477,0.8582219152546767
24580874987193097e-24,1238412103552979e-22,9726777091142024e-23,9704556623064664e-22,3527773608773496e-23,18971734992449347e-23,17141416918063296e-23,6600896257340368e-22,3196656936477376e-22,31529386434669223e-23,0.9999970923960425
2100014057061193e-22,22854022393311725e-23,24843127749940965e-23,25561940456708963e-23,8021559639926796e-23,7049095564981014e-20,17233811405693926e-23,9643675723496528e-22,15045762003928865e-23,5621465143790448e-22,0.9999266369266214
10413354573107373e-23,23691853485406598e-25,4820552888036069e-24,0.017325047611214214,18897737970093375e-24,54156939240464675e-22,14475243260746186e-25,29604576402541585e-24,0.003215073605860501,1250295570294556e-23,0.9794542893129233
3045962231568832e-23,0.0517830747692146,11165987847051645e-22,2680969208188016e-22,32576589694963476e-23,6213994283475899e-22,19707369839248613e-23,5371951830201015e-22,21305107980618967e-22,0.004254912334776868,0.9439567863906868
22011868484993163e-23,13166853902703621e-21,0.2494966254926511,11369192785468368e-22,11685913319504228e-22,31654698202959345e-23,4271416581637282e-21,667550898684388e-21,0.017193384555489355,0.00014780186446907394,0.7331412400897033
3142658772975656e-25,6354195097427977e-24,436939062567787e-22,0.019762425664261393,0.3660972120079028,15276186602461578e-25,3648953465514349e-21,1601348211892176e-23,9920955000278828e-24,0.011759652606045695,0.6023769829440864
26092312154447005e-23,0.09462885996375628,0.006935731984390959,0.08923862832540672,0.006606884086722079,2937638618846282e-22,33646358027060384e-23,1912177135231709e-21,0.028369399255273216,24568972122920525e-22,0.7742152361595495
25958214734520696e-24,1789652324630767e-22,12079962096865e-20,3973557292094217e-22,5096770647383677e-23,29801409117485632e-24,13154305980626266e-23,2201622811936943e-22,4932465466888055e-21,8989988147385741e-23,0.9999938220813975
17009066948274102e-24,0.038108453355374806,0.32055402243237996,3815176857501588e-22,0.33987678490800766,10496518002537981e-23,6839593985855531e-22,478670769327199e-21,0.016886678704039607,17584248481090372e-22,0.28457063605326177
7760036273123633e-25,10802199854184473e-24,0.085510384046847,0.001118901091660976,0.3419453780414756,4667029577442991e-24,7693759352669409e-24,12300913752815144e-24,0.0006919182370691971,15518255845123304e-24,0.5707333668247471
33856284301194255e-24,12245959158412067e-21,0.00040998644513869694,0.029044628095184,0.4068940756661773,1840476177539903e-22,23853120048016563e-23,12159386429089814e-22,0.002197511874359618,0.08127748368913587,0.4801623966927346
13353787423216753e-24,12786074832732275e-24,10664972923634743e-24,2117329521432622e-22,12010074009953448e-24,10299543678524493e-24,879393390936879e-23,18380551426707217e-24,0.00148197235082684,12764046923494958e-24,0.9985177168632355
199430856290852e-23,631315917044699e-24,11555761774087324e-25,20457367774349993e-23,3122166436878908e-24,17180097768398253e-25,7806204670455598e-25,10019819853546748e-24,0.003135726365846476,1839480656492186e-24,0.9968640477991779
7159089300632583e-23,3828788880947532e-23,15264622210508522e-24,33246430738793686e-23,1125353765974138e-23,10962076105099308e-23,21584428178559397e-23,401179010001841e-21,1179339359148437e-20,4212812182654855e-23,0.9999869689729851
0.0004530203367476021,0.029262535479238724,65540430974493885e-22,372271235209486e-19,2736474231975058e-20,14259221860366155e-22,9791453953913753e-22,18372712398872057e-22,0.004426878371754834,0.04086138256313051,0.9249207950013689
437816311556553e-22,3294142476554886e-23,1327644962477857e-22,0.026581927358705168,6189711534807465e-23,1544320945779526e-21,37969814207258244e-24,7207164625825058e-23,0.009054537670642428,712357368735098e-22,0.9643615379878417
15783258480343196e-23,1060242474068548e-23,27224526603426015e-24,6495958475195069e-23,4439254077666568e-23,0.0005282854014017811,4735388754867478e-23,478365427179485e-22,0.0002624164960000608,3299717943612157e-23,0.9992088649033267
507664360049452e-23,7664309819692664e-23,4540454576128184e-21,5352983900101501e-21,0.830744896376554,2022888895448138e-23,7033061064726828e-23,9746992826286449e-23,3463090581970114e-23,0.16924458268104287,3231249508205136e-22
1097048779749284e-24,0.07290273617704462,0.05014057976415267,14669039503304509e-24,0.6877055713650503,25110970260733645e-25,5942303247693453e-24,76558168613609e-22,17939478811842028e-21,0.18923300317766828,13817219215181767e-23
12286070640465048e-25,45123868076732475e-24,5425702168791085e-22,0.02842857313545933,0.7454245651839683,6626712123011059e-24,11081925142710558e-24,3334323518849044e-23,27358817095782855e-24,0.14081639397893767,0.08532980036832719
9334391129000615e-24,7593982342185187e-24,6069034064728634e-24,10807542715029933e-22,17501942481978206e-25,33263178718942304e-24,3480060599606759e-23,2020962632794936e-22,0.0036516177984448964,7504487160863505e-23,0.9963469314947622
10868998992475501e-24,5181562829836221e-22,0.10841874551131028,0.08155430346016906,0.1747813322625309,9203315390702534e-23,7898800137999719e-23,3247625795036726e-22,0.02949362968612225,8229827667484569e-23,0.6057508819725819
11461220933464656e-24,10228701042313023e-23,0.05317747164243482,0.1078271655496862,0.14647750727629522,12736918102829614e-23,16998738642563186e-21,13265902489676064e-23,0.03159693934440467,17717933189174474e-21,0.660885825738914
16009440049098506e-25,28820230647076455e-23,0.00010920362724879153,0.17130266962904753,0.4193821376954774,47417614302190344e-23,6686959135992088e-22,2791027051092507e-22,0.028812859919864018,2229980232042178e-21,0.3803891873701166
2433380561683252e-22,31476328845157334e-24,23252637011663945e-23,5895907550831548e-22,9657986844103267e-24,19817438067187997e-23,17389461949774134e-23,1354492746166902e-22,5049974077187317e-20,2593924448973591e-23,0.9999478602122118
1853430489076382e-24,6696042351312634e-21,10726200735381515e-21,0.1512941688759837,0.8486571828821277,43869656586844495e-24,373130471008134e-21,21981373083304042e-23,28527335720213002e-21,16497810894509825e-22,41021538497834403e-23
27027345858911633e-26,12538893185890102e-25,15152671488469423e-25,3227258530613853e-24,42847079622877783e-26,13227210297165628e-23,4505876418656464e-23,7257905762210218e-23,1192034064975943e-24,13518843180516078e-25,0.9999997408509973
651505113648753e-22,7616105014277889e-21,0.10294673604715983,0.014311892945058318,0.006934235368183095,5416687500031465e-22,14236734494116285e-22,2730539902427615e-21,0.017275843246002235,7920127722966889e-22,0.8585181232432494
0.0001021497901811734,3391721303917726e-23,0.03185265681699936,3502660554064698e-24,0.11057763863494617,6213277719444586e-25,0.028837117654335314,2668417894096743e-24,8133654963639712e-24,0.035822968490641705,0.792807419769622
8911603441364616e-23,7920162846378781e-22,13576208806483233e-21,5271310082223166e-20,0.17988010379581165,36263030677127364e-22,0.006414261304874045,5153343370446208e-21,25454487981896567e-21,0.00011200095072051827,0.8134922293722261
52995001475551543e-24,10062878762889842e-24,0.0003147486135976329,13692242057551307e-23,0.1207580872754555,7377490413671118e-23,0.06853987193273643,21227442009813324e-24,0.0018049404141238646,13840470128044773e-21,0.8085682163113108
9552089478436605e-24,1429243328142622e-22,523114145926483e-21,0.0258214501588074,0.6568798572004401,33908614377712894e-24,8477542819638706e-23,11358462646147624e-23,698247487040336e-22,0.13165596201574004,0.18564175294102633
19820844868004933e-25,0.025414053518027224,0.2852552685199201,20738416586374834e-24,0.23735373012119515,42364223403890584e-25,0.05833437931952238,11523586082170386e-24,0.020376146765817896,1283310468279335e-22,0.37326625494397037
2139855356848037e-24,30702851171699006e-22,4404451818322164e-23,0.0034718716659786998,0.5211805813997922,14493937991716518e-24,4905033621210471e-23,6171616483317407e-23,30276306653572075e-24,0.0015907663651089903,0.4737535085628633
4057865006104178e-24,1911333587454266e-21,0.19432528926195575,17780998927672645e-23,0.7023596498575825,9280167194199202e-24,13823926313306489e-21,5580531618220671e-23,5797268725800522e-23,0.10329887929257331,14140210145671586e-23
1973268434723262e-23,0.0002255532320729059,0.09288586851088139,45902813730792704e-24,0.2812889195914543,5372475189522204e-23,7896161714140241e-23,10094031305870762e-23,14165563467969451e-21,0.061980335076863555,0.5636048587630691
12635710547982951e-24,0.1398632178102307,0.5587827505939154,39397707737205215e-23,0.2565939478098619,1006709236230044e-22,29968746826002104e-23,1232860550338615e-22,0.044751950505276174,28135527298558544e-23,6921668297776937e-21
35249608054817334e-25,25202988427533025e-24,0.05976582376186728,22557192981210484e-23,0.7221714007246902,6432834107221582e-24,1599446107209146e-23,2326236462563824e-23,3845406357771231e-23,0.2180610128532707,14242152490417134e-22
13421257070880489e-24,42905568250195025e-24,0.2570528640707401,4343822522867448e-23,7368344661737601e-22,10896587545779676e-24,33042008847107766e-24,25656508728492356e-23,0.032507081215451435,6777638887636053e-23,0.7104388498342186
5213072272923417e-24,11668378482798627e-23,0.198194444193381,570050164218446e-20,0.7507681288588445,3974405412581229e-23,16762414688465055e-23,9380362378881909e-23,7803830069178446e-23,0.039869220345802314,0.011162004992778054
10746419645133526e-26,0.19120903751369508,0.316465850216916,11159688132019532e-23,0.17502899521847687,37688044650775904e-26,4973475887547675e-24,19659168835495357e-25,0.03760146144694281,11511929639894794e-23,0.27969442146428347
6372819551434693e-25,0.1066265598622284,0.19284356087777163,8082618715842349e-23,0.29107585104150474,2150254709882098e-24,8674555973697752e-20,8466293353748456e-24,0.015377176144650785,5385597582552815e-23,0.39398996057817154
6826487013246835e-24,139989359016508e-21,0.07746363506498136,0.012106108583073002,0.603289038025569,14550819767833144e-24,59409295728219647e-24,86481537341155e-21,28933994621968624e-21,0.12051609130638999,0.18659588576706831
7631381505323713e-24,733726552304859e-21,0.5024487492342969,29754610239826585e-24,0.001370327038907178,3270851708202921e-23,24229415138085847e-24,5249716833800916e-23,0.06428382835453754,15859003435292886e-24,0.43189619896565973
0.0003062691789219492,0.0008153091666650036,0.011036034668130697,5605733116929674e-22,12940435977222797e-22,2405467035156603e-21,0.058994641921822834,0.0001493530418960004,0.016458045748580792,3164784603373811e-22,0.9122357697115777
13771807443258364e-24,9569892244485397e-24,1825822165031304e-22,891391535339989e-19,29608075446235873e-24,29645906454441623e-24,2026336034143054e-21,0.03148533187417423,0.006131118437148588,5526056991488508e-23,0.9622920637606411
2980014915205974e-22,2130255242086698e-21,0.6406982534684565,3399461233131943e-23,21607453607061728e-21,3131280845360171e-23,4797550190146753e-22,36518541881044e-20,0.07971636706642297,20950782968565304e-24,0.27956041255610414
18579220480704142e-24,0.08657658128397584,0.032164566898054095,306308546276072e-21,15161237312778016e-21,12448873963648867e-23,626907604011908e-22,0.0009252944343009846,0.013632733649209399,2523790968714962e-23,0.8666851251919719
4053047268857285e-24,0.05273471566925346,0.37940533702758583,19833921398173062e-22,0.290745155094131,4979904079021974e-23,14807379445635485e-22,12614157582271218e-23,0.053842844529324946,57238721633284416e-24,0.2232682463172244
4800502824894577e-23,2275808139175087e-21,0.12630522885570236,9881014506620999e-24,287216307404668e-20,1685947331176493e-23,11152185876908643e-23,2574743952442632e-22,0.01275688978816591,6356384070879614e-23,0.8609322260793072
10310912585283042e-24,17461106047186012e-23,0.5158178251404996,6584112500054037e-23,0.4335086222653218,3062725655604587e-23,6636351659993132e-23,54447080785900684e-24,0.050215912797841135,46755799953587294e-24,0.00045719084078285665
9492924882786241e-24,8482922572987246e-23,0.0378795728833705,3195129408172693e-23,11278946355448514e-23,17802405200354406e-22,26962908639451976e-23,4772796505196923e-21,13076314990575664e-21,5271736189416389e-23,0.9621002363552573
17180926958098445e-25,14049377768772834e-24,26473616704845125e-21,7418930893279706e-22,0.5133771054136888,7302835589183922e-24,0.028995822498868735,16027107084819186e-24,4671845439310204e-22,10141400360947077e-23,0.4575992488816984
4880533248496221e-23,11211163191805582e-23,24386624803787706e-23,19571864556278794e-22,11610751753119045e-23,12006402959720766e-23,29170024036373417e-21,37911774681561253e-22,5366589886505056e-21,11267435985393606e-22,0.9999579473237955
0.00022150662973756876,1119606089250525e-22,0.11390518201765522,0.00019262035058400552,30638043378126978e-22,14096856990555935e-23,2065052925287821e-22,17382780938205708e-23,0.0003589059982687759,20771934144656032e-23,0.8853178802177943
9408805386932203e-24,0.22782663437147735,5879931528211843e-23,0.024344481858518275,9743328236039403e-23,27760475006199124e-24,4346680900294563e-23,3514409100321486e-23,0.021062566363150237,5648194512612305e-23,0.726765988911958
11321709844616716e-22,23510257823025184e-23,3443445920751456e-22,15180028622693287e-22,4109742785308627e-22,3833569326718679e-21,6598629858120294e-22,277748213305824e-20,5088729556475415e-21,33897438485635867e-23,0.9999836607863175
23078749134044984e-22,21114988723637767e-23,24681368547054253e-22,0.004025729395362631,1336820022455611e-21,0.013446637508778551,5096536906086498e-21,8837237286581677e-22,1090465031013097e-20,7424412767543041e-22,0.9825036817619593
596782974361347e-22,4034105309060331e-24,27020778152603682e-24,5222565736892807e-24,0.12902813171138058,18982445564407597e-24,10278999788708757e-23,3515901711450783e-23,9685365413080951e-23,3097289562432545e-22,0.8709712088188021
6192581357224247e-23,2148945550274211e-23,3492770165008665e-23,14780155784663074e-23,3439117058672023e-23,22842700231266982e-21,25669079133512495e-24,51996736910994636e-24,5010794454055501e-23,2517172363747044e-23,0.9999767038185854
13946648467289237e-24,17767937258592926e-25,0.04405040609438283,0.025903603812365283,252550282422579e-23,13875952855892273e-25,2740251963905912e-24,4590248092961141e-24,1069915581157412e-22,9789327738850777e-25,0.9300458551557204
