3202052843635977e-25,10480672604354634e-24,3036167110930848e-23,0.015167879100033962,0.21809205749005098,578596314012133e-23,0.01606833612263047,9935156973308155e-24,3926877292717277e-24,14416480421118896e-24,0.7506716520603254
15580226730397126e-26,2934042519769048e-24,0.06193698075022269,1100491094426924e-22,0.16952404544905794,1899695753815002e-24,15021246003563864e-23,51810608981453285e-25,2570454860839328e-24,26219259872033487e-25,0.7685386981761992
1139103581127071e-20,6718670246595606e-23,13348293147291892e-23,17272442957223095e-23,15245169922843657e-23,13551266763903904e-23,6706630489909044e-23,0.00954293339733784,36304458413881517e-22,8236591345178404e-23,0.990441234330358
3108320278059437e-22,5630469190583247e-23,5984717274806991e-23,0.0008373906475673365,5059795065328912e-23,0.0031403983663873918,550387125593465e-22,3731460737954281e-21,0.000659771295730455,3169604974721991e-23,0.9953581439129713
7913836711072977e-25,0.01663731756430496,4115456077137273e-24,19047756391657705e-23,35280373707455323e-25,34344224839776044e-25,7119818461093345e-25,10593160509330353e-23,0.0022239734005944194,5782645483295363e-25,0.9811383994663831
18190571326040067e-25,0.018849363374971277,6083723228868818e-23,0.014067881678568303,3572612824056609e-23,0.008615355995849254,9633144475680653e-23,23950704805033847e-23,0.0060402468348159395,11341897522202211e-24,0.9524267065529872
11489969903099317e-23,13998839426517687e-24,19998260717956622e-24,0.005418362560651946,1699851811761119e-23,0.026834633126878296,59415031712158766e-25,29241604050266546e-24,0.0013815367377570935,6378428264219696e-24,0.9663652601178594
8633955129761092e-24,26974651940307193e-25,3431247726117153e-24,12730622694203867e-21,3991697745116533e-24,0.007657073102793491,3755357337404868e-24,20358426764071525e-23,0.0001528743995098842,4505390248703193e-24,0.9921770912756215
7483121777724354e-25,1028738522126344e-23,13626882806898371e-24,0.01785181129673741,0.18786435674135019,2292629839325021e-23,0.001816898940108037,40455690917364914e-24,80863400973561e-22,58293305044136e-21,0.7924667785974676
0.0001506451611419677,10792935500191401e-23,22734861663383104e-23,20497649767321535e-23,0.030427761376748387,40807141767438003e-23,10314724566021949e-23,19629257890187081e-23,37744831669086554e-21,0.021945604218214763,0.947436996646624
29398991692331876e-23,11686553066739483e-24,17789889447521517e-24,30690436363575183e-23,0.03831519069894628,5909874655056783e-22,1923499485325298e-23,5583973085458352e-22,5395470968090697e-21,0.013067701833398476,0.9486099130223519
26325667481443578e-24,5336995074769563e-22,7773194068694281e-23,0.005187769334440133,0.062428905611717066,0.009737211828482317,1229928091533968e-21,4025056513781479e-23,0.0012649351037180906,0.02435390460609397,0.8970253655797752
4995391825518717e-23,10108944572377067e-22,0.31022909501592066,12003498859019374e-22,0.2547999173923721,30766341801633217e-23,47233806937564687e-23,22697155787230646e-23,0.020796048808599664,4730917751768123e-23,0.41417162330395674
8877777438328082e-25,0.02238614498708458,0.12611194563426945,21543281575704058e-24,0.02369804940692142,3670568478778043e-24,7875903300250524e-24,6535131744308521e-24,0.016214214803350065,859073056339703e-23,0.8115895960649074
5951012534886048e-24,3904957430656019e-21,0.13689678758366752,6567510319226757e-22,0.085846427047836,6453555453615761e-22,10824709188077882e-22,8486323325831616e-22,0.011137714516635002,12563562698073728e-23,0.7661118010986391
5326722757513452e-24,4510140868839895e-23,0.10332875390203801,4518466165416286e-22,0.1595840844393604,7264628591619406e-23,12859262830042042e-24,5424231399793601e-23,0.0025627598524315806,6516328846731194e-24,0.7345237532671895
7743714352475863e-26,23185017564325617e-25,0.1069216417704517,13826700910984078e-23,0.2752579463459001,1219610659896332e-24,20737261146524818e-25,24419738850635066e-25,23849872987722212e-25,29622445444938835e-25,0.6178202601381506
2451790978652498e-23,13643511542361778e-23,0.0342257063970257,0.0002658507548321473,0.01451359390737407,0.022141020315605848,8711417388183401e-22,19851144208695587e-21,0.004861498982072357,11797575712544446e-21,0.9239596526470131
14842924313932339e-24,367988624389075e-23,7082992496055246e-24,6862102975939343e-23,0.01631045132054386,27760313115935407e-21,9608845017016452e-24,0.004293782047219713,10164558888240229e-23,0.0013065429253244214,0.9780612579125292
30808690327726617e-23,2333966753827965e-22,6203171958297758e-23,9222427780193143e-22,12182642365594097e-21,22398552671056074e-21,1224649721048104e-20,0.010813921351638337,0.00047058901685287076,47001716851100234e-23,0.9886666661640167
8316720477600703e-26,19264722843582563e-25,0.19154576569417697,9679510506658932e-21,0.24185594760915122,7436656326619437e-25,14163060790128637e-25,3957496042468564e-25,0.0108587237633549,12119174253668845e-25,0.5557298776456011
21388544267266285e-24,36727003808526915e-21,0.10871229655738944,3517419678402078e-23,278238132977692e-22,0.010234384408309689,12067017052864233e-24,10538732611018274e-24,0.015344746355350488,5650397570553193e-24,0.865671733032436
8104700252158773e-24,14373364457453463e-23,48914509422653854e-24,0.028101321764302963,5533281303739147e-23,0.042062696866155255,11237801945379268e-23,22247049138920125e-22,0.008105586122439891,2719162636763611e-23,0.9217277748868984
8318534002797877e-22,33710804814371364e-24,3620162219375024e-23,10670855297890839e-21,11514874354451795e-23,16802907418333703e-23,0.007078597265711117,27270717006122635e-21,0.0025795419309138992,4221023112173226e-21,0.9902985132643136
2197388504676616e-23,10835343019187802e-24,8946751089259211e-24,22026127431568108e-23,1966404375642179e-23,14626691369194621e-23,24695254720122205e-24,0.0016346838047925582,9311132626108893e-21,5390127586547025e-23,0.9983554985178397
2453773238124626e-24,356272450900563e-22,5306046482130614e-23,0.00776737508148857,0.08051469500906089,937900653326636e-19,536743415281303e-21,9997166091924318e-22,16723103072262432e-24,0.0003611151164353395,0.9112613804030705
5929644191037223e-26,20632065816598967e-25,0.23442213903260548,73650645802456606e-25,0.43533042744108247,17595708591305224e-25,32561712288636944e-25,1985295526163353e-24,1839258689859458e-22,3304639844427596e-24,0.33024722980747817
7150315205918405e-22,1611042523011649e-22,28791691382697147e-23,0.007386203202097422,13507415526431381e-23,0.018048594856011894,52807102761928074e-21,3622053070988e-19,0.004362254324713644,0.0070596817409897174,0.9630887974412763
1565077769946972e-21,18385316944264174e-24,17935903155179217e-24,57809779962629153e-24,23574020358241346e-23,10820965749562102e-22,3521696679990491e-23,0.01156181603206316,15177226274306184e-21,3072324639552195e-23,0.9884199637559006
5269010670572263e-25,7644207090592498e-24,0.041572834562409594,5017954227122384e-23,0.16181756256453014,5571552176926291e-24,0.03331802950213242,6409579046529238e-24,0.00102098568998527,7551142651061656e-24,0.7622705097980237
449036555183541e-23,7855172982832023e-22,0.26440593638105,13796271363564379e-22,0.33564342722626717,5460281247653657e-22,6627117942409409e-22,5293162482083199e-22,0.0061905290040196554,13077485556271579e-23,0.3937560741917186
15639003570855667e-26,9480243720374083e-25,9732021116192488e-22,16031768874667794e-24,0.08668827227346666,4627311652274869e-25,0.03215896260163845,2779063264605011e-24,5164441565662825e-22,1162054709723612e-23,0.8811512434801023
11346944800049295e-23,4497641939762639e-21,0.1649908798134354,21233570752792743e-21,0.035258429341218304,19687423365250195e-21,12944921173431239e-22,2737338403958646e-23,0.021301267525462908,364898310169369e-22,0.7784025328590534
11700520416234967e-24,25284035503093226e-23,0.33705832386469586,20403728953550284e-23,0.2520245160107618,6102988038788741e-23,8791191368699491e-23,5656750078720941e-23,0.029521045820217633,11249553056884982e-23,0.3813953277269182
107580559794799e-24,0.017135100277623102,0.026197305158252082,15665670103289206e-24,0.13041196858957113,4033858089084238e-24,11028503358183905e-24,11642853935646718e-24,5678999812168429e-23,464611074651879e-22,0.8262554802449882
4778688813625874e-25,0.005776398983384507,0.1384245017886325,2986593618160494e-23,0.119406680384025,3978905972000928e-23,27266404721514433e-23,4502330697035379e-23,0.015563085142280808,0.019657680654054148,0.7011712654394416
1221299007182688e-23,5782059614897898e-24,0.4352489512606473,5523408431496951e-22,0.38611492889013976,15028111811941934e-24,11820549657913296e-24,19657644814936416e-24,0.04269981317164907,7506951463266085e-24,0.13593568232922515
3705815215195486e-23,17721775231634626e-23,0.33149595852812785,18081885803300588e-21,0.14465012707959238,9291273941474813e-22,3167549312608609e-22,35024625917976393e-23,0.04150431480314556,10346173836917026e-23,0.48232960383710705
0.0003885955569809465,1738246311894762e-23,0.26966941747316076,21593025998149275e-24,6499701297817541e-21,1534834497437812e-23,7934693364810337e-24,19565728902084183e-25,0.03946462167985035,5012683112461724e-25,0.6904708008720304
0.00026805323282176347,3484354567270971e-23,0.22210549839685217,3966046468199939e-23,0.0005129170364882116,27776790803023925e-24,9010381903971672e-24,13851584701111839e-24,0.03374511685254162,5816774043788605e-24,0.7433682835217768
12164507661038132e-25,0.015799032130299893,0.24635516332288104,869974392341215e-22,0.10969570348547948,5061706176144804e-24,11677505949683452e-24,8885251942022875e-25,0.03906742128769668,2505142179534874e-24,0.5890825714268793
7617478225229718e-24,770832236530778e-22,0.22246125762615718,26197550807464845e-21,0.13805581541955006,3954314067111576e-23,15198630736872517e-23,5382140152186659e-23,0.03169418087697487,2849886981935807e-23,0.6077621899761005
19474820169006912e-24,27087801195554095e-22,0.1942135616882727,4358263865894617e-21,0.18620723219406957,21975571176182393e-23,19393003552856694e-23,22109056851007898e-23,0.02490131498196842,24017425917778094e-24,0.5946701458252823
18232367124430816e-24,6961803473947887e-22,0.1707143160711104,14151397976679207e-22,0.31443110975882504,5465574522010528e-22,4956313777396967e-22,12469511894122822e-23,0.017209144641395682,5260594841208842e-23,0.4976420804863181
2983671692789207e-25,308077106709294e-23,16941452016321813e-25,7642436733419283e-24,0.09869930795885684,0.0017219699418363796,2049152886062087e-22,3426228832020157e-23,0.0006355597310740684,0.014012155683428456,0.8849307547915077
2566280498335242e-24,15952518354427796e-23,0.08406672964166223,3994727863711847e-20,0.5013748724496757,5409085591036135e-23,33816856429608216e-23,7552832310638087e-23,2538539474680298e-22,2906166087753428e-22,0.4145172762805798
109822473575758e-23,3608153807224271e-23,42348819009074856e-23,4217766739427571e-20,0.3451556886572714,23054185275863542e-24,0.035628049806692784,28622768083645387e-24,7623697556783025e-22,4594374261788292e-22,0.6191723497165427
35997583494009433e-26,29759752294884062e-24,15910265280134624e-24,1811220954115864e-21,0.2524321721309357,37774792624592056e-24,0.004071179591351537,12033111850999086e-23,17264342091243618e-24,6604748550292398e-23,0.7434945496202975
276956159269715e-24,1529130477463481e-23,13409193717866592e-23,0.00666327545354726,0.21794873638154302,8240353805021923e-24,29768645809181152e-24,5915171384870564e-24,41818351904251397e-23,0.022425150327005355,0.7529622260700233
5820637428936172e-27,18528979010649742e-26,0.17977265359771155,9115497728231917e-23,0.5221739038115143,10867958418265394e-26,4274909258884309e-25,3749955978169251e-25,0.012321211652443521,4985859447765393e-25,0.2857321384337686
6247491030154868e-23,0.0001285654099572761,0.17700302090557452,59390441816408646e-24,0.028242106707163993,2071978866352383e-23,54545197310685666e-24,13639263295291708e-24,0.0292365185485956,56079053849560125e-25,0.7653895720511953
42509508143939886e-25,2832167076807881e-24,3814705826875416e-24,2780341132860184e-20,3157632366514805e-24,7248266588705023e-24,3873422181854235e-24,0.011173852931173333,0.002915692759568837,37236462723389435e-25,0.9858826219971436
27557508698057447e-23,6370123943381519e-23,0.051677721240636076,7938487189683321e-20,7091206021821872e-23,0.014278402442008445,7722667195670177e-22,0.00022739494387904622,0.010952812493780979,750429242306983e-22,0.9227830265097682
2441364643026642e-25,5453985468521838e-25,0.08676293648898731,0.004983553544327576,24371791093504957e-25,0.03114130451890017,5026311299735391e-25,8356104450554512e-24,0.018150118240569935,4633362559050416e-25,0.8589620746584288
11945556495936756e-25,10660672777994132e-22,0.04837661390980641,0.014138889817289068,9029828936961029e-23,0.033067709777364424,13890761856320317e-23,0.004197793331458978,0.013626304178127588,29355482398071196e-25,0.8865913895826637
4519168512020395e-25,11454999342316258e-25,12288061587419566e-25,1343461138028496e-22,16294673744833915e-25,0.0002353361310529602,12140545196588598e-25,0.031241352890550064,0.003673715134116578,12059880524424638e-25,0.964849454622432
1636108169007131e-24,4679248454536658e-24,557866691802522e-23,3174769090674881e-23,5203878704386093e-23,20504296696625024e-23,17656889224974126e-24,0.03509015516921235,0.003100281486179289,17332635084066048e-24,0.9618092276316154
1341044423473774e-25,233247610187707e-19,6719058493815278e-20,38793829480648413e-23,0.16596167177384646,2680276370903952e-24,0.009748635671054544,6026269900004509e-24,0.003508181374561215,14998871688817273e-22,0.8206890991684721
4887138242754435e-23,18508115170194982e-25,824659191396772e-24,18528062378244357e-23,4084832454210284e-23,10805358123565297e-24,5790056631194238e-23,0.01310652220115201,0.0008983769887924241,25432859581223505e-25,0.9859947518850438
116931781696586e-21,4819980898945181e-24,4823017776685245e-24,33761888746261833e-24,908577794827299e-23,11466400926044752e-23,11294458206041256e-24,0.013579078221006263,0.0012902182476860814,5481202682702771e-24,0.9851304026691915
1136984415382721e-24,26513729106908917e-24,12005798963128676e-24,0.00415958047126842,0.01980222491361881,0.021803155297292317,0.009039587118867895,10087933660836998e-22,0.00557635495739416,3298350404326181e-24,0.9396180454933294
5459822750069923e-25,4905131686510364e-23,24270374479894546e-23,10917711363067766e-21,0.1604825520730715,14251228434001088e-23,0.022930438853195373,27476272730882768e-24,0.004793229242553878,65725406979741945e-25,0.8117823932577214
23649387100727335e-24,28128081603501275e-24,4011792054670089e-23,0.0002180206113461241,2912309521617676e-23,1099778558008069e-22,1977339902593632e-21,0.005424061080870604,0.0015408706227045084,3155876650258432e-23,0.9928148077900694
282417350210445e-21,4606171331188335e-21,5226006765776674e-22,5010097382012618e-21,8940573002469162e-23,7233208535044603e-22,25743138122604175e-22,0.00019867086090061443,0.0009094889803269624,4976537889468024e-22,0.9988775341778475
5094752599787442e-24,0.019973810441342305,44903570115641615e-24,5432627765839779e-20,0.050407218057479865,47302000999748656e-24,0.0002248874816868052,19709640473748985e-23,0.0029317975928758507,19625869200937973e-23,0.9264074694935375
4575312327470276e-25,7453972794816687e-24,8375830553678235e-23,131119846620599e-19,0.2614328304020113,1639862787619646e-23,11438608441922714e-23,10459155771081522e-23,0.0003356651770340315,0.008331893147595177,0.7298861722426148
6628295963681028e-22,16277924450984696e-23,0.07138144711527647,40733178814482147e-23,2850327876107483e-24,0.006020650204860825,15978068172410197e-22,12411003479069287e-22,0.012467082450310423,1025630139246188e-24,0.9101267445057977
787176758409712e-23,22562923768836877e-25,17468118711419319e-25,13625012594663989e-24,20108604487507753e-25,319339579075687e-23,38312138579012615e-25,0.005758975026516255,0.0001394600425121852,18360056153878548e-25,0.9941015285596115
5507478022371688e-27,25475094609471207e-25,1065955813003578e-22,0.009942835916902173,0.47646709596384806,29838556323316934e-26,0.008356900445309167,8832726822069294e-25,0.0019632566070092567,0.0004118614074398761,0.5028579393295344
500778894121184e-25,63319328361727655e-25,0.010673235607319696,9691888422178068e-22,0.5170979282498072,8647994262838496e-25,25215071998063498e-24,26939620536726185e-25,13423640166344929e-24,5794532306124227e-23,0.4722277606376709
31436868289302664e-24,188880444118188e-21,13992890547920408e-23,0.0013878334564286108,28238454284580314e-23,0.01730047876690726,0.02288525835491719,0.0006057368221967945,0.007918820894793809,15051785429651547e-23,0.9499010785562082
13885063373454563e-27,6018788730878612e-25,13199276512118615e-25,5710047016578779e-22,0.5554511914714698,18248922537859934e-26,8059165883760054e-25,6103727199376549e-25,24959633898007066e-23,0.021507816200491595,0.42304016819737006
591008292092221e-23,4505704800335816e-23,0.08168928610762854,173623240326057e-21,0.20118212518256218,10837833430892082e-23,27431144627019576e-23,12155619440505576e-23,0.011251743977375387,3602509731256926e-22,0.7058757619627872
36078623636180795e-25,462183728954556e-21,39478240007162565e-24,10076527783274092e-21,47636319699226025e-24,0.028937641754116956,1545664528348391e-22,0.00964340936589651,0.002248798379141161,5394579808812905e-23,0.9591593125546639
0.0005959230007986109,8724424778775407e-23,11414245268917707e-23,74436489164446145e-25,27221476427739683e-24,38397756755368775e-25,0.010360302017074954,6420738200350846e-23,0.00417790638090393,0.021539821430080333,0.9633257430721586
6559851226887055e-24,16075194683343656e-23,2079652497572661e-22,15879405151903022e-23,0.14563114070284225,0.00044332377740032567,14351762500302927e-23,13686679291634936e-22,0.0004895316413412022,16722561812700521e-22,0.8534322853655767
3680913595049211e-20,7905821244987767e-24,0.0758563566229398,35925205022971493e-23,4751991480550292e-23,0.009516353272585857,37460783684935533e-23,3934420693299133e-21,0.012702867901968833,9805926215196342e-24,0.9018828795543129
29196847443829774e-25,7748731048615924e-23,0.084382685865029,3493522794216943e-23,0.1355298458355386,2863891575444439e-24,6392551597621061e-24,779589510947688e-23,0.012174542010299667,9839078572910088e-24,0.7679127840554782
2684709563998857e-22,9019474262154684e-21,0.06283234473843685,0.0006946616689689545,0.15802919497806658,11204438112067075e-23,6428490889300034e-21,9489722138064919e-22,0.00901696345379713,8498652110851035e-21,0.7694015590559167
23896455003194585e-25,17858027019793193e-24,0.00321098737951153,12376443135650548e-22,0.26453161473880327,1336770869563366e-23,3770507788434747e-23,5131884169479433e-23,33209721119498723e-22,0.013772443947426757,0.7184802726785261
8763908109477343e-21,23105611439166046e-23,23877906475776713e-23,25418274227468867e-23,0.011692132560651266,7115966951639305e-23,0.019233188636665927,12605078999905762e-23,0.006430100810134074,0.0014345679039831879,0.9612003249520772
552907046510935e-24,15983781910490928e-24,5160934059882949e-23,18552952511329618e-23,0.1181576305887184,11154343749450485e-24,4385945094013852e-21,1761857745950224e-22,0.00037799239270678014,13359303784874648e-21,0.8814461907540261
4885863612284146e-24,15680977453024052e-23,30948018487963807e-23,4241623244147035e-21,0.11744004307207145,21864654465590195e-24,0.014769698990856244,39952551211205944e-23,0.0007730757724157877,8284496498108744e-22,0.8670112195257634
25124600953997813e-26,11789657030259354e-24,0.08738837480549978,3687069091294268e-20,0.16744549046175655,12029897138151371e-24,8663139728981202e-24,2325315809272191e-23,0.005280607128781306,5371452379058848e-22,0.7398480637807016
12729207178995337e-25,0.02456090689532604,8176351807434219e-24,10876209646255226e-22,10050996171546857e-24,37703044535383886e-22,7229315289070159e-24,16057832894468698e-22,0.00421605799516767,14063362925948277e-21,0.9712024813082896
15708321545246381e-25,2807589581397792e-23,0.022996573638954985,16087499506198092e-22,0.21148779164053505,4297694941794485e-24,25339167239630157e-24,8128501087302438e-24,0.00047928800088394897,0.030213394553183878,0.7348212760048254
1324387887811063e-23,11214414276880436e-23,0.21920802810336626,3454103082328004e-21,0.1710187381609083,7225696523750798e-22,245358706177678e-21,104173683107986e-20,0.015800757064682164,1519408600187683e-22,0.5939667355742262
4995805607209638e-21,36975951174420387e-21,10932325778439174e-22,3483058413235065e-23,3644254231938772e-22,7312475685168895e-21,0.007669335666397663,7974158441176712e-21,0.003446235638658447,0.01213669750649572,0.9766889803089552
14289268285468787e-25,34815510029484166e-23,0.35632307188543993,13394381043227564e-23,0.03996983620751368,55336667511692866e-24,28212532877284365e-23,4900780582655097e-23,0.031623831073165014,8213567710136697e-22,0.5720815694794862
7740234453906736e-24,59146130754011194e-24,2737021540459389e-23,36271843230387363e-22,0.09221882377802113,56692981093869754e-24,3130254379230544e-23,20593978317210694e-24,0.0016345242459451063,0.03239831270342572,0.8737445092421723
19976808428960314e-25,770022884381423e-22,0.08081401139607929,14474311745160926e-23,0.061960840347146676,9265997421373115e-22,7465838544418808e-22,6528615825351883e-22,0.005979868006872113,0.004564083133632731,0.846678647328005
3610068017370739e-25,11101968138466731e-24,0.5059174975204647,55480052854451045e-24,0.22387069636596132,931576858537778e-23,14020241024687877e-24,12742877714134643e-24,0.03797527613448325,3431230801923019e-23,0.2322363926448615
1893289853837155e-24,1553212797308084e-23,5343696973605667e-22,11108160629185425e-22,0.3713994563203936,605816421565705e-23,49810375615786154e-24,15408650317619703e-24,8242864401777346e-24,0.09832156939280867,0.5302772321555328
4668709558414865e-24,1334454630503177e-23,0.37522616076284326,3530704130305442e-22,0.4870093650460999,1691633478204769e-23,2729537665498929e-23,51997521691990657e-24,0.014452100014522988,19457600311287401e-23,0.12331171230764383
3164172843850568e-25,9181890785472294e-24,0.36314583236351644,5288340773589164e-22,0.2365849204762393,22370824070951747e-24,3497616612436458e-23,6692117145419514e-23,0.020545915359464158,13797502674958438e-23,0.379722531357134
19839328161357906e-26,22904161940045813e-25,40993907400094884e-25,0.010734580429649598,0.3544261085010846,19883346714734426e-25,0.029763007621899852,843630861462679e-23,18271011019760728e-25,0.00227291016941074,0.6028033744378721
6964654905457917e-25,0.014629054874346856,0.08810901755044563,4193821999792828e-24,29177427697741734e-24,0.00019538067761135655,14999325096495107e-24,12842750335706233e-24,0.009157133481466326,6674372056178901e-24,0.8879093448319743
31825168809625963e-27,5581080334195712e-25,0.23915674132896703,8324939851862064e-22,0.5549462239753714,34793091866236294e-26,5086708493820762e-25,6437103060812012e-25,9404972739504932e-23,6071918512660997e-24,0.2058960999897854
18007017245509025e-25,2347683390920982e-23,0.19485061815826052,18496719853895155e-23,0.15306558931564762,58399503398775214e-24,0.004990676448446869,6807552102638747e-23,0.010550325681817022,983202335243836e-21,0.6365414704736703
2378682960849448e-24,24777470934535337e-24,0.3191234449152172,23598421875533578e-23,0.46862331358104564,1647041284682807e-23,2050928130291529e-23,24257680469819247e-24,0.006497826917842935,7219407703761157e-20,0.20568289613118393
3353140732690764e-24,10706579340133597e-24,0.10525123297481427,2332314287272371e-23,0.25097004548350826,13338664823698629e-24,18583548394294477e-24,2292619831187039e-23,3513271356854987e-20,0.053084906438875853,0.5906585901589263
9514876433268565e-25,3195707149325385e-23,0.21744741329622574,26666912611709018e-24,0.17538358121034034,338923008463005e-22,4957785824356502e-23,10411250646238156e-24,0.008879587571481627,0.0019159085234785153,0.5963733559441611
29447100642151934e-26,5310528046084041e-24,0.13486539353340476,6715949199554946e-24,32840586467837093e-22,20107704148051534e-25,5752578743857495e-24,29879627269429134e-25,0.011712996916200903,0.0043803331555605654,0.8490379692639359
0.00014779325216636628,3164760257736647e-20,2760336546794932e-20,15435790740479338e-21,32563646135820134e-22,13314091937764017e-22,0.04228206241975455,24759255774252226e-22,0.007340737336733346,35893972925064823e-22,0.9501440671358826
3490379402069608e-25,2702300441885822e-24,0.15187146997716094,30655442314648514e-24,0.23797900166755676,32379410988667146e-25,4901110032847409e-24,5555670171961976e-24,0.00018458088004150858,0.0051477405762734765,0.6048171594976505
27495193030915625e-24,110897036417105e-22,10195347239775504e-24,12213137442140054e-23,15486741874388047e-24,27378681627641783e-24,0.009490161196132312,26787484706305433e-24,0.00198562883624001,17680763703412713e-24,0.9885239517223374
29339659510541225e-26,29324767499404943e-25,53111613966583235e-24,0.014020833302620878,0.21272787742280247,7124855498619056e-25,1691055906358896e-23,4024559369834093e-24,12964572790489468e-25,0.030831581362917967,0.7424196286301206
22576851327426826e-24,11142797798850445e-24,1334470252267446e-23,0.002145849508977043,10166822022363619e-24,0.013798507780231792,2440967756106529e-23,8375204847419274e-22,0.00014140487672873424,16551129361041698e-24,0.983913302121597
0.00038977385830482256,6503765830711454e-20,2542140414452984e-22,2088543829602454e-22,8233847594331048e-23,4916795345350959e-23,17344627769217812e-23,9568248489412817e-23,0.0005240148757885037,0.01850030581663297,0.9805200040873502
4538167641460351e-23,9574809728706494e-24,18802586696486255e-24,0.00864123127930376,1931655634482492e-23,17258575895068844e-24,29112585236689772e-24,3599893652418635e-23,0.0009128086279099647,6827306453140107e-21,0.9904389573406064
6587093878752524e-23,419714571158379e-22,571662233823181e-22,2498627905343228e-20,8288750979553685e-23,0.0016845295976557165,15486305427780331e-23,3774799043568021e-21,9231364360414812e-20,16562837568307285e-23,0.9981938272930844
0.0016905503906623814,32309186327429124e-24,0.011136657017611901,9068549301609917e-23,10038248989121443e-23,318773755267943e-22,3688974457121094e-23,38766458517912616e-24,38748156081307806e-23,0.06319438742160095,0.9239776867778161
3483871988957986e-23,8978384495919855e-23,8807278710058126e-23,3433814569817135e-21,9733995798435403e-23,10693235401081453e-23,31583882970184275e-23,4906586716231866e-22,18421750099978203e-22,1184039803697439e-22,0.9999933821412746
28226927312630496e-23,5073475192733819e-23,8509624790049669e-23,9766991252825943e-21,18511924435303747e-24,9851294188896573e-20,16143594070476634e-22,11101716650405754e-22,3961325352607077e-22,645119951258661e-21,0.9998875176711024
3889986447346669e-23,25011175578878712e-24,7283642337930858e-23,0.009252093842487664,8209383180452787e-23,18618339015102371e-22,3823881047161348e-23,11405788969821558e-23,0.0016754159787708387,4902791018001615e-23,0.9890702081789344
7561040509195825e-24,0.027543148210667546,1626456458683264e-21,18740806304374822e-23,10045492332109218e-23,25209429358080443e-22,8318607445988044e-23,3842652333489643e-22,22060626049699348e-21,0.0029560209329086763,0.9694738599556448
23278083657607225e-24,30512933792296642e-22,0.1348280483852768,30649748932708436e-23,15759474483969431e-22,21793563743269202e-23,6521005395882445e-22,45243314753050623e-23,0.009375127127811784,1017004167542081e-20,0.8557803749595122
1339611704324263e-25,1592798484562497e-24,13078887314279817e-24,0.011284114397978485,0.19703164880622961,4606708394308735e-25,8990764955682138e-22,4147197145262224e-24,25598672046570366e-24,0.006280462598688502,0.785402830108407
12441510777693999e-25,0.051383534245910946,0.003326406780681389,0.04841235696111708,0.003009507204129294,11859402474729465e-24,9510387786864767e-24,1754989242995104e-23,0.015375299385248758,13311812230117943e-22,0.8784915240778458
3824814442269508e-22,15740729127542463e-22,2341171823563268e-21,5061232245268587e-20,23914101373268356e-22,20132361028387798e-23,1977571424910385e-21,5339551665507991e-21,9321144140004884e-20,274623478126067e-21,0.9998416940296505
1894222011716373e-24,0.021038254812601655,0.17302981653428806,7304160525827731e-23,0.182805244123365,8391268860610255e-24,25364267447453496e-24,25675683534324913e-24,0.009280507369164595,7179667250592568e-23,0.6138459709968893
5404603668511943e-24,5742241306221707e-23,0.04504557774412462,0.0025333841606172856,0.1845862925189219,27821564076797992e-24,44741797373113907e-24,7204446916892755e-23,0.000584447763387516,9497050293174734e-23,0.7672499954075902
27351729889177722e-24,10580745829012316e-22,0.00011123858619040703,0.0157051528318957,0.21914277427997592,11806927026737598e-23,9599279720449534e-23,27660391441013297e-23,0.001277214662481094,0.04410407377975725,0.7196579697674375
4458960966209015e-24,67036169372578e-22,26624051322870524e-24,1917196302953812e-22,311927265894841e-22,1156392614241523e-23,7533301278665871e-24,1591315023639023e-22,0.0010178493196168908,23775906513348914e-24,0.9989816879902645
12284637566317693e-24,4563947385580903e-23,5718981440746198e-23,2287936362344636e-21,31340916304036676e-23,21574754731464024e-24,17731507704321238e-24,30495709713744905e-23,0.001701529337685903,718462465315455e-22,0.998295338093257
2834934482675835e-22,41581342319793825e-24,28985884525938793e-24,36782087472438026e-23,3949638978882604e-23,7135146302494605e-23,12500466208975568e-23,4489800822368709e-22,19057470634422442e-21,37557750265997374e-24,0.9999794982574686
0.0002233256821660025,0.015850174312393682,7142786943534237e-23,9356579565452416e-22,4056411706424347e-22,17961197250290862e-24,12028999259185628e-24,24651176980895576e-24,0.0024020183948722106,0.02162415385411474,0.9598988603880834
1589706847322956e-23,41340030283184265e-24,41430287348138777e-24,0.01725238114076586,29066873236847135e-24,342892304930943e-20,16244017821080935e-24,7713728955904691e-23,0.005818216576277973,231698082272518e-22,0.9769257290745322
3335520904989306e-23,10021544502500763e-24,46522913948545294e-24,4288590274614703e-23,6053896607589309e-23,0.0003557097271799026,21501982890254832e-23,11734749704887078e-23,8458576949098068e-20,8038113865120156e-23,0.9995590984303282
13661598157798285e-26,2261979811266611e-24,13277301341030486e-22,0.0041083585243651115,0.5192625400010319,6004365664320535e-25,2878044795257352e-24,4394344868051577e-24,11480630173801119e-25,0.1002602915821918,0.3763674707430176
14823222427009093e-25,0.028797813179416553,0.03856793256011171,16890747755240196e-23,0.41718230128930495,4844668867663257e-24,20536714515508e-21,40465096883511364e-24,9793021333305611e-21,0.1095322999829722,0.4059096237305888
1129403326570506e-23,12470437149622193e-22,443467553778865e-20,0.015294759034043905,0.40141216498870586,37446327319906e-21,6593684604116063e-23,2488026631669054e-22,8066111144000294e-22,0.07579067763659093,0.5074955465304285
39770954979753174e-24,19452048809801954e-22,29373287405058755e-22,2857180747803162e-21,22687957043514406e-22,820631266118089e-21,7599614453749647e-22,22132177672421437e-21,0.002193782206163814,131800443952047e-21,0.9977723249431824
2732511811829783e-24,5475963878359192e-22,0.05981742751322089,0.042743110399307366,0.09489868391916521,36305155846778136e-24,17332014588052232e-23,19539512496182323e-23,0.015477148376027379,38119699740860855e-24,0.7870626368384419
8742053644873572e-25,14346709683772369e-24,0.02757875532413566,0.057825952447236414,0.07929677325200234,2911185590856627e-23,4160968718029245e-20,17303835117246583e-24,0.016951228807736148,6355144532856137e-20,0.8182420673997743
31669713805384175e-25,4466601647769216e-23,4409331611139682e-21,0.09158219432714024,0.22598445647313556,13622802153821275e-24,28178663564145965e-24,9697686730378045e-24,0.015287658912914979,9009253392262017e-23,0.6671410915305469
472643375215845e-22,8884639476830828e-23,199533711183527e-21,18350103647312208e-23,8468821280357023e-23,20520932689171596e-23,10684368344460308e-23,132883084900823e-21,9798139872148603e-21,5089189318370264e-23,0.9999891021984467
5727918882427778e-25,20963970083216592e-24,5583500026752633e-23,0.12543910645375908,0.5686967488286249,6213196975408333e-24,11561179223093004e-24,14874350320553563e-24,0.0033884695237884235,22421526181041317e-24,0.3024755427494427
13947347214273353e-23,3454453333270715e-23,414991869402745e-22,7201332020253738e-23,34117338974715245e-24,2740573345268144e-21,15034303282254215e-23,469112786259873e-21,7272341392253479e-23,28875283336914627e-24,0.999996216724287
2659295521814545e-23,10652189036861027e-23,0.05547770598331368,0.007574665041457681,0.003973071436883361,24228563135225502e-24,4486742346543134e-23,4127494065372825e-23,0.009276765165023007,24245548920230324e-24,0.9236975246420007
6954926129871636e-20,502212153982366e-20,0.01691711080183076,2981558891218434e-22,0.05926177105469414,10673291051498319e-23,0.015510934196322261,5573087585360699e-22,12661117543735387e-22,0.01935431650714197,0.8888790677478597
33210784024715895e-24,17505071213794965e-23,10369552410169374e-22,19923052159766014e-22,0.09791151992553224,37227033340027693e-23,0.0037323788488567403,44885795178224985e-23,24144715576462035e-22,29619345355862332e-21,0.8983200087584557
11484965327963836e-23,8168717366447871e-24,0.00010367394282997022,3876845502820829e-23,0.06452223948548066,20098861137602672e-24,0.03684109997610079,1915176306420605e-23,0.0009820093235965882,598791349350913e-21,0.8975501774431937
3420074688510272e-24,8381358793542104e-23,9975585277271375e-21,0.013308513756779914,0.3531475425832199,69192200014885955e-25,7161789259019687e-23,9353242402674752e-23,34034921374980167e-25,0.07096293293322846,0.5625707724347943
101125019427699e-22,0.013759173183399871,0.15359168519258995,830543639778333e-22,0.12796103466218595,17663444787084204e-24,0.03114897960653955,9041182590028933e-23,0.01084529724234505,21334952794779946e-22,0.6626914953783529
9020297657123478e-25,26589216130430433e-23,3560210612816195e-23,0.002227586496683573,0.2804368935680962,7528507229000386e-24,3832015209556984e-23,4317162053171713e-23,11286673047706013e-24,0.00037061968249547256,0.716964497549465
15552688182437993e-24,72668781257642905e-22,0.12080348331328644,7199883719602755e-22,0.4245625786269453,10967539565270473e-24,19987603362478642e-21,1472793964947338e-22,34526855337167516e-23,0.05919533187022785,0.39541011265151393
39359178969818776e-24,0.00045260628503463384,0.04970207164559812,4269144221687096e-22,0.15101567238260155,1346538588989822e-22,16501613121444108e-23,2378726731280707e-22,8706545816816041e-21,0.03325947348411048,0.7655604658405724
2374537090323803e-25,0.056360747510516944,0.36456164782792233,59797254934852725e-25,0.2185816051061309,984778299690971e-24,4512358911572473e-24,22022567507374617e-25,0.028652782180863617,31831935212862522e-25,0.33184320027485315
5022750601625583e-25,24434887739954543e-25,0.058452230599014825,6020483311166953e-22,0.44312354215742816,6801609875691746e-25,16503680526074592e-25,1914082038475419e-24,6417956372278151e-23,0.12146697854524381,0.37695657528110904
28768289278658063e-24,3940778408605524e-21,0.13644900875513113,7349641759486218e-23,6533365278511187e-21,5796036422402901e-23,4618168074318368e-21,8945989634764765e-21,0.017451420579803284,54442016597881765e-22,0.8460699279369672
7958913194560134e-24,16080150650645494e-23,0.10656206684580281,26397371999407676e-22,0.40364949067814593,49219449451225806e-24,11523216488075355e-22,3250712700077629e-22,5998340506061287e-21,0.021458163700648014,0.46831994532501026
6237719296843139e-24,0.10213644671707182,0.17005137260480302,140528383049133e-19,0.0966493490750692,22795885305816713e-24,12244177171553224e-23,10456153678162426e-23,0.019836617478200848,33917837396283704e-23,0.6113115660712714
1505337982169372e-25,0.05712226787597099,0.10401189860631921,2446038075369541e-21,0.15690833500447623,6102948128224756e-25,9112980412235097e-20,25552646371458494e-25,0.00828462678889822,8179209251937383e-23,0.6735792107739441
5066722144966062e-24,11251685160611943e-23,0.04239966016112893,0.00624563973808037,0.32302067892432845,9910926547744375e-24,6991521618263268e-23,8150049519064317e-23,5330772901525663e-22,0.06451856164038829,0.5638146475485745
42094307167182316e-25,3082734837516559e-22,0.2695573462695687,11271370994619665e-24,0.0012775417595894934,1562974972075307e-23,11584103444883789e-24,2790880065211238e-23,0.034416493608945234,7454162068302183e-24,0.6947482320308132
0.00017193085718300168,0.0007059877110768393,0.007252031144949876,518353926053929e-22,11765279300889206e-23,22416358039587856e-23,0.031189237952443594,5778258178916191e-21,0.008927777659394353,3009201141797303e-23,0.9517468326729968
29488365942152895e-23,105418986172304e-21,5382947111145963e-21,3247453914063166e-20,22965955138976206e-22,24642028197866744e-23,25698915896741184e-22,0.01679250814651288,0.00309752449262732,44361549032615633e-23,0.9800661530490865
2059798415824503e-24,7707596567904423e-22,0.3453591187384143,6182413826287295e-24,3210340893733236e-21,7770981724630368e-24,135275179926627e-21,12169546144125799e-23,0.04272885520978656,14808067871211914e-25,0.6119077705743043
663088860954486e-22,0.04639892326605581,0.017294169501898948,20910267095429144e-23,25593477453524495e-21,4802211565947723e-22,8420620510539751e-23,0.0005949263345040945,0.007497929525702962,4103211890390934e-23,0.9281875770233428
3741955256388724e-24,0.027547224592091864,0.2051603180800225,12739316724053344e-22,0.15650135759248487,17985803325619727e-24,4609162267503724e-22,10319761506430891e-23,0.028824431157977275,14489529082928818e-24,0.5819647943146167
655776875247522e-22,7728883598871614e-20,0.06718810839775301,7221387879229545e-23,6739216347479859e-22,5793082249843284e-23,9122003658918171e-22,20582220636569857e-23,0.0064962619372454684,16700496711603691e-23,0.9262361861574901
4845262893833859e-24,21028836001526485e-23,0.2810537408325127,3163757880703604e-23,0.2396824698566453,16951125348184388e-24,6011720392989342e-23,26010905991876752e-24,0.027809872507024127,3206692548773201e-23,0.4514535348864626
1036866971585557e-24,4740678353622893e-23,0.02035651727659584,4898058324180361e-24,58097764142198474e-24,17559559631431717e-23,2080262524900453e-22,2438157458297424e-22,33961356482432273e-22,11034733064624038e-24,0.979639336675955
10749295033080657e-24,54988972987634826e-24,0.0010546049391763107,947017765880805e-20,0.2745522955599902,28345029334334472e-24,0.015636668611655795,7535536490468542e-23,0.00026569840001044347,4480725030548902e-21,0.7084766121478627
1758467933160355e-22,48016924013137496e-24,10294134537813822e-23,3296096249535594e-21,8343581914964381e-23,6293860823275898e-23,52409128300099825e-22,5291570573489999e-22,3149580088812658e-21,14809240941101787e-23,0.9999871629818747
0.0001103108067751234,6789121911071566e-23,0.061137921612892686,5656885707365131e-22,3473130688695636e-21,11710525367993665e-23,12002698060339641e-23,1102252391008094e-22,0.0005005362174554098,1018719035503519e-22,0.9382466754230202
8932536708052186e-23,0.1233514358004754,6473195558250919e-23,0.012129669141871652,14014903182677216e-23,41827451757895345e-24,10709584847860705e-23,6067299026004776e-23,0.011152989645777687,7437278875378018e-23,0.8533653272364247
30366574015260617e-22,12551997134592617e-23,40862414679003093e-23,7312381063329532e-21,45114586938196195e-23,0.00010823278096387993,10793809783191853e-22,9023400992292144e-21,29089042090254288e-21,5419974055903302e-22,0.9998406990691169
6721337794604434e-22,2170656015850995e-23,4858174200903688e-22,0.0015458767356130564,2423098651177688e-22,0.006485795312986619,10371838236578849e-22,15369064721206525e-23,1315902240919722e-21,10916731038605215e-23,0.9919642900397535
14928618506569224e-25,27760508379634524e-24,3035509567193888e-22,10796687243097943e-24,0.0696381624572483,16586289655823924e-23,5881822449244485e-22,16050248928488727e-23,181971247279878e-22,6302236897730702e-22,0.9303599309732922
3393874667751005e-23,14568665957459301e-24,24738893272219557e-24,45804238429208164e-23,23208775485114732e-24,32812757334685263e-22,21079886347928508e-24,5955993685288146e-23,3559068401015339e-23,19407719232020136e-24,0.9999960285885744
4053599204444973e-24,3844986585276785e-24,0.02353365597953445,0.014150376031620547,4671545918706911e-24,17389011467981135e-25,6564979443166986e-24,4300899545280726e-24,1860699414423688e-23,13525397886063029e-25,0.9623159228543994
