6484490230510829e-25,29724795409217877e-24,2468232143682726e-22,0.024714251924291577,0.35464202178151555,11205877480530716e-24,0.0261237454645028,25458214953747502e-24,7506599546619944e-25,27627891518761427e-25,0.5945196778845022
18775567685689397e-24,18396056965233974e-23,0.10060661440800721,67925699626484e-20,0.2754152580410837,16735835306900385e-23,9673472464631953e-21,5266528025923929e-22,7907761302643443e-23,19580931210819893e-24,0.623966924210318
40566347516954323e-23,1426106232023789e-23,29319460472512407e-24,37942153306201996e-24,301050329121958e-22,1186955677195866e-23,1360960621559813e-23,0.016485127385712516,3976318039530303e-22,12393222048165213e-24,0.9835139198189164
8853351177488458e-23,891163483501661e-23,1319863691918434e-23,0.0014807404510979567,13586149063380734e-24,0.005241972781559034,1621536963426558e-23,13244951942913586e-21,0.0011151189653747181,8685024347904922e-24,0.9921487737196989
14776616555423363e-24,0.026961357647346567,1619510156459979e-22,12869421078779038e-22,19541527245357448e-23,15813966605780906e-23,44234959336582e-21,18078348264011148e-22,0.003500776761956629,4983859472754853e-23,0.9695341464576378
9569874455042412e-23,0.03082266632995977,5780034794022922e-23,0.022849496373391953,17740242849406596e-23,0.014029205795953629,37518813861784805e-23,4713749997908661e-22,0.00976065450507186,5913829628724708e-24,0.9225367936171329
12822249479449643e-24,35874611583112794e-24,254744139343496e-22,0.008615342577665802,13933794789535257e-24,0.04370936815155895,3686515106960104e-24,5920071837863455e-22,0.0022481572113120045,4041838913851431e-24,0.945426444218847
30320048072053372e-25,11494438987478207e-25,1454343880729944e-24,5786567022779778e-21,16669155915993494e-25,0.011979288584393689,15864960749281286e-25,1139142690251398e-22,1669464515124494e-20,19243977402189315e-25,0.9879981054755615
6215554520196395e-25,882315007804682e-23,1272515335686131e-23,0.029022814244965105,0.3052834798339195,22371016321389805e-24,0.002846023459492087,480319310674612e-22,8246219186334523e-24,7827388381500576e-23,0.6628475033688138
0.0002395493376727653,27658478361931364e-25,585256062587795e-23,7880373289757919e-24,0.04986692418020467,1695455707230275e-23,2666011043002598e-24,7529921123747113e-24,26723295265863742e-24,0.035515325649373194,0.9143781304633297
8737101563326279e-25,1004604684254954e-24,13321564647074328e-25,1694930620069485e-23,0.06267904328415451,6256576961566745e-23,130073417858674e-23,35466774701177986e-24,13075207612128314e-23,0.02125490516648518,0.9160658013042284
26243410753075463e-23,18285677943310938e-22,198268487822623e-20,0.007901388372949457,0.10225193819191856,0.01548883447635341,6804421577555618e-21,10380908436210634e-22,0.0020256805304482103,0.04039056691265816,0.8319296753165276
29829445258522146e-26,7564151447554308e-24,0.5019198995186229,2878019417782803e-22,0.41571295965711086,24203105403122956e-25,23346739484827375e-25,20228083485072288e-25,0.033262266378787465,14476901324276535e-25,0.049104570555687524
7264884218565648e-23,0.03630323441443104,0.20500076096826456,36526901835612206e-23,0.038257742671644744,2109210273952782e-22,3100407524356223e-22,3623200003408355e-22,0.026330432919684708,41875359491936546e-23,0.6941060890727468
16594960946312525e-24,32720016597991616e-22,0.2221901846345061,9917293708680688e-22,0.13929665155367946,1362412509197541e-22,5234642435883094e-22,2799189182837593e-22,0.018085141081714867,4152975256728155e-23,0.620422761249943
12649291019848735e-25,41060512363872996e-24,0.16810186737635832,1482319369073068e-21,0.2599274380105016,237175274679473e-22,11308211794704372e-24,21640156992513566e-24,0.004209139516451837,14968873237835174e-24,0.567759958817365
16056077217034573e-24,18662623686939623e-23,0.17372765397175294,4132810727988602e-21,0.4458523249138439,10180462656218262e-23,13876821170655278e-23,9959405787734975e-23,12446830545425926e-25,1694414254572981e-23,0.38041532726851884
1969674507658816e-23,42011832322191e-20,0.05621848412898292,9514903592122335e-20,0.023821964845480628,0.035548468165310584,13519760140284133e-23,3890819409980398e-21,0.007942754748605507,15151488181274395e-22,0.8763671980948063
38401813623137455e-25,25752353827598294e-24,5166022146727534e-23,23820730404781917e-23,0.025555613155959892,4773585473715218e-20,2215027556282048e-23,0.006759778311378913,33053249919667925e-23,0.001991859733496244,0.9656443408015924
5968005059336763e-23,4112424214648423e-24,37120607004152347e-25,12021399544417278e-24,23774368478453942e-24,36889324345169993e-24,18543242502948325e-24,0.017251123779247826,0.0005822234154399183,26239462298737148e-24,0.9821664678329799
625471993240173e-24,1699874657631044e-23,0.31113222207910923,6772972628181061e-21,0.39295948209133275,15029163184838343e-24,23446714318389844e-24,11674924510831508e-24,0.017619493489697265,19058862029929288e-24,0.27828194253414845
25480077945093583e-24,951296432335142e-19,0.17607142409632545,6800662396524082e-22,8042150975410506e-23,0.016888494240241515,5914199746424751e-23,40955855508391044e-24,0.02488932561014497,4520184870315655e-24,0.7820547358241919
12576978167474263e-25,17319378773488568e-23,5309276597336482e-24,0.045850525941080474,4595808819134609e-24,0.06834909315236419,1485068684455845e-22,9136982429838844e-21,0.01323550918633069,2358665230670316e-24,0.8725553995156817
18405040675213937e-23,3373681701607608e-23,5010420212567846e-23,8099286217575185e-22,714322253463545e-22,8356554653213965e-23,0.012483398687872885,3203554865278171e-21,0.0044498372922348595,18285761079336806e-23,0.9830621447895966
1139311327680189e-22,3299189298708345e-23,2915263935686018e-23,4940144573979514e-22,10829101163259299e-23,44867801588910594e-23,8391368556213992e-23,0.0024265055051724935,2441062421393021e-20,6898888249131956e-23,0.9975477039088956
6732895932301379e-24,6442329805953762e-23,9157401860139941e-23,0.012424542600893693,0.12977213795947945,0.00017449169056104263,7786689891988267e-21,13591062779810497e-22,9942754052399195e-23,0.0004162050086076979,0.8572032147863116
6827288174327849e-25,4399942106929602e-23,0.34782353529532634,29455308684218196e-23,0.6521749476033907,12789714804048638e-24,1782918349888816e-23,5564884176313812e-23,2325028216877364e-22,1884104349843786e-23,840256145339367e-21
6565895885375519e-25,30843350594569383e-24,56674452428265675e-24,0.011902590595837028,19041284846925787e-24,0.029105858930212135,2467340619690306e-22,10330264144386483e-23,0.00707199230456383,0.011627222133194047,0.9402918787838123
7633450149940103e-22,10840434331006337e-23,7994906296770969e-23,12665486847902727e-23,8055544860966429e-22,25573707063263937e-22,4698753644571563e-22,0.018301376530557214,11966753514561301e-21,13723916662681774e-23,0.9816816083787826
138567446190194e-23,10105052635232227e-23,0.06852074293191684,16725143043414638e-23,0.2624056167078202,2777075497598037e-23,0.05407562294100031,5108604613392244e-23,0.0018300834049335061,24073212128742438e-24,0.6131675613966979
7392927252500256e-26,11355586500068922e-25,0.4295753132423756,16679411720159424e-22,0.545399937034282,13279682278589912e-24,13115774000814816e-24,30770768379256074e-24,0.010085122015759765,6316688445263855e-24,0.014937895074861545
8549127957015216e-25,7364515852446548e-24,4803595498322611e-21,6109773379668009e-23,0.14049395080981458,870682861235168e-23,0.05200528158546101,22346844377305822e-24,6351406343526714e-23,632683480791521e-22,0.8074957368559751
9536127995191332e-23,6631258980256644e-22,0.2690470624889615,17987614989041479e-22,0.05586323816737566,3920298945128014e-22,2141423322541726e-22,47730463217571904e-24,0.034775676789536296,10214061801203804e-24,0.6403108011886519
5411134919265777e-25,7657961465591319e-24,0.5445647332775763,1049290422166733e-22,0.4077112656585517,12228570769036299e-24,12850725663804258e-24,38901763095006974e-25,0.047480668653778445,12708604348057423e-25,0.00024318904284140555
12284909942287255e-23,0.027602076732814475,0.04235752814848855,35121549277297736e-21,0.21215055197941077,2559301729735891e-22,18312247506774346e-22,1645046175989026e-21,2605576721266429e-21,54738116289297815e-22,0.717842787151502
9116153163980377e-24,0.009765827952015966,0.2285517735887362,329447293634399e-22,0.1931953890767927,39031939163808964e-24,1055659178316968e-22,3528321631048099e-23,0.0254390595737598,0.03027032513786832,0.5127774027288808
1207757134354942e-24,11789226367687648e-23,0.5395428069891037,1310761870415364e-22,0.4082963362369242,6573324028771967e-23,3322131959074396e-23,3319189845183109e-23,0.05216043261297891,7608392649785407e-24,37096510174192194e-24
729088772606118e-23,4074077152041839e-23,0.5411703971433856,9270992859105069e-22,0.2354841910624734,9508581859234301e-23,4078140226548022e-23,733215693289084e-22,0.06799351660356716,26135043812876144e-24,0.15535068473605523
0.000628579004117696,7655551603466422e-23,0.43813658946437867,7819833157847176e-23,2080533650550883e-20,3831909543668703e-23,29122760968634524e-24,8600379860631647e-24,0.0641270295315368,5653498990911219e-24,0.4970867602139444
0.0004396449503226978,3720654652725786e-23,0.3610456290369358,43434946551284837e-24,0.00025972852005463985,25601248274075184e-24,8463804747189302e-24,12414181338517263e-24,0.05485510086835167,5496713891763001e-24,0.5833997640062473
6881746215807721e-23,0.025576205837022574,0.40019475446438374,6678901852722434e-23,0.17817026480063727,4064382855595139e-24,18874528691520104e-24,7785872685883447e-25,0.06343062705631763,10119621531760126e-24,0.3326279784002765
4724596746755259e-23,18110564957805203e-23,0.3613750574922115,1818800545974985e-22,0.22401856591131472,8906725558068093e-23,1777622821727223e-22,7270146146182467e-23,0.05154089958563538,28891882769973953e-24,0.3630646983566533
41093226957312675e-26,1077190670479612e-23,0.316465720880977,2866350169087299e-22,0.3014838582458617,19309956730375588e-23,7941361054157303e-23,10020356166891718e-23,0.040806484412793546,1810910632579924e-23,0.341243247928929
14909429532019805e-26,6667382565799823e-24,0.2773597650991788,16036233945543527e-23,0.5108687099553789,6249969185430375e-24,2514838418755087e-22,10572832618903758e-24,0.02796555609402458,6859632633996658e-22,0.18380484740273856
1286939916784785e-23,14530319137522728e-23,8680832151657021e-23,52038340786866e-20,0.16015875033188967,0.0027730843867724004,2990066084545114e-22,3554283578963924e-22,0.0010074879586257554,0.02291630669493283,0.813142950828485
1016222652902894e-24,3301471120452907e-23,0.13676062344576476,5238739662816584e-21,0.8163772981873355,903806606604525e-22,42659570104783856e-23,1289725410180852e-22,36149758665455676e-23,53793210758883874e-24,0.0468558012368333
8539322709043466e-25,29378419635236407e-24,6354311987945573e-22,10979733318893826e-21,0.5615680195607452,21686518223544567e-24,0.05780893441407869,28217376486492878e-24,25552428859356463e-24,2312051245714808e-22,0.38061109396557385
21100117580072936e-25,173478125147899e-21,10434833543626485e-22,53446297553175095e-21,0.4106840898177535,17899221924834682e-23,0.006590839998880351,7104191262214323e-22,24773835964582212e-24,7555459933787797e-22,0.5826687350843998
19945604940901655e-25,1437500072960917e-21,1294541211464641e-20,0.010548123598345243,0.35400866943838954,53067158514913445e-24,4871503904428314e-22,41721647039523455e-24,11838931589135062e-22,0.03618854156145865,0.5992385146627065
1654385364988037e-24,8808997575658381e-23,0.24498372082162356,27783473331185853e-22,0.7402988724066136,2952792729708528e-22,2617190002940626e-22,22630479858010374e-23,0.01470724750926962,3950585187658528e-22,6210817091882039e-21
1558947542083012e-21,2037518487242948e-22,0.28758426679844173,5623852584829246e-23,0.04620732233401474,17987615168698306e-24,24150314055300044e-24,12719526817892312e-24,0.04744369326983294,5243588313250259e-24,0.6187628385587984
3306871633836951e-24,254623471137037e-22,38180144448039224e-24,22014916087627085e-21,3038418896711933e-23,4750827761440169e-22,6676448269085919e-23,0.01804879286482507,0.004782958910107379,384706750593721e-22,0.9771455556574936
8159901281500124e-25,4973328987271136e-24,0.0829608989079927,22548950542335383e-22,5961802988756972e-24,0.023084922783136553,10358649115163729e-24,28864777013218714e-22,0.017536390322667784,4731630656994965e-24,0.8764126197720418
6742769844409003e-25,5519458823147311e-25,0.14049680308463044,0.007697047365205735,17015819030036533e-24,0.050414082010337646,2514342361352317e-24,3402334614914721e-22,0.029314154931713014,7635928370624117e-25,0.7720775508546592
2132310774753318e-25,9726699966655663e-23,0.0788936620087841,0.022884504832368077,34134935504343756e-25,0.054118540582674145,4452180912389358e-24,0.006650479941089735,0.02217390272068408,5842884480917776e-25,0.8152788039842062
23661746451072807e-24,3820492370349387e-23,4197874744904379e-23,73083120538926325e-22,5881194897746131e-23,0.0006789280489733376,41193897039805164e-24,0.05039283185420876,0.005997929442237677,4321815268585428e-23,0.9429227552731103
4483360727296651e-24,1588239062468171e-23,20094525797170096e-24,2203330533569945e-22,34002024850830267e-23,10142592799616983e-22,10516408991912427e-23,0.05702800344930412,0.005101301305152262,1158685859787148e-23,0.9378689634217325
8791323007726419e-24,0.00040053650565129617,0.0011343742264996602,0.00014662762047864143,0.26893652369482307,17310236132345607e-23,0.015321512747604016,6490459486072577e-22,0.0058100425768139,5674809570857127e-20,0.708192803592766
21925452428550977e-24,17495919377520954e-24,12080962943184986e-24,17253421622664576e-23,2212775039119734e-22,6380278658458304e-23,16397328112965914e-23,0.020098269966763734,0.0015866112576841005,1773667042157157e-23,0.9783144279487593
11771487638365163e-25,5805922302548576e-24,5816403957686747e-24,1138753627788547e-23,11545991533563719e-24,14705745014539179e-23,9722626947445745e-24,0.021865029239151387,0.00199380727257657,7412977842291982e-24,0.9761409635622142
18261541153838161e-25,28569487640974384e-24,4047606751435777e-23,0.006786806075310881,0.03165275980158492,0.03556665125623268,0.014709828306236006,37413690731784082e-22,0.009130078652067462,18449648797936592e-24,0.9021500452181366
43489468743603286e-26,7177207924359358e-23,5025417064074808e-23,6671184920175775e-21,0.2608183627327811,6763011511067721e-23,0.037227753283375103,28397183252370358e-24,0.007801142009188348,12195307468849875e-24,0.6941458401059066
4209584545811232e-24,15621887990804514e-25,2284669701671824e-24,55756246245246104e-21,15897628325299432e-25,8756898761413326e-24,12319283510786301e-22,0.008535227262146866,0.0023561925199154163,2143978046676633e-24,0.9890515714962583
7290839908279316e-22,17244342534180408e-22,17420798025743502e-23,13325959743747703e-22,7415669469835399e-23,28580254529704863e-23,12535488971841439e-22,0.00010332625302643004,0.0018281466787227387,2454818676454679e-22,0.9980627077560473
3437017980078323e-24,0.03204888294949781,6662545088920923e-23,34136740350323026e-21,0.08049353610464445,7170723866819595e-23,16077411388528144e-21,796450542162008e-21,0.004504670733643219,37878496169525974e-23,0.8829013790552641
1838004073210124e-24,16788655767291093e-24,562647781826865e-22,8961442942581198e-21,0.42531622179428913,17242470392576505e-24,11238599824066409e-23,10895723247190705e-23,0.0004949497474822371,0.01318705084423382,0.5609925026938977
8405917511810656e-21,1644652535090591e-22,0.11625176325211861,6089008974395842e-23,3871110183312578e-24,0.00995451611927767,20070100583305583e-23,16802488208513038e-23,0.020274240706786625,11974597632491e-22,0.8535104748544864
31401038676024094e-23,12350455889519998e-24,8707563424952423e-24,24782023707878848e-24,8842116175840848e-24,23022007343910654e-24,33825411977450566e-24,0.009023162879638119,0.00024194646390023126,8992658889334947e-24,0.9907344561238373
8454328323189765e-24,4482646998951311e-21,11625577446681317e-22,0.017203838641656182,0.7747342502428292,14350386454203589e-23,0.013416899764031986,29684409813979765e-23,0.0035028077880196753,0.0005657517590221932,0.1905703577974815
1552874216725685e-24,5999128161685543e-23,0.017911703760095293,8325086156392729e-21,0.839244193838566,15253246612114715e-24,11253109766869844e-23,7544216191132116e-23,1108350076858307e-21,5545471844400027e-22,0.14283384964733944
28221324684018144e-25,13355913003786892e-24,1061559495647547e-23,0.0008018703605399591,6590374106660166e-23,0.028132583496095903,0.03757803791496745,21627915131006213e-21,0.012723820771218732,1393035788830986e-23,0.9207419529143053
439178433956161e-23,19945504383675572e-23,37223326557686234e-23,17320746505752643e-21,0.9021062727443329,52863040248150294e-24,22867408568088144e-23,16689017480539046e-23,6232528788313501e-21,0.03504682927492684,0.06282232019850237
1460374143725866e-23,32190697016191937e-23,0.1335584393620303,606803590494407e-19,0.3267231509538965,12130556778187043e-22,14092008000159864e-22,27688434379045926e-22,0.018439558681714287,2491351012309853e-22,0.5212121938974054
2823376056935962e-24,6798297444178161e-22,11789679262777018e-23,9431599937993014e-21,2499634680916648e-22,0.04721437040310913,7497758149967949e-22,0.015161633713818788,0.0035913344770882464,3245526228317532e-23,0.9340213970615873
0.0009833338408615224,34771106828402403e-22,6311540264748765e-21,10605110480013278e-22,6429682593923691e-22,16713296831078656e-23,0.016871926864638336,37717765325609247e-22,0.00682640202269181,0.035214535125627694,0.9400883711064246
3769609828950314e-24,4002836113435364e-22,40234962118770573e-23,8443722215874738e-21,0.23735050771359967,0.0006475782051790467,10030174385610346e-21,29801212391908946e-21,0.0007836923451516715,4239828391345996e-21,0.7611649003957778
6096610151814541e-20,18369139898937934e-24,0.12154819988027103,34510354431535438e-22,8569361825277646e-23,0.015537674687986437,17718024909999013e-22,16056220314660365e-21,0.02028338204907937,56908879756880856e-24,0.8425483372513064
14022109567267775e-24,2693861915952838e-21,0.1358980326871111,14730804067146486e-21,0.21883277215413935,2724878328997248e-23,19125591112102663e-23,5396460147994688e-22,0.019558083465885202,2016787612488562e-22,0.6256927131754106
1937091998782738e-23,45663792706973034e-23,0.1009202820606108,0.0013171760069874573,0.25536837410335933,7642083917156112e-23,30332291109637956e-23,17927816457461118e-23,0.014551453945353076,5279277199384582e-22,0.6278411509255993
11629742680924555e-24,17381910040237577e-23,0.005200396867518265,33925032665472687e-22,0.4295141086601709,46601512168228776e-24,14581375286278952e-23,23909527355399986e-23,9412155754419513e-20,0.022306951058490614,0.5428804123936338
8971496726732682e-21,2551350918570362e-22,450843725046088e-21,6799115683366478e-22,0.017798106157892523,1303262576464133e-22,0.032245045189148794,29917840166288664e-23,0.010543217919606171,0.001380104953433438,0.9380227388881478
37243339623950638e-25,3182417834739364e-23,7351137797745547e-23,3732618839997852e-21,0.18824661565752357,18405950249302155e-24,6692707463455192e-22,1623794186949914e-22,0.0007393171678859111,2711149909563775e-22,0.811009104324783
21382584930675866e-25,196640152969288e-22,27579902365311177e-24,5735555315947616e-22,0.19212583406213632,9392563922025194e-24,0.02386070449274283,25356926339029413e-24,0.0008935155854079539,46983954221754666e-24,0.7831192411884321
4341851654907851e-24,10031150687943888e-23,0.14149212073628223,18943509341466137e-21,0.2719320145988972,2214203872950696e-23,2496311942408972e-23,6329300644826564e-23,0.008591184975372868,4250990068417219e-21,0.5779612701448679
2103214640945885e-24,0.04002634208103882,2780502002078836e-22,17902439542376243e-22,35053905133953926e-23,26719814510805102e-22,33127614540484435e-23,19951277813755385e-22,0.00674913644613061,9949880288475183e-22,0.953216107163
6101814276273293e-24,3598002122071807e-22,0.03633635496058693,35156261653054204e-21,0.34424538227029,12848988081646612e-24,737375142165233e-21,2827601431117368e-23,0.0006529077755949175,0.049457944060452806,0.5692711102691923
11585910524061164e-25,7415074156420272e-23,0.3567149676747881,17767497937568112e-23,0.27850334916718544,31279573077502346e-23,286120409896118e-21,41590840733047945e-23,0.025667109271311373,2621119027580375e-22,0.33911304396671826
14489259417856679e-21,7225604287594274e-22,36354959467475926e-23,806868618633807e-22,9554211179170957e-23,4862051891379535e-22,0.012351758847858049,5842619024533174e-22,0.0054501752902877875,0.01993506469687247,0.9622461790994749
8314408076410156e-25,40212979944732077e-23,0.5789390887670691,3771282877111934e-23,0.06496790024458562,4862522290033256e-23,34190746237542133e-23,26124513024387704e-24,0.05144184134194449,3959364117337593e-21,0.3046463529510089
3611599317217653e-22,32824028956604207e-23,11457022321910584e-23,0.00025318640350149705,0.1495845719487296,41703446134994145e-23,14670802028288284e-23,9507483000858346e-21,0.0027527567097683126,0.052506948082717754,0.7948916616593901
3785377839021354e-23,1832541756496115e-22,0.13050030643870356,34272665450429677e-23,0.10093022262657746,8065271235013817e-22,8940504873048634e-22,6839646311968672e-22,0.009574446313227326,0.008004310851686814,0.7509877653929274
15099694446051704e-25,48066507631857106e-25,0.7360667907875131,31444629149685365e-25,0.20770990702967923,2427856873400402e-24,22336545686338185e-25,29807224334318043e-25,0.056223270474095075,15943216734402753e-25,1300995331910878e-23
6513917386090251e-23,3740064293490416e-22,10839188304241783e-21,5410587196457545e-21,0.6057403942818397,8109041298634181e-23,32798488980993236e-22,787103609519755e-21,5792431984710308e-23,0.16092336290854964,0.23331534864199419
36603450589277663e-25,138893613576561e-22,0.47921074759423704,2258644931351387e-23,0.5019425859276481,11814096793085346e-24,1733378676553671e-23,22564473533132474e-24,0.01884619951731304,1912473163767815e-22,18414874558764157e-23
20377010600622287e-25,15558468866214035e-24,0.589024159745597,29053609599049998e-24,0.37685687140733387,8965882790322625e-24,1400995223275288e-23,14474555037791344e-24,0.033627497692761306,18104780506304963e-24,0.0004913689576506782
11956790036597777e-26,17125112418282074e-25,33406624286290004e-25,0.018065447798657545,0.5760122439109678,13094188812948836e-25,0.04756685999308352,4210909483833132e-24,13587585381743223e-25,0.00470373684414852,0.3536516994012461
18454962417393454e-24,0.023799008669403002,0.1430964887535176,14894512853092129e-23,33202270161956694e-23,0.0003306455915793884,25755580348779585e-23,629196702602303e-21,0.014786652360632393,1704367874493923e-22,0.8179856480127782
16191092658537457e-26,23080026236226644e-25,0.29621802762159605,5971491880829024e-23,0.7037817980863198,1456464150278811e-24,5009207248147194e-24,36168812611917053e-25,14237709234908602e-24,3677132071600664e-23,5101555278740236e-23
28896454082213457e-26,3226428328169703e-24,0.31646922764023017,4723217721078647e-24,0.24868637472796734,2376655578107042e-24,0.008231173397143254,26013048597602283e-25,0.017151091923121652,9920738357292211e-24,0.4094621091742433
106766859093106e-23,48177670333677106e-25,0.3995688813214418,39686502836677304e-24,0.583087217512263,24401610797151862e-24,40368285230663704e-24,5390176575488844e-23,0.00629926577644994,0.011044409058709938,6287676646655344e-23
12178295048801634e-24,3669216734408128e-23,0.16950491480428626,10185696231896876e-23,0.40715527299191606,519145271713922e-22,10281237848762914e-23,8555882809289179e-23,5297607792988763e-20,0.08734272162998757,0.3359437234823862
7273023532281663e-25,6573718545992719e-24,0.3552296580384908,1585098906112452e-23,0.284359558628545,1458279987905838e-23,22075507279469075e-24,12787905549629192e-24,0.014390713580453914,0.002283080900835795,0.3437369162430492
32238672126291345e-24,1291183419232385e-22,0.21911426975616438,1384204195395716e-22,3929206273217917e-22,5038050870303692e-23,15946087644734507e-23,826123770980777e-22,0.018935239164931703,0.007846761362570934,0.7541027445645041
0.0001920496328183322,0.00010062871507976955,57248378421082425e-21,28686440392529237e-21,2014295656814811e-21,7931297095765052e-22,0.06842838918966783,17284949936877293e-22,0.011804112233421097,4247779602974084e-21,0.9193801017102331
12958379153893149e-25,10434035960222219e-24,0.24836144801390048,14468603327805393e-23,0.38615690177397965,11903092724593792e-24,17817023405990287e-24,20277782233190097e-24,0.000547634605678611,0.0077362682749097834,0.357197540917088
867284972595636e-23,15678551341770876e-25,14243715503654436e-25,23457732954979942e-24,21861119392072144e-25,4608564435657809e-24,0.015089616291797869,1063060234014704e-23,0.003287785721403795,2806272622017625e-24,0.9816225426324381
8859080890583026e-24,12678504848629662e-24,21547047854998924e-23,0.023081647093809565,0.3458134895853349,5258635703956384e-24,5883318293799884e-23,10482698003269407e-23,46397669149502677e-23,0.04998191674367176,0.5811220766736291
8524349240760247e-24,6401562103563032e-24,7706728125974522e-24,0.003152093275503134,5865396201055857e-24,0.02234953597676597,13724019989628364e-24,17689400519572572e-23,7488722039365714e-20,9332031374004857e-24,0.9744232550792458
0.0006146840245559673,0.00048009893883285215,20996713970878143e-22,6067428533330947e-22,3378356657316339e-22,1931315190803956e-22,12301434008468985e-22,7752396081153264e-22,0.0005049738005068159,0.028945319661907068,0.969449680809753
506381102922673e-22,66284340275566396e-25,12951764218567832e-24,0.012510072834505701,13227139945449908e-24,11700042472032204e-24,1812586561578366e-23,2185698361606776e-23,0.0009728894870331868,1552808753190206e-21,0.9865153497413678
12383019245189443e-23,18771988410783623e-24,2412075783492575e-23,12289703043388619e-21,36101742345097136e-24,0.0028113373852336754,3934798992907529e-23,6541330668126321e-22,0.00012315169512349192,41494325451925325e-24,0.9970522834165364
0.0028760053381067133,2337429518602865e-23,0.0167018727603209,1392557500761494e-23,3833874651818327e-23,7591223211218008e-24,17382542554614328e-24,14906154145165927e-24,16743164585182558e-21,0.10440618183713093,0.8759990813813195
37241440357414886e-25,5611285256263847e-24,26590616166002086e-25,9964552380251282e-23,12929372004510817e-25,9594089107073149e-24,5139901900096577e-22,40577678287126174e-24,27213380677522354e-24,20442227463292527e-24,0.9999992752494824
2817326911840883e-22,23351042940653537e-23,2636546643250364e-22,3830859091337713e-21,6561215892856311e-23,5588480698825852e-20,22551772135288953e-22,20269590484521944e-22,28426228912082132e-22,13161731832581824e-22,0.9999309988916402
1540349567310054e-22,960720406163283e-23,4646287447069547e-23,0.01551256496565505,5039866475904973e-23,1293033822113228e-20,21480550368752923e-24,14071633119440278e-23,0.002823630115285753,55193581443062844e-24,0.9816503966866748
7551188668094596e-25,0.04545992273371231,4971474879006415e-22,20090058105455945e-23,3167854409020492e-23,4537327355114845e-22,3425170161139331e-23,7270112055496836e-23,11839307104916895e-24,0.0033073554271395287,0.9512314188325511
354968096805354e-22,14230188765698362e-21,0.21808206642807976,13811524022276248e-23,27719846814802792e-22,5519539837776275e-22,24943948197999415e-22,10425842823141877e-22,0.01523563186684385,8807102830736915e-20,0.7665729659577829
2047973294863684e-23,29445203595385996e-23,18847533878919085e-22,0.017588333247090367,0.32038606977573564,54968432998571004e-24,5850659399677912e-20,11049511639513971e-22,4661031519944232e-22,0.01019511986889024,0.651768144806426
8944982164836575e-24,0.08294460819299163,0.005470879373197725,0.07830449177309681,0.005232326865524622,34038311118610626e-24,4367799152965097e-23,53629899422014197e-24,0.024857608582767185,0.00011198027378712472,0.8030779646474933
3431771513479393e-22,46006659509997795e-23,123641732725223e-21,40185344826930907e-23,5899222253180936e-23,426597433252884e-22,16851048336329532e-22,3091148454103897e-22,0.0001071303818240511,24795931640050027e-23,0.9998891970482874
9039529660890336e-26,0.03337611156908097,0.28055185684875916,3509461102117405e-23,0.29733789435777447,7981271979696678e-25,1618376909140792e-23,36253885058060014e-25,0.01480794094666412,3180285237615093e-22,0.37392582245582834
29553563991327674e-25,3524350795014705e-23,0.07472247430020647,0.002386758215070083,0.29799250777168274,15671182924780216e-24,25131165861236358e-24,4105397903857667e-23,0.0010079380797168795,5025008186515722e-23,0.623890151328025
28897043447672313e-24,4381711343835607e-20,0.00047422878562068107,0.026023733442186926,0.3537246451209041,1757606305670229e-22,12218488751436986e-23,3227092677105795e-22,0.002040636421964815,0.07070243540987023,0.5469898541544388
8866186207567523e-23,4331184399959136e-23,2153120387547624e-23,4140439424540183e-21,16157692492377657e-24,7911729019852721e-23,8994323713233726e-23,10614078459228959e-22,0.0017917329030870109,2865271775909778e-22,0.998202439999335
8609038717278934e-22,3713433668348529e-21,27533433250114518e-22,29151367619703822e-22,9582035294785653e-21,5598313300601794e-21,218818047702536e-20,21038220422529104e-21,0.0027285645751906292,5857635629096214e-21,0.9972169282220584
1479710022333734e-22,39591477012979414e-24,16865952762554485e-24,9973395442887756e-23,11984853582915852e-24,10217912783172181e-23,2894271172803037e-22,7209133907577631e-22,6348727619744744e-21,3669193162860418e-23,0.9999921859135729
0.00048015811366929615,0.024460610110229104,9827322502483743e-23,32073492408890745e-23,40025313495245196e-23,29584312187050076e-24,2015397621223549e-23,365380521157041e-22,0.003598226906230087,0.03667241131814851,0.9347876880140985
1615150739710318e-22,928881508116273e-21,7100915842625516e-22,0.023176813108260197,1400997576983232e-22,0.00010414175237956976,24177419049610776e-23,29797341444955344e-22,0.008241661803986809,40543466552643546e-23,0.9684718158044487
3403503723910564e-22,5727410333415814e-23,20553952965363638e-23,3809772238457178e-22,3293682552610669e-22,0.0002001406566629655,4908397109452548e-22,4918188149563264e-22,0.00012232819004283406,34983629229165246e-23,0.9996748851489913
29849242815821923e-26,438187829699233e-23,5726650778808371e-23,0.003655306809096058,0.8331385184431533,11507514355333084e-25,4058854493378398e-24,6770344696603156e-24,9430220337085446e-24,0.1631626866140005,4340477276225884e-20
4052151311180658e-23,0.046191639423837784,0.06331515086119811,16203286562948345e-22,0.6765528699336399,1076730613232913e-22,27444920849128346e-23,46914047357314744e-23,0.00015274723674864137,0.17781142668591898,0.035973653746130804
3772080099621624e-24,11739545070125026e-23,5590104997394872e-21,0.026006391072665308,0.6477618913463777,1372791478962678e-23,23798592459862303e-24,9286830437284251e-23,4239345797830892e-22,0.1245672331327883,0.20165821884615473
11302632947735656e-24,6124867933082526e-24,745752645710992e-23,7196749075118872e-22,30781494944921244e-25,8451178333930601e-24,8423770789768474e-24,7414563275673013e-23,0.003143037415547615,25764429774830866e-24,0.9968560981613563
9370723211422242e-24,9524240686228827e-22,0.09409579135031977,0.07147023353770159,0.15444057997910043,2938378983632311e-23,19385554376816586e-23,2788795117946447e-22,0.025290613621898134,9610876364045129e-23,0.6547012214886443
10813249247669679e-23,6098014432292866e-22,0.04402781058623505,0.09594329433797559,0.13165311392473514,37027664056496763e-23,1960840935150829e-20,6636581554549753e-22,0.02783264719226017,4621152701839653e-22,0.700521311565441
1951275259556194e-24,16281985429370843e-23,7358607058471781e-20,0.1492657523316198,0.36643160689346105,10152677394111399e-23,29666106573721064e-23,1383449856457051e-22,0.02504664781662502,6952606772865999e-22,0.45918101039400416
21894317261678115e-22,16594090052789916e-22,4775426396793139e-21,323761283623858e-21,5795444367966463e-22,1346565315464164e-20,4226164139636937e-21,2318281131761927e-21,0.00020985068377735497,1378295046542346e-21,0.9997592333499014
10723918466001586e-24,5246730493100502e-21,11806220184169496e-21,0.1644512220300514,0.8351250328687381,744745225102536e-22,13414365268963228e-23,22374604060162316e-23,0.0003948814057523368,1956877573579335e-22,11171969147774462e-21
23255266789387349e-23,12815114026543037e-24,14087948726289046e-24,2109687316001086e-23,25630873836881696e-25,10854396500151425e-21,20058612314707337e-22,21377993195051127e-22,4363368502997904e-23,16950728267853943e-24,0.9999846582428445
53553208755499487e-24,2716733473757225e-22,0.0904420606670687,0.011700758381849427,0.005505433923134348,6404572643507816e-23,9933341934786165e-23,13368000245905922e-23,0.015227671779509063,7409918703301096e-23,0.8771233788635482
9175258205053895e-20,771252320450788e-22,0.02769400084912856,20606316565708848e-24,0.09703359732893127,18515386576560512e-25,0.025252750723508383,8632354341038448e-24,7404447550608538e-23,0.03139301862623067,0.8185346976302332
7592438456809256e-25,19236631550525848e-24,1470111565714862e-22,29599952092063943e-24,0.1578199218786836,14837515124458192e-23,0.0060788662578037415,19590311209468596e-24,6011976327475999e-23,21658067371330765e-21,0.8360791291039303
12355424858479242e-23,25157824877154593e-24,11251740468618161e-21,8993076606078857e-23,0.10451698318979263,31208985488228454e-23,0.06098285089608146,51565537149933925e-24,0.0017023365794112304,5322906004338326e-21,0.8327806523900121
14182767207045415e-24,10694929980111528e-23,6084544483808739e-21,0.021463530081944734,0.5736242663723722,1877159619572689e-23,7167450857629914e-23,3290835641803723e-22,28081132508467304e-23,0.11536739587814536,0.28953790164996085
12719926674920478e-24,0.022636489403617854,0.24643861782506832,3202685228767554e-22,0.20838467764001684,56066412913516464e-24,0.05212382325683689,5253802988096987e-23,0.01810528950049513,5838612194986742e-21,0.4523048221688778
5352500519678941e-24,29434163330063073e-22,3367710222548324e-22,0.00409234304722951,0.45641217661537015,37986881109775576e-24,2123038551979916e-22,647991402507512e-21,4063507962544697e-23,0.0007700540461183071,0.5387212018342052
717194238337553e-24,4807169970496726e-23,0.19718770716650286,19205656974827498e-24,0.6865869357443817,25327952485523003e-25,731021791854288e-22,8851359614088388e-24,10912746659428323e-24,0.09633506611036448,0.01989012758561368
6140373521509587e-24,3915593181850216e-21,0.08046922151569855,8204728192164163e-23,0.24597006509611838,3121787205216563e-23,4030430786348372e-23,7868424548416224e-23,46639265172402684e-24,0.05410304159524612,0.6194534711665621
24871418776278127e-24,0.10336019529339022,0.5498354977752841,860071410200119e-21,0.30315611841696705,12889833640865046e-23,32987851057811627e-23,24047760250830736e-23,0.043418245321499675,27095166148541035e-23,0.00022808804571552163
9426862467899324e-24,8552202916697448e-23,0.09115099351264869,24113770821934336e-23,0.7113425215890364,2208229342268453e-23,5567463579706245e-23,743012842837468e-22,9737727178417309e-23,0.1967352364064635,0.0007706629696264955
8021684495914136e-25,5318097412337754e-23,0.22507083669024278,8960114189938865e-24,6082169278393983e-23,4230746767821111e-24,13221577527094332e-23,20766087630925395e-24,0.028469765114961684,11992094054227097e-23,0.7464589972962885
11027902465953115e-25,3723951632023523e-23,0.17285226631568493,16115144868863302e-22,0.6573198199347752,1010297672636327e-23,2444046212253051e-22,19725166988106728e-24,7891662554308044e-22,0.03500963542619306,0.1348155650675411
5730007100787853e-25,0.16567979624477028,0.27839778954258027,12552809413072806e-23,0.15407065304359094,12313062978142344e-25,12879023586941302e-23,118428991176981e-22,0.03303662264658391,2007897009524489e-21,0.3688128627033394
3239292908853151e-24,0.09273864771124615,0.16969192704064728,13732049879576242e-21,0.25511151291315526,12066316538028914e-24,911609251929115e-20,5434142188735348e-23,0.013461647406785923,1141483759555126e-21,0.4689722056549457
9830297350214793e-24,21930465778511359e-23,0.06760988184031236,0.010843049393974923,0.527897126797273,2742889014541324e-23,106954076112363e-21,14708126266258797e-23,26989133322923172e-21,0.10557189674922118,0.2880505454867119
6549523913063248e-25,32114104211239005e-24,0.4392050947361865,18706686883252747e-25,0.0002594114806358013,27540491116077794e-25,2002917943790194e-24,8385311264226391e-24,0.05620873712177244,987310806911955e-24,0.5043267078974081
0.00024713082063408995,0.000661606496804592,0.009733782340260051,23926562482698347e-23,7854182930127287e-22,10969297581545176e-22,0.05173075437431988,0.00014269737979658134,0.014354218714702442,1351472054211395e-22,0.9231275531126009
7735767373557345e-24,9072473651472136e-24,3926353354630973e-23,2580615216888249e-21,19381995456147613e-24,13744838807464428e-24,4696353116320937e-22,0.026694723613516075,0.005167490352970152,18702296218771345e-24,0.9681346278820805
13947473870298965e-25,11265309543439026e-23,0.5610887239167476,40355330711981457e-26,3231238014092183e-22,4826825416665189e-24,4415649738850902e-23,4402616647851789e-23,0.0694213845838912,2315333344246255e-24,0.3694893585992691
7169915978030677e-22,0.07816688766238084,0.026977305951242148,25272949786427063e-22,0.0002213385381594447,1953631488416869e-21,372188794626736e-21,0.001495938016819868,0.012309399524736914,10334328723223328e-23,0.8808234568565112
68097573123006354e-25,0.04523759328194459,0.33195354312093234,8921420881013938e-23,0.2533055693065417,31431844554412846e-24,1604791347044988e-22,8304881410711338e-23,0.04691182686797781,3217578972783046e-23,0.3225910642630562
3777163364085729e-22,7651876234212717e-20,0.10903080420473978,1985101286943059e-23,27660440499386197e-21,12781064169816164e-24,7215385874024958e-22,26163929078614823e-22,0.010857170753712378,27310936816807852e-24,0.880004070247862
5069878350398617e-24,1928986680710401e-21,0.45703263184829146,7313645896142188e-23,0.3873837042239891,9790763993834968e-23,5165137548663976e-22,6162801800649776e-23,0.044947143672150254,30350077825661435e-23,0.11063353351236127
26301163475049313e-23,1339770699826813e-22,0.032932828659674326,13631548602922764e-23,176505614295444e-21,2595921929355196e-21,19045565855873732e-22,10889496247176446e-21,46793848810948446e-21,7509450839167355e-23,0.9670042026124395
36595327008671274e-24,28499118680014737e-23,0.0007846666656184443,14080917540448812e-21,0.4484068894790333,15034054059766365e-23,0.02515845008086851,3345829777332846e-22,0.00038956776378441154,5819087624975939e-21,0.5252397194953995
12498150253668764e-24,49680674689852155e-25,12906560328513883e-24,9210390449829046e-22,8206897721593971e-24,6918413759479888e-24,16737287577102166e-22,2086320701895436e-22,23476915329445118e-23,34226779442480984e-24,0.9999968821061049
0.00021167945599950323,6521646876490152e-23,0.09899926568231918,2109371937620571e-20,23491376724506295e-22,9097524101834761e-23,118743503106796e-21,10008259738497076e-23,0.0005557904746160379,9266500751746417e-23,0.9002093538472239
3025599463293159e-23,0.20013744165350333,10509678272853455e-24,0.01956792577626665,1522399100593566e-23,34705032247286295e-25,7542754109866325e-24,4760663180451231e-24,0.017953582586884134,11188763777933266e-24,0.7623409670309955
9411030947036893e-23,11240809954865016e-24,1537007861542193e-23,9880342526208454e-23,1913971216086131e-23,20874816187253244e-22,27666473263478492e-24,21057954517292597e-23,28471457219354356e-23,12600051499810816e-24,0.9999971382934038
6945912076134772e-22,9039200259963057e-24,573954632539115e-22,0.002802695297791544,35440468881803394e-24,0.010189527244487311,675101928217756e-21,2857316419308231e-23,14213629752776376e-22,24766884929919888e-24,0.9870048311864291
766063703204898e-22,15157399896947312e-23,8902027487202243e-22,31507527067118386e-23,0.113202467627269,5467086686866615e-22,1667895437082524e-21,5354125244115616e-22,32235251521529406e-23,2357805506388727e-21,0.8867906687396984
11659300372869503e-24,11444147384372815e-24,4280380008624453e-23,5340012855505831e-22,25014915288622426e-24,5314082158781972e-21,4325427587630547e-23,2778300929883998e-22,7537502997775903e-23,3799163839662217e-23,0.9999936265433549
15011646213276692e-22,10610759323817978e-23,0.038657737685446475,0.023192129229080132,15838246821700473e-23,19453802996481732e-23,12074876010579295e-23,1749504224737243e-22,3789091301794817e-20,7542495397922762e-23,0.9381099108556021
