6484868961573208e-25,29726269995699307e-24,24682771813372265e-23,0.02471424527039034,0.3546420192373995,11206576939852644e-24,0.02612374718476086,25459384352475033e-24,7507030207413612e-25,27628635546914525e-25,0.5945196853549731
1873114952990026e-23,1835796807129216e-22,0.10060689012443524,6773118417537309e-22,0.2754152348906678,16707681549190499e-23,9657796559222926e-21,5254181990860913e-22,7894262372094736e-23,19558485116249192e-24,0.6239666911079829
4044239797275027e-22,14231305248108482e-24,2926003179252494e-23,37877885266438683e-24,3003279103636987e-23,11856644873383405e-24,13579606509061607e-24,0.016455482522092477,38732676951907163e-23,12358186170597224e-24,0.9835435765307095
8869763927855897e-23,893122819939179e-23,13220169994975655e-24,0.0014759949942703466,13613372769949115e-24,0.005254100150282077,16227373751122593e-24,13187079794822016e-21,0.0011113722924063205,8698142384354807e-24,0.9921451960953197
14807234594667723e-24,0.026961527456443844,1623423693369573e-22,1289059001469855e-21,19597697535045853e-23,1584034845008548e-22,4433881788509314e-23,1811928984024445e-21,0.0035007722763012,4994995224090875e-23,0.9695339734604358
9567359613568465e-23,0.030823994904400482,57788740018870966e-24,0.022849663893000954,17738089637413057e-23,0.014028807429137088,3751708704508814e-22,47162824443617224e-23,0.009760875313879216,5912716608638896e-24,0.9225354749045154
1281953640183242e-23,35909523612123896e-24,25465933073812562e-24,0.008615278670707485,13909371619517348e-24,0.043675775458645295,36766011110017046e-25,5941762323551435e-22,0.0022485530979907986,40310121420341196e-25,0.9454597027844395
31461529282531525e-25,11561898699202056e-25,14630311431563613e-25,5880375278899581e-21,16772305883958866e-25,0.0120075540359351,15956316777805192e-25,1279770939772559e-22,16751129307991468e-21,19342668177009455e-25,0.9879696755098812
6215179264422451e-25,8822935357997312e-24,12725148195992476e-24,0.02902281605991512,0.30528348086437623,2237483067392287e-23,0.002846019892944837,4803267199842128e-23,8246221248914436e-24,782769494797407e-22,0.6628475040825329
0.0002395420041312141,27825174989439245e-25,58947702452176e-22,7933408121632998e-24,0.049867232251310394,17106555295879378e-24,26854820945995665e-25,7594988011192977e-24,27900039819408676e-24,0.03551490721321476,0.9143782466368015
8699243659252902e-25,10017627743446245e-25,13285129755541842e-25,17284644868507368e-24,0.06268131693498374,6275001965074801e-23,12978764480775336e-25,3557351912071098e-23,12064925370534212e-23,0.021254098703283278,0.9160643436062172
2634155096349318e-22,18691591897791754e-22,2030705458633966e-21,0.007908275407104069,0.1022237372202551,0.015528253017828491,6877995307056142e-21,10452237263794238e-22,0.002026616235693292,0.04037754328809996,0.8319234883318245
2982043038701773e-25,756767277996335e-23,0.5019212647543492,2877655318518674e-22,0.41571094081462423,24182175052781175e-25,2334272889601336e-24,20222315413048495e-25,0.03326285843555856,14473952455672226e-25,0.04910463214237278
27152479919606804e-24,0.036412221075943024,0.2048566251257073,26174009026521186e-23,0.03840334148636543,1320766753032964e-22,194335650874683e-21,2273191439875769e-22,0.026345954491565533,27436409470401975e-23,0.6939807408322869
16594960911952e-21,32720015595932937e-22,0.22219018463361317,9917293673338408e-22,0.13929665155415508,13624124999817548e-23,5234642400338475e-22,27991890737437473e-23,0.018085141081458242,4152975198655915e-23,0.6204227612507325
12645955412551948e-25,4104878497446402e-23,0.16810412567636715,14829136009469803e-22,0.25992530009480214,2371122861673374e-23,11305027139377921e-24,21633906464874654e-24,0.004209892573582405,14964462112498796e-24,0.5677590848132276
16055596753714916e-24,18661073093337674e-23,0.17372765624125555,4133039292400682e-21,0.4458523242369585,10180331545081198e-23,13876292264237646e-23,9959676378689877e-23,12442945914290976e-25,16941317299311008e-24,0.3804153254712378
2026473287707179e-23,4200034891955533e-22,0.05631459068306718,0.00010024102050587027,0.02399376708646774,0.035297762096010536,13532684372053733e-23,3898225720406324e-21,0.00794667495000463,15765476228201035e-22,0.8763409137955348
3911283248551464e-24,26624345567276806e-24,5186500276283298e-23,2435149750490348e-22,0.025538660433611138,4791722189755954e-20,22808178699840894e-24,0.006805023682973624,33321478109305735e-23,0.0019675552320758995,0.9656401614908754
5933807695631646e-23,4156568181843918e-24,3752434963207656e-24,12150989830143653e-24,2397101274263083e-23,3693041125329748e-23,19031126070337815e-24,0.017297666773313982,0.000584164402519299,26458518466280372e-24,0.9821179830350282
6277252245016481e-25,170457978240036e-22,0.3111328606022886,6831365115043074e-21,0.39295861848175495,15086023168486802e-24,2354412315753578e-23,11719753953374445e-24,0.017619716275336733,19124900460743958e-24,0.27828188612677446
24854514822273463e-24,9426591678522766e-20,0.17611739253623807,6188446569781224e-22,7738605112955348e-23,0.016825906131267162,5671475890261121e-23,3932941614640813e-23,0.024896324732260427,4378445354293964e-24,0.7820652891756136
1125480386548117e-24,15200270736216774e-23,4990578507599607e-24,0.0458467396468196,4315413706428243e-24,0.06824493162151052,12706241969681606e-23,6352848370846931e-21,0.013235125759503778,21376186267571916e-25,0.8726665584896175
18408373608985912e-23,33747021243014164e-24,50120729791623307e-24,8101694390868532e-22,7145299171742877e-23,835904745667526e-22,0.012483399168100094,32070816990445276e-22,0.004449836409022106,18288758258642763e-23,0.9830621412892038
11354313373200283e-23,3292498350430185e-23,29099956089306616e-24,4935269375427908e-22,10815917909719652e-23,44817443070663385e-23,8366171952332097e-23,0.002448550304982469,2441080734437754e-20,687944277800321e-22,0.9975256610029054
6623422115753122e-24,631930001830335e-22,8983956052920046e-23,0.012441659968538863,0.1298259019484573,0.00016742011132026875,75747422412739625e-22,13095961061488281e-22,9769645125068085e-23,0.00042657810200072497,0.8571292981789114
3011864630271926e-26,10699253598271017e-25,0.34772425728037976,5700448916483867e-24,0.6522756484470305,4959258098509265e-25,40255948356226413e-26,11724412536916257e-25,9742126558412627e-24,6837290626406319e-25,7497516053384486e-23
631790588026294e-24,31191450339499615e-24,5707579259511319e-23,0.011896109274584715,1916475223224394e-23,0.029053410685651756,2489623308613622e-22,10467946638051079e-23,0.007073859831978109,0.011645081684007172,0.9403310768181953
4958846042217071e-22,13438645076351816e-24,13048493627465345e-24,3884296428947139e-23,9036185771474422e-23,333901913234501e-21,27956187310382074e-24,0.018796828564689224,4802289256459699e-21,2497956323111035e-23,0.9811973307318268
1388052951253546e-24,10094086027704441e-23,0.0685200089568217,16738831544478838e-23,0.26240716845813566,2781757941238773e-23,0.054075529456686096,5107109375773692e-23,0.001829651819568423,24073045801551603e-24,0.6131672686301062
7348530067222246e-26,11313025807423809e-25,0.4295752137207709,16597824035620423e-22,0.5453999779152059,13216560384936529e-24,13049382586703839e-24,30669936211312885e-24,0.010085121400871387,6293615547555313e-24,0.014937962746724247
8577392464613285e-25,7390688858406346e-24,48233166976361784e-22,6132970650050597e-23,0.14049376092128177,8741321111835757e-24,0.052005156267066484,2241924273252046e-23,6378842535977298e-23,6351165983272481e-23,0.8074960314561412
9122699070188384e-23,649476320673259e-21,0.2690438701714442,17734880029203254e-22,0.05586027769283292,3817613318726895e-22,20443070852455068e-23,4670544021365406e-23,0.03477547897159687,923316448417703e-23,0.640317216841863
5411080596859973e-25,765675543209489e-23,0.5445647051606066,10493055798250849e-23,0.40771126194963836,12227055343873098e-24,12848362897071313e-24,3890013125672701e-24,0.04748066263196351,12707244993773895e-25,0.00024322689281849148
12284299973625706e-23,0.02760208634122466,0.04235750466242166,3512127878864055e-20,0.21215054956557394,25586482840312316e-23,18311516493112166e-22,16449902580811487e-22,2605521182747604e-21,54736421154487165e-22,0.7178428041389923
907107605252843e-23,0.00976492950850005,0.22854482218846953,3298951414970822e-23,0.1931916168861494,3876224267389051e-23,10563049333712151e-23,3516141084363432e-23,0.025439516528638153,0.030272395109617545,0.5127864981639448
12129172456216999e-25,11878465803807632e-23,0.5395334206694635,1314904092076609e-22,0.40830925993469397,6592984324740776e-23,3331817239515826e-23,33294158344655533e-24,0.052156893337626006,7635564100452929e-24,37263499996423186e-24
7357228473570838e-24,40877358911604735e-24,0.5411692021260148,9361344487774075e-22,0.23548747015374913,9894311531461581e-23,4186128877745739e-23,7558401012801292e-23,0.0679935680196856,26617807843985106e-24,0.15534853232556492
0.0006285558503906488,7627179422246344e-23,0.4381361573000549,7796433278969362e-23,20958988573904335e-21,38181908927823295e-24,29039895855002512e-24,8610523548638024e-24,0.06412701187058993,5653191094076597e-24,0.49708708026879966
0.00043964448957769934,37176133066289084e-24,0.3610456343630738,4342826182422712e-23,0.00025978417189398417,25660975744102585e-24,846255715392322e-23,12411333972041413e-24,0.05485510191136398,54958993857812444e-25,0.5833997024287813
6886121718521065e-23,0.025570108254243034,0.4002020411709895,6677561107799615e-23,0.17817374636491454,4055767486402789e-24,18876642856597765e-24,7792900137145517e-25,0.06343090881635902,1011678487039096e-23,0.3326230259303316
46026375511606764e-24,19799652047754418e-23,0.3614435855297353,21486132305984694e-23,0.22397174239892936,9370632842015431e-23,19040646185637693e-23,7656851196821208e-23,0.051561391441820766,299597580144695e-22,0.36302243110466836
4324352499443183e-25,11027894588230657e-24,0.31646544165145174,30110266605400566e-23,0.3014839955669706,19752072068904775e-23,8108257963203859e-23,10227099666362415e-23,0.04080638805723171,1845305635802291e-23,0.341243462947692
14840410332897565e-26,6448363198777191e-24,0.27735984256090246,1595111409619737e-22,0.5108686772675758,6171038748413763e-24,25058293836397464e-23,10535782140494959e-24,0.02796556961815624,6837028469112663e-22,0.1838047934528132
27120486236834075e-24,23540329592542764e-23,15575684516366265e-23,2183141691823062e-21,0.15964087873769917,0.003287792695986839,45942829454841605e-21,17931379430462623e-22,0.0011156163103134273,0.022742400792468354,0.8131629740738779
10157387520378745e-25,33007286406721826e-24,0.1367606234125208,5238201294830325e-21,0.8163773039011682,9033815047600405e-23,42654890819023854e-23,1289417149995684e-22,3613662490214184e-22,5378786662568169e-23,0.04685579633389832
8565275533756325e-25,29455474312645757e-24,6363845469473725e-22,10992811530136852e-21,0.5615678783189729,2175593324157231e-23,0.05780894545471434,28273840590075002e-24,25563583671365037e-24,23171996365867626e-23,0.38061120940505266
20963903672526075e-25,17320997834959493e-23,10430930433281792e-22,53437924315511104e-21,0.4106838598127561,1785951768395932e-22,0.006591396680696725,7095023617071066e-22,2481069699167815e-23,7554907475278627e-22,0.5826684187858047
20417083871569844e-25,15717431656177584e-22,13401741914759624e-21,0.010544897275970652,0.35400946339341804,5404254268945677e-23,4974389419936724e-22,4234362455392626e-23,14132880706413918e-22,0.03618989146067901,0.5992387652299683
1657931159748806e-24,8793822324143752e-23,0.24498050793504436,2752240783147398e-21,0.740303167313711,2934840651407768e-22,2603568211782522e-22,225520725735158e-21,0.014706230823006927,39334631736704256e-23,6176752366570347e-21
15578725353484557e-22,19926055032053186e-23,0.2875836680081444,5617437254769636e-23,0.04620792449145828,17966677224580924e-24,2412211642690874e-23,12696514447206789e-24,0.04744348277744842,5237718987684674e-24,0.6187630513925529
3298653223306175e-24,25443384940392325e-24,3813791688163891e-23,21705046458007915e-21,3035092249126218e-23,4728617576452962e-22,6662888242188665e-23,0.018092988298832914,0.0047869359798231054,3841239981242287e-23,0.9770976955409689
8140689461373225e-25,4950902492289081e-24,0.08300630239381163,21864003757722994e-22,5944491892455934e-24,0.023004302557030697,10293488803832488e-24,2752179437458778e-21,0.017544649988899343,4716212952418962e-24,0.8764397797612893
6813626801537395e-25,5676856089914148e-25,0.14063355040225312,0.007662376208975149,17354881847354136e-24,0.050200117080137587,256182795245901e-23,3539923331236875e-22,0.029331383058682377,7828088491592972e-25,0.7721721973090434
21392793508855786e-26,9788196316708937e-23,0.07890163997337407,0.022880663423043623,3422877829318015e-24,0.054099684562264744,4469031175344097e-24,0.006656034884582878,0.02217468646748731,5834669416732576e-25,0.81528718411798
23642833831652124e-24,38175841855901636e-24,41950509672553605e-24,729905294747442e-20,5877369240200654e-23,0.0006736103163353358,41166270774609684e-24,0.05040469770745771,0.0059981558491045295,4318906777999972e-23,0.9429159901759371
4496919651934334e-24,16398386243454616e-24,2075834195190955e-23,23015754681261788e-23,3522575324736156e-22,10503519513740896e-22,10935547844794006e-23,0.05697164811124414,0.0051002766757166805,1209232543077032e-23,0.9379262793445513
58061816395853345e-25,0.0002218319706691178,0.0006716289673645028,5992591088317873e-20,0.26924833495980166,10083728653941445e-23,0.015571958819645466,5030704447567391e-22,0.005757450942448445,31858522178639066e-21,0.7084364001931015
2162235922393342e-23,16913448013106853e-24,11771389072711335e-24,16786979734889217e-23,21300934232422952e-23,614853326683106e-22,15780222837047319e-23,0.02010611239265939,0.001585828556734974,17213723558240173e-24,0.9783073913629852
11761686156627584e-25,5802249815328522e-24,5809999813894762e-24,11417129448278417e-24,11530585352378096e-24,14531277254552677e-23,9706755906644406e-24,0.021866124610315056,0.0019938569279175774,740451613598129e-23,0.9761398203015897
182103794505679e-23,2861571798666228e-23,4041610962149471e-23,0.006786037618810591,0.031661537542667845,0.035558789178421236,0.014711681966455128,37061009902074836e-22,0.009130291161594478,184301360407272e-22,0.9021478671480593
24685357017800064e-25,31440624872987105e-23,8833764481970215e-22,24790734817492022e-21,0.2605407474462608,18384806886442622e-22,0.03724904467860506,5704428478427772e-23,0.007799239739200112,6090881072898292e-23,0.6943830207160997
4234499848300764e-24,1554104913823297e-24,2275307256418976e-24,56316719153019085e-21,1580722534282916e-24,8803133122338089e-24,12653770558253668e-22,0.00847326194265724,0.002357331665963567,2143245160606999e-24,0.9891118037041575
7276043453758806e-22,16743406177097489e-22,1701515227207689e-22,12492156625507392e-22,7499788661128703e-23,2843288786756315e-22,12093040832462351e-22,958695980318358e-19,0.001829773412876984,24250803836070426e-23,0.9980687245380561
35795699192146486e-25,0.032205270813621796,9266186972481482e-23,4712162931977241e-20,0.08061897745704562,957951411995895e-22,2058322564068931e-20,5246935876039978e-22,0.004584476082149519,5146975903271905e-22,0.8825223393644632
14743188162127362e-25,14310767682772854e-24,47431571895521166e-24,701990314606936e-20,0.4253113386891251,14641344774676623e-24,8686189444891858e-23,8569379896543972e-23,0.0004975040544204983,0.013186461542151641,0.5609974253974417
837393867722719e-20,17045284564562232e-23,0.11624231015276133,6167009022410788e-23,38720776772602125e-25,0.009967674250272625,2031396873362114e-22,1676907706603243e-22,0.020272602904153877,11948396508697617e-25,0.8535084307338398
7568289330640365e-23,17748623105522787e-24,13982223018736237e-24,10844678914463913e-23,16021210635374504e-24,2297313159272666e-23,30333841953527823e-24,0.009367160134181358,0.0004220348672170799,14565707859308257e-24,0.9902105052441811
8438230440127339e-24,4436777589654365e-21,1162215562359385e-21,0.017203451158691156,0.7747339344966461,1432589084136138e-22,0.013417298918550154,29647313421058996e-23,0.0035028074648788504,0.0005656927695882898,0.19057076802833572
1554004467052071e-24,6005980061554132e-23,0.01791198552481,8328652486253875e-21,0.8392456247461799,15263235514774005e-24,11261088516139872e-23,7546887626407409e-23,11080819263022937e-22,5548971130278009e-22,0.14283213314014434
28289427576937152e-25,1335739207837773e-23,10636918542738106e-24,0.0008003199397266976,6605784338066164e-23,0.028111924753716454,0.03758527850539972,20467211168172933e-21,0.012725895989576083,13958114412384398e-24,0.9207560067611977
4432295479993809e-24,2012239823210899e-22,3755512321536619e-22,176295781069169e-19,0.9021002506112852,5331667192197514e-23,23085680759890238e-23,1686091254655036e-22,6320067398769326e-21,0.03504697819983399,0.06282778755304619
14637339177310422e-24,3234011455820884e-22,0.13355907885141713,60965130024276946e-21,0.32672197210522547,12217884843687262e-22,14186048113923398e-22,2808074122448201e-21,0.018439764324302346,24995528932683746e-23,0.521212183127368
28185388605609024e-25,6789969268459316e-22,11704930513764362e-23,9428043283292876e-21,2490930477699226e-22,0.04718406994324516,7467724039371455e-22,0.015204896715689146,0.00359073502415272,32382380083252467e-24,0.9340090431610283
0.000983369365905022,3482135270371515e-21,63013647008772515e-22,1057592520168689e-21,6418929950732368e-22,16685218851440442e-23,0.01687226574067623,37433338933169066e-22,0.006826626959055793,0.035214982525537404,0.9400873622372573
3745919369875627e-24,39664286179223763e-23,39925042819611173e-23,8405873985131159e-21,0.23735554727938238,0.0006467501874417934,9991057046412644e-21,29504167665046852e-21,0.0007838565012748179,423068657808916e-20,0.7611609146076066
6082695499228571e-20,17943858329864732e-24,0.12153771300682795,3342540019419789e-21,8365595470308799e-23,0.015554372640935626,17240059444444326e-22,15902323592382204e-21,0.020282300427391837,5567311258562104e-23,0.8425436608273513
14141006767587625e-24,27163378040144216e-22,0.135896710941864,1485038866660531e-20,0.218829178962658,2745776498191532e-23,19281183324004122e-23,5447606521720886e-22,0.019557988986112586,20327833071911677e-23,0.6256975719334562
1936941337077546e-23,4567817677535468e-22,0.10092127108070495,0.0013155822529332607,0.25537584012570475,7631936019647318e-23,3035230307926471e-22,17940870029485316e-23,0.014551485497702677,5279275208879958e-22,0.627834257712962
5099989550460599e-24,9077304042127827e-23,0.0049952427987784995,4982539183893047e-22,0.4297352732781686,23626288327034857e-24,7559684024262469e-23,10907028334788176e-23,4650556549424948e-20,0.022405810625798758,0.5428163653114121
8904577702340231e-21,2525069164514082e-22,44735900743868366e-23,6710521477904947e-22,0.017796179319708404,1294847080212815e-22,0.03224435470150828,2953767826432322e-22,0.010544167833561041,0.001378665059124738,0.9380259327288335
4386051192126018e-24,3745686894512967e-23,8582140958314548e-23,4275508589532355e-21,0.18789869360617242,21766923289369785e-24,7738927179218235e-22,18775086836819188e-23,0.0007514200972127529,3121381179039985e-22,0.8113441875750553
2128416499699548e-24,19576827282759978e-24,27453040672345015e-24,5701480801521743e-22,0.19212512431938408,9331651950770887e-24,0.02386142735114295,25239302222149044e-24,0.0008936635583259237,46753896351826745e-24,0.7831190841399608
43660933304400935e-25,10039728131994225e-23,0.1414914125181129,1914449768406542e-20,0.27193212196085875,2225884361731727e-23,249751995712476e-22,6349961332313595e-23,0.00859117126942882,4265557312643016e-21,0.5779616687055137
20824026572682758e-25,0.04004847260603674,2765611486718709e-22,17973895989635708e-22,34866627248749604e-23,26268896059427524e-22,32928536985247105e-23,1991508141684839e-21,0.006751232857697417,9884272036816348e-22,0.9531919337265926
6149246790948226e-24,36365474422037146e-23,0.03633397017331074,35364315485491866e-21,0.3442468659485265,12944587731390581e-24,7446067157645475e-22,28504537969447278e-24,0.0006525630450776151,0.04945860232958477,0.56927147832812
11507651775958126e-25,7373959482088597e-23,0.3567145694344069,174620729479951e-21,0.2785036218383643,3105228716850043e-22,2842035139147144e-22,41298178423893793e-23,0.025667067305484185,2603822225626833e-22,0.33911322382091563
14658952705374515e-21,7520050634736701e-22,3527220103765697e-22,7947089116779618e-23,9331907772677553e-23,4813462073265104e-22,0.012350286177270076,562542441586629e-21,0.005450806830403205,0.019936994306598375,0.9622449323273313
8311623200447499e-25,3994600820445861e-22,0.5789369170542791,38021709057232505e-24,0.06496693876345913,487006798203011e-22,34258985024544403e-23,2619434452190833e-23,0.051441559004300044,39645146268593744e-22,0.30464976486550904
3623243963820236e-22,3288556203923498e-22,11489464055768034e-23,0.0002539342412022814,0.1495842577614271,4177712682631325e-22,14714173684329079e-23,9544387219320385e-21,0.0027530060999381477,0.0525068782959095,0.7948910082266538
37847402608715215e-24,18298786057241745e-23,0.13050046696757148,3427147020328491e-22,0.10093038954157715,8057782871268674e-22,894019985121009e-21,6839155649602521e-22,0.009574283139544504,0.008004340324924804,0.7509875727625349
11912079974650296e-25,4369418257688848e-24,0.7365707236701741,2861562161710993e-24,0.20715222888754678,22929490629923643e-25,22623958615088735e-25,25432329384118074e-25,0.056277019604758935,2537899465475333e-24,9783576413101384e-24
6505686779813939e-23,37236061958906314e-23,10851352752614318e-21,5417016579886626e-21,0.6057651612134237,8085053397263e-20,328234445063458e-20,7870298445551324e-22,575172933550161e-22,0.16092212530512856,0.23329180067873587
3655525113579694e-24,13880171375519511e-24,0.4792086102905883,22534052958198887e-24,0.501945363655703,11792238938372368e-24,17294626625495308e-24,22511708298102138e-24,0.01884555923993619,1914846863310945e-22,1839403861365771e-22
2022352745955469e-24,15444280960578825e-24,0.589025121930936,28834500687978655e-24,0.37686045805581647,8900077531609971e-24,13904436874191325e-24,143655015493314e-22,0.03362728384054043,17968431317090656e-24,0.0004870347267723549
11937656944552996e-26,17075301847390176e-25,3321666486211908e-24,0.018067381900008023,0.5760141396867665,1304599216848374e-24,0.047564874804013106,41905879243383075e-25,13571329811317682e-25,0.004706284832735534,0.35364730677552253
1501982330615404e-23,0.02313863518324192,0.14378450781734528,12493387136211422e-23,31770485897535927e-23,0.0005492295922216882,26449889843209754e-23,6148208074641226e-22,0.014691672299670971,16134847965199497e-23,0.8178344567807749
128690506860543e-24,18398245871102122e-25,0.29619926126467144,5743908774714202e-23,0.7038005736917367,11812529699462457e-25,4456706092966515e-24,31615873306734267e-25,13848438646621067e-24,34970782105193636e-24,48015630427577526e-24
32277582817043347e-26,35828787633244337e-25,0.31647051036091356,52978875466843675e-25,0.24868611892054016,26470161740490867e-25,0.008228778176853658,2900080884581976e-24,0.017150631194529142,11013854833152666e-24,0.40946393558268224
10582744318543714e-25,4825787466787987e-24,0.3994950335063582,3897552306006714e-23,0.5831710058113407,24015818118566504e-24,3974989028969982e-23,5304845161834915e-23,0.0062818692423959824,0.01105186885221417,6168920482084564e-23
12158406789832818e-24,3663613691261225e-23,0.16950956424033947,1016299016312502e-22,0.4071506119489113,5178267244763993e-23,10255244408824426e-23,8537914847152272e-23,54132851724869916e-21,0.08734209004886986,0.3359432107713393
7265227303642346e-25,6563339438136895e-24,0.35522897891905775,15762130159644562e-24,0.2843595311281594,14473127647404193e-24,2187331779171615e-23,12715665593806778e-24,0.014390738710111792,0.0022836092734711674,0.3437370698602937
3214469093933748e-23,12964461110701852e-23,0.2191143378982856,13847392725124882e-23,3988721425777261e-22,5040690349807372e-23,16027042434482483e-23,8259496673504504e-23,0.01893544104048473,0.007841372548139637,0.7541078561054253
0.00019211945244225975,9611138939865738e-20,5534580472779497e-20,2751955154710632e-20,18846545618320614e-22,7469518233693581e-22,0.06842592087392564,16189458026287447e-22,0.011801998518875582,4056831560015877e-21,0.9193926770253332
12958427079215662e-25,10433453890357174e-24,0.2483613687317509,14469839940789537e-23,0.38615687893967365,11902190093689173e-24,17819003006848916e-24,2028135322126841e-23,0.0005476237711673384,0.007736348185619051,0.3571975739409428
8688320928026768e-24,15753459527161562e-25,14296424203299442e-25,23400557914226238e-24,21941170202910586e-25,4618851412491505e-24,0.015089800173668448,10651541873536222e-24,0.003287979962888789,2815062149030579e-24,0.9816221644900025
8853142392712366e-24,12653074536578357e-24,21516338306615403e-23,0.023081326586221786,0.34581341412455996,5249022104810186e-24,587151800812893e-22,10472986173776806e-23,4641686775859142e-22,0.04998206786651105,0.5811223218903661
8492943132395644e-24,6360574824816414e-24,76789746213405e-22,0.003162315461771537,5843789871752265e-24,0.022269395981917323,13685206065898196e-24,17783493870500216e-23,7445591363347114e-20,9302492936738075e-24,0.9744936034437578
0.0006144254559454469,0.0004921945847139232,2093255981340354e-21,6061816328775631e-22,3375767061598772e-22,19296542964821023e-23,12265472935772415e-22,7748341703295981e-22,0.0005049131896287821,0.02893856587243306,0.969444669536065
5061985020136154e-23,6626479893404464e-24,12945222664525801e-24,0.012510134753088565,13220476996860464e-24,1170229521074492e-23,1811672059347188e-23,21845750173498224e-24,0.0009728947349216035,15531567551776624e-22,0.9865152822784388
1243217051835678e-22,1855654455844738e-23,23851027963706718e-24,1219701082311525e-20,3570249194951458e-23,0.0028330904467092047,3890378205951245e-23,6516373100604492e-22,0.00012354381838923934,4106979748209721e-23,0.9970302346814196
0.002887934631085653,4172365243240089e-24,0.017419042019781738,8547695111577437e-24,28289866303033754e-24,4016310738357046e-24,5209570752124342e-24,6857320481056867e-24,8657127986848084e-22,0.10417474491521546,0.8755173556279899
3722001943731329e-24,5607670023537749e-24,26570479018085367e-25,9957823909491365e-23,12918003823312155e-25,9582431287282435e-24,5138440964419538e-22,40552812999478985e-24,27181629894897604e-24,20428185081063077e-24,0.9999992755540847
2839800239092397e-22,2331355036813178e-22,26422891301118243e-23,3840485758382256e-21,6559395849982118e-23,55544210157599394e-21,226467456901829e-20,2038168617724514e-21,28689358240399208e-22,13222316473568617e-22,0.9999312743550267
15669991507113248e-23,9593251261042064e-24,4594489726847173e-23,0.015435674431545615,5021698773966036e-23,12811282036687566e-21,21161364036003066e-24,13974124682901955e-23,0.002784949187669994,5500759026938454e-23,0.9817660867334954
2639388472748242e-23,0.0447452175107022,18915341455661764e-22,15216511771339146e-23,13065761840014649e-23,3817448574739644e-21,1130173146506017e-22,19154119973963832e-23,347687439005982e-20,0.004084664625052697,0.9511603182320018
35485531945317565e-24,14172971596060292e-21,0.21808212172265157,1381030202269222e-22,27737360770414433e-22,5515529508032504e-22,2496196434791594e-21,10536840633773117e-22,0.015236016684567028,8806829893496799e-20,0.7665725715643047
21681306028072345e-25,27626841454675552e-24,58724755325077775e-24,0.017870174639226903,0.3205642078837778,12310611874876709e-24,6444712508052268e-22,25703962031123376e-24,24442796847921012e-24,0.010155446935725579,0.6514093750929317
8875687084753729e-24,0.08259927887500475,0.0057546858981686036,0.07816750385166554,0.00539784197610779,334167456965182e-22,43227712631326275e-24,53555236120397304e-24,0.02483266257282514,0.00012234234074810714,0.8031255454099767
34333087643323485e-23,4565947457786239e-22,1236834222833126e-22,4005851949175513e-22,5904967178312861e-23,4266900732193387e-23,1683316111487156e-21,30975402512205784e-23,0.00010720875163390759,24831699947997816e-23,0.9998891239483115
8805478067756775e-26,0.03342989325630949,0.28049815071943035,34378326894200384e-24,0.2973071435070999,7787094750105974e-25,1593782988177298e-23,35231473781485436e-25,0.014804191280561952,3131586166861344e-22,0.3739602533717646
30201815721044604e-25,3581465497584399e-23,0.07471325430408371,0.002401416419968853,0.29793770910961276,16019426156510555e-24,25684046672309494e-24,4195704073280113e-23,0.001012364242559826,51344947810026376e-24,0.6239350820834662
289145234045953e-22,4339620574026067e-20,0.00047363847652046563,0.026023575566688672,0.3537185971848482,1759057830477716e-22,12229938290176225e-23,322892341429837e-21,0.002040700023985289,0.07070319534531505,0.5469962471850145
8893057931229107e-23,4256521262494285e-23,20955733734255834e-24,4150478451617808e-21,15807360573865602e-24,7820029787881285e-23,9034342960225281e-23,10773125106086623e-22,0.0017926175228736014,29041558932624354e-23,0.9982015274679611
8603335820395582e-22,36744995363450204e-22,27325156582498107e-22,2881575897834129e-21,9523087373268556e-21,5606598359653587e-21,2171208662875922e-21,20854155577488555e-21,0.002730650022306354,5821710656481887e-21,0.9972152242923893
1501366906708725e-22,18008372597888963e-24,5699336931678781e-24,21582706782866265e-24,44798689167658035e-25,8495507466706503e-23,29570914236233264e-23,6426124137190018e-22,5790482838289408e-21,18809093629872956e-24,0.9999929675244617
0.0004463707427180223,0.025300169531977557,1879769000329303e-22,3822434003058635e-21,13797167507949206e-22,1682610653143274e-23,1651126655901016e-23,4499807343928197e-23,0.0038137394509793307,0.03619072360057735,0.9342435282106474
1615093024900375e-22,9301945325344355e-22,7100673088064014e-22,0.02317698444735844,1400862959819709e-22,0.0001041612069548521,24176941128286163e-23,29819167129393814e-22,0.008241712926752597,4054243385170293e-22,0.968471570451032
34038183786639403e-23,5725796417733021e-23,20558013382016466e-23,38109252811278036e-23,3294218031363636e-22,0.00019931924006059222,4909386119475014e-22,4919032296226243e-22,0.00012231407223638313,34990578745315644e-23,0.999675720205807
23598434040483764e-26,3345013328486314e-24,10787105279430332e-23,0.003637654798068413,0.8332082808555505,8936834487065414e-25,33452069162506407e-25,5994151220672927e-24,8043631269865174e-24,0.16308401864286295,6991597996802194e-20
4054099123676068e-23,0.04620567202716412,0.06330851393064454,16213074029476778e-22,0.6765405413528975,10772310097874465e-23,2745765561403577e-22,4693650702749103e-22,0.000152882590868307,0.17780583066095065,0.03598404592525958
377028455519358e-23,11731561418392962e-23,55809693357484255e-22,0.026006015462232787,0.6477613451335779,13723689737693204e-24,23791035867874483e-24,9282582825956845e-23,42416910649340395e-23,0.12456720776635066,0.20165917507306877
11302963005684495e-24,6123002104553236e-24,7457553619906574e-24,7192983766026386e-22,3078158667329971e-24,8448560160327419e-24,8423182620842348e-24,7414188867855573e-23,0.003143031920347561,2576334960130505e-23,0.9968561040426174
9504369657679518e-24,9252074869939918e-22,0.09411164323058682,0.07145401097154619,0.15443632947287267,30123408692065446e-24,19472439415826661e-23,28692457571177497e-23,0.02528735702290822,9847858980475513e-23,0.6547091143393148
6215080461882487e-23,3600094995485629e-22,0.04298347678175035,0.09473502330681832,0.12982951051033248,18795298911714696e-23,12906915194877213e-21,3937478542185585e-22,0.027505862467643197,20763728759349034e-23,0.7049320085198266
15522195800486651e-25,1225154156227181e-22,6718503123263192e-20,0.14927317168657403,0.3664336457379169,7941548955017776e-23,22989618818604004e-23,1057309555958439e-22,0.025048925512823825,552359973797221e-21,0.4591759806147162
2189273568858492e-21,1659374026008413e-21,4775342084660316e-21,32376658928140976e-23,5795391741604468e-22,1347053599369915e-20,4226068468243333e-21,2318208392530622e-21,0.00020983798546921712,13782531535416536e-22,0.99975924165308
1044359275216674e-23,5380222705690721e-21,12094138716345332e-21,0.16444208450690262,0.8351411737737262,7307562848515261e-23,1359688208928062e-22,21940026234466582e-23,0.0003872264211840723,2025053218370836e-22,11399542716418373e-21
21088418790870064e-23,11719066464919922e-24,12847605999185694e-24,19174465940754684e-24,23758253862435114e-25,9879830827530002e-21,18018663655341419e-22,1922226921392714e-21,3823651249792959e-23,1530704618700489e-23,0.9999860855311753
5362050052632429e-23,27149906515090883e-23,0.09044210576517979,0.011701716389766406,0.005507155428987732,6415545372874166e-23,9950443551141155e-23,13392856644039866e-23,0.0152276875009308,7423957641168338e-23,0.8771206379675425
9170079945526965e-20,7855537100668857e-23,0.027694608472906328,20617266033278883e-24,0.0970345042243686,18725500053407265e-25,0.025252682344848704,8629411930468524e-24,738879516024982e-22,0.03139259057663882,0.8185337300192321
761250307594373e-24,1914115740880739e-23,14615229910815112e-23,29639265210342977e-24,0.1578213836703507,14745968503796322e-23,0.006079407488504769,19388731481623006e-24,59305966671612686e-24,2157238399925045e-20,0.8360772146087905
12374210835285195e-23,24864072441325368e-24,11363715495365558e-21,8942924535651811e-23,0.1045352018065708,3156258738616783e-22,0.06096047597018037,5122121598643161e-23,0.0016978563243569753,5403706391032191e-21,0.8327890935944896
1429485283144254e-23,10803901201554827e-23,6119846187521488e-21,0.021462871241380334,0.5736214951193984,1900785586815886e-23,7238555721061427e-23,3312191948841612e-22,28265254921165023e-23,0.11536889625111159,0.28953978994296536
12701425192954617e-24,0.022661644482381924,0.24642880585885665,3203343296240681e-22,0.20836903552602878,5599911206913158e-23,0.0521165433766806,52520270094040956e-24,0.018104715874184493,58138350916233685e-22,0.45231299949163917
3633048496823809e-25,38690122128236747e-23,21600242148989243e-24,0.0025373790037846056,0.4556828870638268,4071642591652921e-24,4399035729863034e-23,4294526812872628e-23,47403902726950245e-25,0.0008734196758829918,0.540905809650961
770740186943494e-24,4816924621060485e-23,0.1972013365714605,20440253436995052e-24,0.6865971960341692,2699961981517012e-24,7569370540056813e-23,9393710858080922e-24,12432134846220614e-24,0.09633906097539825,0.019862236813608096
5974640040904455e-24,3886958399123826e-21,0.08050370758640336,7952057524990165e-23,0.24597509223543282,30329759036809094e-24,39162586458274575e-24,7608923932045801e-23,4231365633323376e-23,0.05410518653354056,0.6194118532958048
24897595585551635e-24,0.10333644879082612,0.5498466936711758,8609256743067702e-22,0.30317081800008716,1290298922222396e-22,33023035178737167e-23,2407519510116956e-22,0.04341578096105769,27123864631530785e-23,0.00022840150846977414
9418850074373038e-24,8539465705882761e-23,0.09115098350790676,2409500879262551e-22,0.7113440546686753,22064927824868166e-24,55632518392371077e-24,7447510732397491e-23,972898135588266e-22,0.19673568781019807,0.0007686887872609335
4679326549419136e-24,45808788693460197e-23,0.22514350657659188,18232656486275657e-24,11422527422449763e-22,35455855504900643e-24,31192611937559634e-23,35891310164880866e-23,0.028478430504920455,37144818801045434e-23,0.7463753619226113
14131073957438301e-25,4710167744152184e-23,0.17285129249595402,22078700668561556e-22,0.6573210479624682,12942017932450046e-24,31943820689300795e-23,25302082522419565e-24,1030207743944804e-21,0.035012143736389896,0.13481187153031465
10642782438917513e-24,0.16662068126195656,0.27770343795416685,18840840020037215e-22,0.1535398193218923,31682611255840186e-24,41455279338901553e-23,12728565716887168e-23,0.033367246005190185,23165049002375412e-21,0.36874318216030727
2528034220737172e-24,0.0930862521881228,0.16967979635614963,13448849649735033e-21,0.25506657127543797,9688023288640643e-24,8777090166138947e-21,4407105823844451e-23,0.013423286249290015,10843857202025315e-22,0.4687207273183365
9656002064323442e-24,21565332141633562e-23,0.06760963756372312,0.010839396459228656,0.5279001878484145,26917594923675863e-24,10489341638757547e-23,14472197787529511e-23,2639902296791628e-20,0.1055706615118549,0.2880532157514984
6485830221520465e-25,3114811608770312e-23,0.43920720182846296,18662913892779677e-25,0.000258754815474214,27362681601670994e-25,19896191544265215e-25,8394033744083772e-24,0.05620908880495948,983205308291252e-24,0.5043249067900863
0.00024365887713082308,0.0007704419170357854,0.009693687148290279,250035947576901e-21,8096948145684549e-22,1131908473765467e-21,0.05168317367923809,0.00012769326182085895,0.014354219602960022,14111029182263667e-23,0.9231247927639958
7896538463448094e-24,9441375782236272e-24,3998303979482081e-23,26263680170854863e-22,2014264244205826e-23,14145253437102872e-24,4669272754745092e-22,0.026695307734465046,0.0051669086770724775,1904463617776683e-23,0.968134579639684
13771757403013953e-25,11081624797456649e-23,0.5610890026403418,40135550023634593e-26,3202595256230484e-22,4792714125930906e-24,43863264052538335e-24,4383634514430088e-23,0.0694214813326363,22992158115092047e-25,0.3694889883811679
7058505665427337e-22,0.07817908395284072,0.026999636492197863,23914431018632063e-22,0.00021819974895787085,1943728021583656e-21,36225643168795586e-23,0.0014969793555506782,0.012319098530694758,10323958662652967e-23,0.8807814954020535
6819506933892906e-24,0.04521402150326246,0.33197697433226775,900717998780285e-22,0.25331606002746604,31645612443657765e-24,1618860342613148e-22,8363359536257958e-23,0.046911457057332635,32350125112920634e-24,0.3225810806730034
9627339422080802e-22,8129240613704127e-20,0.10914044454494787,18212057023371947e-23,6351932907850549e-20,1267538850806728e-22,4175364674830352e-21,9707588256780927e-21,0.010882391946470348,7359590305592468e-22,0.8798164612530082
510645298211725e-23,19250856482309453e-22,0.4570342053827084,7349819993017277e-23,0.3873791089466368,9764225986893447e-23,5160875096909709e-22,6187207832124988e-23,0.044947221942889096,30329282911940227e-23,0.1106364811427892
25853296763025984e-23,13160474633618737e-23,0.03292929752227465,13365987186413698e-23,17336189213980125e-23,26528859144175305e-22,18630444021026838e-22,10725906144670071e-21,46685627907057544e-21,737497025755985e-22,0.9670080041041756
3659635744724233e-23,28508771854018483e-23,0.0007850014871499801,14086063014021966e-21,0.44840665482593706,15032885865664444e-23,0.02515868253435326,3345963040748577e-22,0.0003903232787615948,5822086441008132e-21,0.5252386231152165
12381323702750166e-24,4933982437902981e-24,12818692814241177e-24,9127391486568799e-22,815284914073221e-23,6883444107546257e-24,16653787812514834e-22,20712052617700555e-23,23320175217399894e-23,34001680106784775e-24,0.9999969023878195
0.0002116757031025046,652264364707507e-22,0.09899935973390715,2112132541020787e-20,23485902535675383e-22,9067952367378568e-23,11880602063688604e-23,10013444816046531e-23,0.0005560929650850942,9271546206520534e-23,0.9002089341203686
30302658956129157e-24,0.2001067509255716,10516890889291645e-24,0.01956474266489387,15233215389342903e-24,3472837986049118e-24,7549131869424537e-24,47620962758877935e-25,0.01795062272123658,11204339765431975e-24,0.7623778006471423
9445738404996573e-23,11236942278043605e-24,1536595141434876e-23,9877224575131549e-23,1913621219577644e-23,2016576112946766e-21,27649540612388818e-24,21065454744524957e-23,2859841601205197e-22,12590615383921114e-24,0.9999972075762875
5133051997379404e-21,13748542314479278e-24,4402443968874823e-22,0.0023495542282075356,18517816413487933e-23,0.011013681394533707,4030576043600109e-21,12019188524016542e-23,12719570371374058e-21,9762651447686342e-23,0.9866140241893434
91092976374681e-21,17546142855769168e-23,9821419832841133e-22,36484427137850055e-23,0.11324678684823214,6025575881041087e-22,17907948217973625e-22,6009753729666093e-22,36945061767321197e-23,25353218083344514e-22,0.8867457005108742
11512813785520477e-24,11312970409056708e-24,4235761512279764e-23,5273586825085502e-22,24751399692958024e-24,52376720382265045e-22,428086602497662e-22,27473859696246144e-23,7458465199790265e-23,3760146964058603e-23,0.9999937153011014
14997588546742184e-22,106053358805556e-21,0.038658031867836916,0.023191897264673408,15794464518198573e-23,19236050239784558e-23,1204190317454659e-22,17456943954507394e-23,3787242748344626e-20,7522219888248507e-23,0.938109872111979
