8094459983842523e-25,11474547101019597e-24,7214899008655459e-21,0.04828989980147711,0.7090297783759187,5879600418751836e-23,0.05185155644019473,13964273564329867e-24,51661393416893415e-25,37651525710571086e-23,0.19082108887816493
20360727345443007e-25,47854729219668675e-24,0.20180638597876824,1500844255952382e-21,0.5515642010829107,14931735803813286e-24,18617740815863848e-23,6587505894221152e-23,21804745353641765e-24,15878259000044673e-24,0.24662755753604665
2285731498893824e-20,53926442523443086e-24,7827002526540566e-23,17978801835216317e-23,3557975717402287e-22,3175328332082506e-22,6545047136701944e-23,0.03163105021327978,37857806377387634e-21,789886296558565e-22,0.9683071049113632
7524077068559823e-24,8123478403245823e-24,8643016527832007e-24,0.001598133762307673,72354533198526644e-25,0.010145768925489898,8443531583349538e-24,22677411422081895e-23,0.0018850153047947603,4713624035290633e-24,0.9863708105501127
14129747769207339e-25,0.05403590440981458,2372849249825093e-23,12236149741082973e-22,18586984196101178e-24,1263030159379165e-23,68634176296272015e-25,29833643266405116e-23,0.006990193036655,854060760149431e-23,0.938972308839328
22111013183597145e-26,0.06102699486625421,33719624126421123e-25,0.04564253146473404,27493682883477287e-25,0.027780198293772634,310542082035828e-23,24264236559965084e-25,0.01955919436189983,8209165079129547e-25,0.8459910683181291
5365552615828246e-25,2213631333754335e-24,3187901623835848e-24,0.0177543075858343,2511915297239292e-24,0.08709975528753387,8856723967489157e-25,6710816531780765e-24,0.004488709791136531,9650457367227515e-25,0.8906572103239164
11140150984319353e-24,7175023463419918e-25,9045825041465586e-25,7010799270734235e-21,1066423427813462e-24,0.024018355808061546,1004009501200254e-24,8078451290762955e-23,14608175117069655e-21,11908342332127812e-25,0.975959928409534
40242749820610484e-27,12380180985038305e-25,16797357675374136e-25,0.05850330000922413,0.6108118895529527,2558162612073678e-24,0.005055081897166885,8774865260618073e-24,4296316007850337e-25,8589562427429394e-24,0.3256297052305215
0.0004826747791897699,14582960719166712e-25,28645231700789314e-25,4260252379847611e-24,0.09965757711123027,12406546100536995e-24,13720175821267839e-25,30627881440764175e-25,32998870662923117e-22,0.07125125641133505,0.8286051663867711
719960892395243e-22,8237542506136473e-23,1170450374812207e-22,15051879578416262e-22,0.12451491445034406,779586486557426e-21,10464762630196448e-23,7903592751978735e-22,2059422694241156e-21,0.04265380244821556,0.83282577248085
8523066499837095e-23,946142021890489e-20,4750639278587506e-22,0.015280279131216604,0.20398892825617265,0.0312623382305886,13177961363582694e-22,14821135886258577e-23,0.0037910238306874135,0.08020881829712438,0.6654571245319628
9144804098643522e-25,0.03838220167624833,0.5119520795566533,37067081806349054e-25,0.42233085546860344,102766755983262e-23,19999521476102903e-25,1086721393284897e-24,0.02733484752321563,14657740516261772e-25,55840591856221166e-25
52057975401172185e-24,0.07262129952408782,0.40934162601173907,34182793265256006e-23,0.07718752554410455,7461728796685912e-23,6270225007093367e-23,8557653645272395e-23,0.052581101397025785,6018816638385535e-23,0.3882677705532604
7626318465359273e-24,27235767065944745e-22,0.4443163852907102,2665520689130595e-21,0.2785454733184855,8905744972850576e-23,28946699366977813e-23,140391587368741e-21,0.036164455692831825,5730881089829014e-23,0.24096771274984918
4432576582973338e-25,13803848137872625e-24,0.33669339221466515,10845110462319286e-22,0.5200019273476052,11091852013172815e-24,4386586952758288e-24,11016802491897492e-24,0.008419459816842088,5149667937108879e-24,0.13488409021507614
15808090329037612e-24,6949850902779353e-22,0.2538257304266325,13539649512449379e-22,0.7461663270122455,3134577237050792e-22,5187005583052236e-22,5320866102928962e-22,28336829219988906e-23,7795517608991437e-22,34506424468258297e-22
16594834614239048e-25,3013205986189333e-22,0.1128579708534349,37900597189194146e-22,0.046280269917067296,0.07181610077069396,19448705699483432e-23,31805745967166765e-22,0.015876996310079636,7356620055389854e-22,0.7531604583852647
25397201762078627e-24,863882153750186e-22,18874436817881246e-23,41936814139906444e-24,0.05322036151186945,7969383947652197e-20,6388349693132267e-23,0.014191706384595049,21669915330290552e-23,0.004189737879899965,0.9283178773349091
6207342655297826e-22,14112466241003754e-24,12611106640578037e-24,41050675111612996e-24,15517056310753322e-23,41603364529858747e-23,10116220345857748e-23,0.035067275164305946,0.0010680536988663043,9963513538118795e-23,0.9638632106267672
26462730631223977e-26,15224088418659593e-24,0.39752116688094485,15530062271527523e-24,0.5883421617251833,8915652648515589e-24,18313493862456175e-24,60312482806330095e-25,0.014136562052238549,18612881847595537e-24,2645044574916189e-23
28105233469077447e-25,5984128606755185e-21,0.35238255284290715,18810384930409397e-23,7891382892761963e-24,0.033659817096260126,10535371928455846e-25,1413893923159184e-24,0.04976286692687506,5153000676765342e-25,0.5641885772170844
2198913136522876e-23,7912373927016324e-22,14568657466774047e-23,0.09121784188475612,1663671762178204e-22,0.1368414591588326,5676100325986128e-22,2702194304328963e-21,0.026319003181131284,8043174056577505e-23,0.7456172202589562
8550844787646407e-24,33121451772856304e-25,30814834908158665e-25,57132267649869195e-24,5609678583347308e-24,13031515726591845e-24,0.024859193725392557,24176307408541866e-23,0.008867233621184899,18647893712243858e-23,0.9662730536934757
458571443543663e-21,15947658575760966e-24,15103613023989852e-24,1251911309176144e-21,35148040333064026e-24,11018880068404459e-23,3293713311942747e-23,0.004838478952244403,33543636868502136e-21,4985409831806667e-23,0.9951260077487903
10219361495590088e-25,9435752324291427e-24,13399779612359207e-24,0.02565358159415485,0.26156717501710175,18239517302065522e-22,10838738895756118e-22,9532711479592156e-23,13993324998793308e-24,0.0012044114011630501,0.7115717909840561
541569457738594e-23,8703058511995746e-22,0.3155009920352788,718321558982333e-22,0.6844953459660601,4173176802999513e-23,8177342521203972e-22,4548857365480748e-23,7513268735229796e-23,1663903419774727e-21,7045426633181702e-23
1298892490819772e-22,11601329163264665e-23,23584228562677082e-23,0.0228106581523727,1187640519481625e-22,0.05844301774232734,5485089421593519e-20,8814084765901926e-22,0.013945916672103258,0.02322657341424688,0.8815175012073787
7776730741261739e-21,17986503092260137e-24,17667759654855037e-24,49745029581741804e-24,9208174583499035e-23,3275433074829167e-22,3341723771977665e-23,0.03836590715623288,5885790741027265e-21,27907235865514325e-24,0.9616198639734659
23229010995181642e-26,2595808914066629e-24,0.13572887973953293,4116104979085113e-23,0.5260516420195561,26303344303211244e-25,0.10804357472622321,3515071345839299e-24,0.0032695265143423786,5100428245905341e-24,0.2269063217654497
18535372111750075e-26,1420243905389209e-21,0.4328175914987129,12826524039348393e-26,0.567180450969883,1649241823265922e-25,3792831508175678e-24,212050196846852e-24,5311655198508082e-22,13728546985698247e-25,26480402709047586e-26
21354876020141936e-25,17894766529145864e-24,14664586301792442e-21,43616077067404335e-23,0.2801492212443743,11245401150650571e-24,0.10423336617566646,4496840988248515e-23,4250917142332045e-21,8329139075305127e-23,0.6155979013802894
26416143594689847e-25,50619134603757615e-24,0.5380664219024567,9476390600639305e-23,0.11234664703983305,6571193432644009e-23,1990347164743006e-23,67019574217140725e-25,0.06950847373192587,7000158387361548e-24,0.2800782099836986
11735233705667956e-24,7186739383913086e-23,0.6452395679142754,11891792081415667e-24,0.30132298872764574,8783120024275215e-24,11655569243086604e-24,7048151176260585e-24,0.053437286697008264,10125572837648064e-24,2355369594231688e-23
18775258168107913e-25,0.055631744754783725,0.0851755714324224,41153701466273214e-24,0.4237991932129447,6670232130945246e-23,1793450043229579e-22,11341129301751393e-23,16115116732164026e-23,37912855332349665e-22,0.4353891356734678
43465710844567797e-26,0.018459883858616355,0.4511166492752882,6765826190473993e-24,0.38783227034635487,9332025766251076e-25,3815978353371887e-24,9323544400509654e-25,0.05066840149938083,0.06361176873835163,0.028311013400024967
3564471310828725e-23,0.1140061326202278,0.5581781104492517,48447930332719884e-25,0.26660512570132844,12219150985723449e-24,11517487949629207e-24,1011254012320378e-23,0.06121053058735108,10129882027669067e-24,18787137424515935e-24
0.0012975923868998518,22713922089322704e-24,0.8359090814870825,14611835262255465e-24,0.0542234390063084,11960244384650626e-24,10013261430348687e-24,782119471441148e-23,0.10856978220290571,7583340009611559e-24,3021276672267928e-23
0.001258256023982156,9054653700150164e-24,0.871291307154474,20601479574670592e-24,7828898429616815e-21,676432352453995e-23,49964034394771485e-25,35096604412713766e-25,0.12741563445086146,18026105655689027e-25,26926743195200727e-21
0.000879086438782807,5350307274002963e-24,0.7230033586669238,35826596929642864e-24,0.0001294792753490346,7646467868374089e-24,11699416722647858e-25,2306383881890663e-24,0.10969791955821162,7761870903464895e-25,0.1662901029844502
229279632882491e-22,0.10957159175557012,0.6267228473661536,1819474085151806e-22,0.15366494942276868,22203372453083353e-24,3701043891133438e-23,12867626709473314e-24,0.11003962620263406,5749542520268959e-24,702546415660739e-21
5359987871356976e-24,1025462411037044e-21,0.626977031550511,22250669421372852e-22,0.28019854491495955,12363079986220287e-23,29580539813477404e-23,813156382013005e-22,0.09281822190101677,3818933035449552e-23,24068032570592735e-22
5718933867866426e-25,0.00011873254044603501,0.5325284907563292,66279528875056335e-25,0.39734859359465696,33211434343913275e-25,2543971924264591e-24,24719922354900764e-25,0.07000415230628604,24647168483518418e-25,1279969960795798e-23
16424206914678198e-26,2255051498659122e-23,0.19435019853851673,2080457728234134e-24,0.7201029050016228,19584688513106758e-25,6162897725935635e-23,20104470455459506e-25,0.013024578643762701,0.07252220742235474,20000639506258155e-24
4031708560873115e-24,44071118986391866e-24,27991804011907385e-24,8096585179348824e-23,0.32054834625104334,0.005498906562454749,13705351444994016e-23,6791817797440298e-23,0.0020146264395781046,0.045887239842062916,0.6260505188727633
575009383966166e-24,0.03247285795767995,0.0001538221201749458,2124823139426088e-23,0.935145853067317,8959921035061778e-24,697563868968221e-22,10275008624473446e-24,8830670759606669e-24,0.03222732784343291,19329425995408404e-24
1369498719813979e-24,3471609506024385e-23,9183245384085511e-23,14162631147340626e-22,0.8958235791592115,22611891657572687e-24,0.10407600348023689,3342113409898446e-23,9232221183729655e-20,5377495969236749e-21,11174393792115587e-22
21225979698304333e-25,6353717406209062e-23,8474453724747857e-23,4074321624864061e-21,0.8214093909806833,9531391420223606e-23,0.013058996365790979,4933825682330506e-22,38524834438792464e-24,15652882049895675e-22,0.16552519541819535
6957484021490029e-25,17594137271532867e-23,4209916610384138e-21,0.02185550013780154,0.7067488664315168,2201013739845096e-23,8237467939805085e-23,1452359332815598e-23,26459135906418334e-21,0.07214638665241363,0.199218282180489
17699593186430832e-26,22062713962570698e-23,0.2088626041866846,21461154741755737e-25,0.7911024017359558,17949286181012505e-25,2618123854998313e-24,14853769214096965e-25,3274179312759526e-20,20210500219021747e-22,23863682597731106e-25
17853696883303903e-23,7629497289312497e-20,0.5750797564462564,2557473876868768e-22,0.0923193315275334,9055342840196591e-24,1627301420096439e-23,5950086362153084e-24,0.09489637126324567,22281219678257225e-25,0.23762777799900647
7395780482529017e-22,3470562965114199e-23,46478166849861e-21,0.00035653453561665773,4331676044615406e-23,5268941844714417e-22,6321382758774285e-23,0.0360473615838237,0.00958589604862468,42376212298847104e-24,0.954008711269111
12276004717271482e-25,3677910970251028e-25,0.1655648036383406,15669806197421378e-22,3963877903312482e-25,0.04591507165908722,5821011399078471e-25,51341492992693e-19,0.03494979197754401,25847640502462696e-26,0.7535636287627296
7341924934289295e-23,1155344326825876e-22,0.28361790251862146,0.013609315716932208,7152722045272493e-22,0.10065999981383587,12911835936772576e-23,7551390066497102e-20,0.05887505191498512,8839499767848105e-23,0.5431610943948636
31716939631539066e-25,3774579407933858e-22,0.15656568024521333,0.043964517720352286,7416934744779534e-23,0.10815868372675976,1582996712240199e-22,0.014177176457936895,0.04372965562804932,18369679172171012e-24,0.63340365475342
157812265607212e-22,17985591431092242e-25,1955060540756659e-24,4512418505787886e-20,2762850742033494e-24,0.0009301720699392661,20566210166090768e-25,0.10143683773798144,0.012098250152831882,2242222016024605e-24,0.8854895892576492
7131022358613259e-24,10224962086430866e-24,12957918961999349e-24,7196764900854082e-23,54326496784596487e-24,4837135820545028e-23,26733740293974103e-24,0.11238976569869259,0.009386459801002115,35412552779179166e-24,0.8782235073746049
2619918771300519e-24,0.00022431184909161986,0.0012307505600854798,31866510772615144e-21,0.5383642811504825,5198683371915239e-23,0.03132629843408717,990433423229272e-22,0.011498594698588663,25235202436785134e-21,0.41729850794416123
8174272200323151e-24,11986595566620321e-24,12066805663689224e-24,6869016209342688e-23,5680553759645053e-23,2005922049460407e-23,342200101036968e-22,0.04277159957982192,0.002860892246676265,12557423346764724e-24,0.954367283613475
1700158548579048e-23,27040159567285815e-24,2636088786028022e-23,8850748949157315e-22,5035724212128298e-23,5248816184998958e-22,10683103096924528e-23,0.04163786483511611,0.003973003129970426,3543713969615261e-23,0.9543874590503547
26318352164703067e-25,6751903754607953e-23,52180726962251154e-24,0.013838818310840589,0.0653111724522754,0.07107760921464397,0.02957495808107904,47152015819803643e-23,0.01842170637218688,24048751633807122e-24,0.8017751176684362
1981461947076976e-24,3759566469035897e-23,2776736055771714e-22,2949657683799919e-21,0.5225558191920675,2157111356273242e-22,0.07359538779666032,525090865383166e-22,0.01526222092692674,24067035575982478e-24,0.3885830128887296
10650585315404174e-23,27883346447239077e-24,39562086555470384e-24,9301564145543326e-20,28816743731982752e-24,10875821780474273e-23,5820155821216615e-22,0.01665600211997171,0.0047683733414263275,30376796271492875e-24,0.9784816849785211
42663778449715e-20,24911984572606623e-22,12786007347758316e-22,1065103568221996e-21,5758194593716366e-22,3269907940791136e-22,12235577419583156e-22,2759493140254345e-20,0.0036173690407203998,2503347360853375e-22,0.9963473977846008
20520337143668573e-24,0.06472739583922243,18274719696379137e-23,9738943882223324e-21,0.16234468895054108,18290146375668766e-23,3475985531524591e-20,1173734590494916e-21,0.00918085763293143,7213554192618761e-22,0.7637002775192052
9404636633613428e-24,10179939926973669e-23,10831864975530322e-22,0.000191987924692583,0.8494260329909739,10708727201648184e-23,16298223230806196e-22,31082155864522984e-22,0.0010157338127018876,0.026840847458909203,0.12251935829688239
402446497537248e-19,18752643230134737e-22,0.23034996739383987,563055311547932e-21,6573806042337677e-23,0.020547545453983608,37441393401745407e-23,2182970301230575e-22,0.040149221717627276,158651151512392e-22,0.7089099081510176
12210611690661136e-23,42625132336194526e-25,3284752907552015e-24,2166538076367763e-23,3831740876783233e-24,6148955133404678e-24,7092279881789198e-24,0.018701640827766115,0.0003692375046931953,34419724768872417e-25,0.9809289498338287
43941008871778736e-26,0.011942277059251613,15199650658113767e-24,11773836602457581e-24,0.961536389071758,5251725050529626e-24,0.006376591357441383,6408470919261324e-24,5713262008139486e-21,0.020138978266785373,11909303044523881e-24
7026412384800975e-26,4962624079731988e-22,31289342048859226e-22,1955383730166256e-23,0.9999951085285198,8537606744544992e-25,11469647593536658e-23,1887596781455093e-23,2325013561165452e-24,1081924508747727e-21,27978265255709105e-24
10171700065526697e-25,16993849237109332e-24,14083784715908058e-24,0.001540101174706513,8177304445913532e-23,0.05608785086542907,0.07526483258306678,13230604064538008e-21,0.025560762344978814,20511185205438604e-24,0.8415330880487385
5881287734028806e-25,16205184542543354e-24,3642022707938518e-24,12887498337921764e-24,0.9263952498475843,29024608827741736e-25,3083901567163228e-23,14332998415013606e-24,5737267633890489e-22,0.0736040752339427,19794898087205563e-24
26064673457254875e-25,29385605411829714e-24,0.2648867180728007,649343112696664e-20,0.6544088184131543,3333366921073059e-23,45778198645739754e-24,6789536045739263e-23,0.03625274396552085,25470050243419162e-24,0.044445021648058636
12240197127982955e-24,16810114806103667e-22,2858506909859664e-22,7196424165427368e-20,3844828425238421e-22,0.09407021471370045,5355292653170994e-22,0.02995159111409942,0.007013735179632995,3468013649411407e-22,0.8688892488351521
0.0019192450855305438,3738906842116113e-22,3963385033612057e-22,9032311728037437e-23,1512213403352453e-22,4009145723867258e-23,0.0339944275574432,84091935772821e-20,0.013702480869895731,0.06962602462023955,0.8807559290824306
2619614395159666e-25,4097468359972344e-24,4745215281713834e-24,17056440344434273e-24,0.47419455999236315,0.0005037163599199174,17383405589498275e-24,9102202793692519e-23,0.0016333822057423004,5289682233901908e-23,0.5236681539786899
2428016548911809e-20,4667112698246239e-23,0.2453562588114623,3391928886022511e-22,2083926237712269e-22,0.030873636054094232,36955619295987143e-23,5706358114372374e-21,0.04133142503016003,10599053828581888e-23,0.682407623777398
7979353470819685e-24,5250669034579045e-23,0.27200517367453436,10338215553778069e-23,0.43846334113355384,19245029967969596e-24,805793553844567e-23,13217013603294901e-24,0.03919291748093117,24845312415203906e-24,0.2503383384777196
7050287428631622e-24,1572351791437455e-22,0.20224528697741898,31510127132386434e-21,0.5088311002711715,31606894219974786e-24,9729435631763499e-23,6654110809297601e-23,0.028835795542825695,21610312152285398e-23,0.26005573125048337
1290094887407928e-24,23331355958216798e-24,0.010801353692200593,5025608111866296e-23,0.8589913743705104,7409470078791873e-24,18573641681678153e-24,1771425464298577e-23,3358784979528261e-20,0.04450535647214458,0.08566820904034012
46961108003418295e-24,8539250054426924e-24,6989270379725913e-24,35841375630612555e-25,0.03541508373661702,12237889895811842e-25,0.0646889160039801,17165623917883473e-25,0.021307622866071036,0.002172204434604935,0.8764161039446096
6390147128166299e-24,1976156680724932e-23,39588130585957e-21,28855452818507023e-23,0.38320230252742615,11056638247498079e-24,9156719616900809e-22,2130101432082231e-22,0.0014401947817071225,6136086016763614e-22,0.6153553950491266
13875559337411849e-25,22453104993942477e-24,6089653046622899e-23,947244085727978e-21,0.3836850965952037,11404381504898784e-24,0.04765333827410259,13484681528607781e-23,0.0019060975910349623,44648095027700224e-23,0.5667538428263039
2026903324460316e-24,19898763561639716e-23,0.2844811378595314,0.00016830112154339084,0.5434626171737845,171341028146439e-21,11360911733802289e-23,36029299102317e-20,0.01725961489780268,28256721342202924e-21,0.15459922596831163
2092759026035381e-24,0.08008578210849586,12418215496905553e-23,6237311375913919e-22,13470387328054126e-23,4372530837145919e-22,6592255795371554e-23,43846075606641634e-23,0.013502509105417716,4258302347948604e-23,0.9064098398568254
1667207739581675e-23,2462414868727795e-22,0.07106438564310887,366400657772068e-19,0.6897914136197582,32017399230581664e-24,2831678021765005e-22,7836865565519414e-23,0.0010020566093279933,0.09927372161507024,0.138831125979617
9101573885233588e-25,3418834872803626e-24,0.5993460228524177,2407799119965139e-22,0.3569400068776656,10610476037351023e-24,10985130463820032e-24,14143689034030377e-24,0.04371330763254712,6016749428626845e-24,3757649935762393e-22
10551859304193054e-21,0.0002938054610298348,3604627605425701e-20,28936484982694218e-22,5629535986446412e-21,9322894719420989e-20,0.024211104498776555,0.00013047360464496288,0.01088930224087759,0.039499079380178506,0.9248278845474549
26117297349275214e-24,6104620777909892e-21,0.9191587890903788,9154711940562568e-22,6537695875089098e-20,7991553969352085e-22,43927879946888495e-22,7635372826508016e-22,0.08073672155094438,18889685565965774e-21,7221024245716496e-21
27118066016045576e-24,7903078529396848e-23,23432449651207753e-24,8991892339008968e-21,0.29787496306598243,19202563167382693e-23,3854899017361949e-23,2536425696183413e-21,0.005643571313469903,0.10481885835346404,0.5916507187931255
1025307001774613e-24,72041193311347436e-25,0.26324779245656305,5353218691428235e-23,0.20118202040116984,4649735182265369e-22,38193339323716754e-23,4139525662031463e-22,0.019713323392901258,0.015299475246608893,0.5005560658816679
11711736042933822e-23,23145713513671373e-23,0.9351398317686989,35916010479870157e-24,11982910731580599e-21,43817258371107565e-24,4233214985422976e-23,3016442291685795e-23,0.06484755697708953,6818454482231153e-23,5935506103389058e-23
2138689604986403e-20,4034004710926916e-22,3364553154664838e-22,5233534947041453e-22,0.7190775781588516,1483362916513992e-22,24042672138887785e-22,40267103158002024e-23,1055913435926909e-22,0.28089610145197313,609417540367753e-21
1917433401679963e-24,3929356850941795e-24,0.6404837942598354,43389072255896265e-25,0.33498033882739947,25364001311078016e-25,4024181089051001e-24,32791995188452074e-25,0.02453582291771527,18084194443606435e-24,58855448385465944e-25
7016445769770348e-24,4548514208200838e-23,0.8504487344469456,21082645761079578e-24,0.0943558385486411,2027326506377517e-23,19458901322162497e-24,18127204544588703e-24,0.05519515223070529,5627436645686011e-24,13779289073780976e-23
4739456844163595e-24,4565326550229755e-23,53298354399959474e-24,31362538340577803e-23,0.9007933390505294,3811117226713161e-23,0.09905217030041147,6508799662409916e-23,4824797219771136e-23,0.00015365779650338513,26408896171307397e-23
10018497565045717e-25,0.04671121108418159,0.2880014261312166,57098335558737155e-25,8342732684223717e-24,0.0001553582925405239,21828209963239084e-24,13248332909412398e-24,0.029845084084316128,4069764688337844e-24,0.6352868662070846
7744887545666759e-25,49574787320040004e-24,0.27498431018098207,32035057045056095e-25,0.7250144750423089,16755845506160117e-25,11295605933273357e-23,1931855687049067e-24,4509564685822975e-24,10370515026232894e-22,309899123365257e-23
17837051108251872e-24,25764736450480893e-23,0.5472541776230205,397245586874045e-21,0.3837026664337242,33028121613227826e-23,0.0350945679689788,33929238291198426e-23,0.033941224387038824,581207370969856e-20,20921006434518512e-23
5445521112543702e-23,2466977048360874e-22,0.34736663404801665,8755451735116148e-23,0.5504056897058667,647521438473591e-22,7593413408852779e-23,7258425792202915e-23,0.0001547150584240431,0.10207224252502337,11668459262941165e-23
7154219870003178e-22,7992038557180697e-24,0.20980987804865542,19274115081091065e-23,0.5956145685180217,318488679939582e-22,23649163711384825e-23,4157982180404005e-22,13633865628742063e-22,0.19457242544349151,16430935986320707e-23
15960239770939966e-25,3555442314713013e-23,0.5962242918389713,20478202480754442e-23,0.3595383413559101,37235929707763404e-23,5556256505712923e-22,33447497560444133e-23,0.026253081209106705,0.01798228286300215,4983403148256778e-22
21509993580097515e-24,6196139245200571e-23,0.43876468867091123,4679649739996199e-23,3602969060761117e-20,3441026290412244e-23,20431188841165105e-23,8800331466609083e-23,0.038190130304916345,0.014395131218941785,0.5086135631213053
0.0003892535768003441,9083763979791086e-24,954077702888433e-23,7428754573260187e-24,35239636636717254e-25,1462695581201295e-24,0.13723875542119515,2593105158106825e-24,0.023671135033981154,33077439165986644e-25,0.8387008190272193
253042730344024e-23,17747877918880305e-24,0.4030319835753318,5105704554781883e-23,0.5754207931144768,21485328426404918e-24,29125833081713396e-24,3113625537243331e-23,0.0009321866434308101,0.020614779839883784,10374431077574598e-23
2024645895230339e-22,1270955746783932e-24,7399827887078529e-25,2032901194274245e-21,13790989515474825e-25,3893138543364655e-23,0.030365411281194472,12413931475601618e-23,0.00621041591903719,5294350083976984e-24,0.963421765678897
8830131183190012e-25,59866791331842705e-25,20741233682960427e-24,0.046766902712523296,0.6907584477684257,28527176822210764e-25,12438383603760937e-24,7323046110716497e-24,11855482564346207e-24,0.09920568846078719,0.1632688989776922
22674378607148905e-24,1613318428202733e-23,1956802728583836e-23,0.006369097636859814,14862331759931173e-24,0.043289346431284494,3512298380075057e-23,307979412971876e-21,0.00011626052841084609,24145758272069185e-24,0.9502248549173667
0.0013544182112686079,143426557463462e-19,5045317973728368e-22,374959773489709e-21,13957585839361218e-23,8346386798688701e-23,33529595594325995e-23,24831004678695463e-23,0.0005035689451271483,0.05999115870618081,0.9381348253443772
887588619450182e-22,4841064539266521e-24,10486579429623649e-24,0.025036891425703305,9412634305755126e-24,14089418120169354e-24,43322095101712004e-24,5182900116668564e-23,0.0018841523712924597,9428246663838733e-21,0.9730693052166867
10283479715656643e-23,4650974349422613e-23,5813966973034154e-23,2816954546654279e-21,899559308472951e-22,0.005442448878281084,9318261905731233e-23,9635669096874855e-22,0.00032816309702646,9634783408284185e-23,0.9942251205326419
0.005763812929371012,1179974129419016e-23,0.03341091625535648,54102161905009115e-24,28381622063906657e-23,5778210979621553e-23,3001912170109546e-23,8145002846675028e-23,17085298662179165e-22,0.2085839603372499,0.7522390829787705
3779343375899921e-23,18364306177161616e-24,12711065833126054e-24,33096832619143915e-23,10817017519142648e-24,3308783270837922e-23,12638195142257046e-22,2030873615250012e-22,4031046030998121e-22,6913691885109297e-23,0.99999761710962
140726020519922e-20,19030672675705068e-23,15471300211951966e-23,5992266890477512e-21,19864360042383313e-24,0.0005155174478225764,7556610010025708e-21,3012986095892405e-21,11983279672127928e-21,21929962805341814e-22,0.9994519722689342
3241043000572678e-22,28057699890565615e-24,10310563106728862e-23,0.03085897279235219,1781772747834756e-22,16682285595878747e-21,4609675964237885e-23,4878676233255698e-22,0.005810655871562192,12156798362517833e-23,0.9633124000732174
4462869709699595e-23,0.09108951045963298,385426839592958e-22,54267939979224625e-24,4911640394221741e-23,41640650088064937e-23,2253186254738568e-23,51965084295214344e-24,32870822115236566e-21,0.0068330400067417914,0.9020439012523347
13378777247649817e-24,8516718288409764e-23,0.43749517964860746,3883418357801578e-23,6354726532499144e-23,14979883471804384e-24,36005634231067154e-24,3062569452969793e-23,0.030221157202294322,4431605153656737e-22,0.532282937450085
11012442222284403e-24,9595131229505038e-23,25421041019108926e-23,0.036164265952638566,0.6394761616154849,41309596003186545e-24,10956315251085363e-22,22385671349500064e-23,13898525724460555e-22,0.02031364812323993,0.30404281248396103
8761826410598096e-24,0.16732663124791042,0.009647845841897996,0.15729523407823873,0.0090303088687872,368723890695932e-22,4539932682320031e-23,2747779956256772e-23,0.04984489905728303,6284714813172172e-20,0.6067921152464113
6020373314203514e-22,15727751458265453e-22,41273018921259724e-23,2491396228935052e-22,2458102759862559e-22,1976088450973904e-22,1680688730407501e-21,8924059725508012e-22,0.00019252037109097767,463048721120751e-21,0.9998011633840745
9978081806465397e-26,0.11063009223733362,0.46270182514723635,458273759179901e-22,0.40198028178920775,1307920418346001e-24,1987850180148741e-23,9273557483062217e-24,0.024687294781140144,7300884834141261e-23,3566491748052691e-22
22910673576889435e-24,2991013489931127e-22,0.15106824625818066,0.0035333138823313995,0.5960721887112471,13241097247617756e-23,23474501375447106e-23,3792345855089983e-22,0.0019700037665191005,8617987681831892e-22,0.24735431718039994
3413718897184479e-23,11532467885612996e-21,0.00022636894396482776,0.05015503431886233,0.7131393013096966,20123626981530387e-23,13995971096309732e-23,36870906334216056e-23,0.0034872476504048313,0.1424105765334175,0.0905691947336142
7216472353630776e-23,6856241162827138e-22,9129825110567412e-23,7638518794470298e-21,44495112313144916e-24,45294789178770053e-23,4911140669546453e-22,2119177517747353e-21,0.003230603400407454,596500448532284e-21,0.9967572047586698
5920580158333515e-24,12261880748783765e-24,13685194497426764e-24,18928446414643972e-23,34888449636631236e-24,15421078912897708e-24,9180153611470867e-24,6168583410871101e-23,0.005694147221736207,15458038705120237e-24,0.9943054949925892
2481024276145468e-22,8963794469523994e-23,13367962262001887e-24,17352440636526764e-23,13987709277059907e-24,30245058608180747e-23,6360788234178097e-22,15200303390111418e-22,44511954938633385e-21,7367533868158024e-23,0.9999524171895241
0.0008713293915694322,0.04967700512714662,37793212941877043e-23,11949781334238966e-22,8126236213334681e-22,10738354671868096e-23,7825978552461174e-23,13966177959261518e-23,0.007290232925402092,0.07210113681292232,0.8700575849039638
4971898296833046e-23,6897651286585574e-22,25532435501263123e-23,0.04642607599282525,9858164324400966e-23,0.00017268071467556876,7698069329419065e-23,16622282240798852e-22,0.015838976088971547,12931233688898102e-23,0.9375593052921624
934064748245812e-21,12680320680825047e-23,8837873187513638e-22,8864544670828957e-23,1356254853887741e-21,0.00045535976939804854,37668383648365415e-22,27212811916456006e-22,0.00027765113074425815,1938001725840622e-21,0.9992551734230005
7936600770442883e-25,25685346165417507e-24,23424343424165853e-23,27216335922361276e-24,0.7973971010704445,11425205911194966e-25,6453024953311821e-23,14072145331480698e-24,193854132474881e-22,0.20260249407373968,1778804301650888e-23
8293722797378439e-24,0.2611219681226064,4138583173681398e-20,3813967066995318e-23,0.5235047868259808,10223591050006898e-24,22893633740380473e-24,29008348574660804e-24,0.005606075474015163,0.20972561290971375,6227686886998528e-23
764361035682102e-24,14713444240228606e-24,1567432217787013e-21,7098049414736062e-22,0.8145313943482658,2904372476196401e-24,4607156102621264e-24,8898796301701602e-24,7402699729991493e-24,0.18546624297051406,4615323104397196e-23
10826569905426354e-23,13576840483736215e-23,11710162083595255e-23,6634424030691518e-21,11329297190926346e-23,4376806777280538e-22,41103787320759805e-23,28725084824430093e-22,0.006985143704667767,11075165442440893e-22,0.9930029186990272
21831189010446566e-26,2320257942097523e-22,0.18831870764389877,0.14421246765033152,0.3147983764672868,659929361983536e-23,1257692495634754e-22,8757393044725616e-24,0.0504894944746056,14254024484635933e-23,0.30218043785357407
48890092493485444e-25,19620141829893082e-23,0.08842195376923202,0.18729501854680394,0.2601815077261865,5076203081483667e-22,4983685329649221e-21,1546702534215564e-22,0.05464616124936991,9202573708832866e-21,0.4094403090684289
11246074209547124e-26,8011955359930331e-23,3412125915251262e-21,0.27392437567303707,0.6800350082629769,11036638649614242e-23,15059764511112958e-23,936580270471585e-22,0.04602258807577621,40273128748498827e-23,13778276946098313e-21
45026169923378515e-23,5771162514084881e-22,12514973740784113e-22,10781379794429539e-22,4411845183103004e-22,2281806352497361e-21,11503105949976658e-22,8740733858632419e-22,7171422638499719e-20,40067505454855523e-23,0.9999197807104047
15484514893057068e-25,10191287950830834e-22,3250021610530637e-21,0.0769952162143793,0.9230001982007785,119865861948676e-22,26495511773322235e-24,21382725547199095e-24,12476374379311034e-23,7367612678504182e-23,5658283908755835e-23
7291766795549933e-23,35371968491171083e-25,30342358924296298e-25,18107150533243907e-25,4768821886278055e-25,3225254653397094e-21,3068400899251999e-22,353604887069881e-21,16328881053433173e-24,24797325400639326e-25,0.9999960137150583
6192953230129517e-24,11163506999775565e-23,0.18184651155096093,0.023356666124688816,0.00967821171149197,10714879520547524e-24,23736971383065406e-24,2416747656965749e-23,0.030147358339831155,2274584758976171e-23,0.7549710530798288
0.00018838109643892125,10318426056643232e-23,0.05551537831400342,12469520971475322e-23,0.19385092185970543,151866110069767e-22,0.04973865217708996,8527111663283663e-23,9347183598282347e-22,0.06324636373816885,0.6374590397590354
28445869262850857e-24,1957997567272831e-22,22332527995844924e-22,25333514565595587e-22,0.3165042390760777,9052577170095091e-22,0.013881070655997349,6058650154346222e-22,5094690682933768e-21,700546684795425e-19,0.6695330389361118
13560878954874355e-24,8854937152277087e-24,8643176956679537e-20,4056690801378197e-23,0.21103709296446616,3976912110654333e-23,0.12002100520036277,24315368468980307e-24,0.003055303948335636,4602032412550001e-21,0.6657954370176431
40158729104493325e-24,33230734363265504e-23,8209009109149215e-21,2998960804358533e-20,0.8154097083194277,8596020863503068e-23,2497284081490575e-22,5065868829088613e-22,2832014102926735e-22,0.18454244512222298,8149998213233202e-21
15187099137019098e-24,0.05840863312613682,0.45762930614686453,114060201990629e-21,0.35083781145318504,37983584135998397e-24,0.10094316642654554,10020224643815088e-23,0.0321666063890745,13058408127332422e-22,1290318418758346e-20
12720506299015726e-25,19354254413920776e-21,42958374107273586e-24,0.004714162596684487,0.910224665763829,9300776041668111e-24,7992525033505381e-23,6894202358478897e-23,12272698204309148e-24,0.0012951964936326987,0.08374640622032407
27069369236884944e-25,0.030063922648128086,0.11450877335715595,13201413334797743e-24,0.7124996940639164,4413578585915791e-24,0.033395648802806356,10876486216133043e-24,41904896260291475e-24,0.10953186335013032,24674473296913525e-24
10412374373555831e-24,653739374346235e-19,0.16274173214157803,46018898430772804e-24,0.49137865223110805,28737272742475553e-24,3790430884753021e-23,5255295633113457e-23,5152803561727515e-21,0.10930260139902721,0.2365063118614782
3894243091799224e-24,0.3446758975708155,0.6026277865430509,21254030311362816e-24,0.0013270101823262227,1009920442047699e-23,19619229504370873e-24,1667964868104425e-23,0.05136917896041475,13612530349406272e-24,41585012943499626e-24
18016733324254488e-23,2910320945133867e-22,45961263415062077e-23,14730291864316233e-22,0.698654760570104,51329183017285743e-24,372886778158116e-21,9181359873515813e-22,4792030154766306e-22,0.30133959728077714,14167539100936975e-22
1919253505747223e-24,3497445387691718e-23,0.4501218641307197,2326804442639932e-24,2983316420061778e-22,2899339500391851e-24,9283397760028134e-23,41941107074277705e-24,0.056965966482035994,5046310337703159e-23,0.4929116436975633
10686002439586331e-24,2868700679675307e-22,0.10762199987292781,3248966308595308e-22,0.8481676984959435,7226659186028517e-23,5552000214599374e-22,14290880447573235e-23,3988731732451598e-22,0.04420801777173737,4921581376561119e-22
23917641046879023e-25,0.38089450661836083,0.402185405287263,5189239369827949e-21,0.1649529954732206,6132435382069783e-24,17531758849684634e-23,12856000680631766e-23,0.051949988114501806,3411435696444999e-21,8191429879300075e-21
2253959417791391e-24,0.19770823359483586,0.3019878446634322,6516471711822086e-23,0.4768959517716839,7043957611828623e-24,8204561793210565e-20,29129962752854866e-24,0.023321356603954072,3286252354846128e-23,4431293049398169e-21
9902650706952059e-23,22677097650922775e-22,0.02483972395016374,10347123567723071e-21,0.7849762990458531,1869459253657644e-22,9424876429588893e-22,12352318127830204e-22,7993590705711318e-22,0.19015958155075174,8517568933615592e-21
31338480303263517e-25,7746131990691842e-23,0.878780613319427,21343940539880275e-24,4999194391867986e-20,14025397593440354e-24,16148399844269553e-24,227392477479226e-22,0.11242723879583903,11903890971821967e-24,0.008741989183510896
0.0006698064010023578,0.00022311440798757336,0.013455090137496545,58003333160232624e-24,126144068466559e-21,35311638699649783e-23,0.10571984338474652,3347310377582597e-21,0.02827462746365611,3443718248484349e-23,0.8516535991937599
14627070829979267e-25,43821935668406996e-25,6752634835290364e-23,22188648703090294e-21,4835313244557285e-24,29087327381744775e-24,56206740137960194e-22,0.05452142203901944,0.010266207175806126,30816198147061734e-24,0.935184423352381
70347947137848215e-25,13823000054429815e-22,0.8985239412742445,50454601569861896e-24,918221660078884e-20,21318951464371984e-24,9387762723610907e-23,2210316378014689e-22,0.10141503644196957,1549371279299453e-23,50048555740021946e-21
13475351123957818e-23,0.15306120916724167,0.055642569695053656,25150812679360644e-23,12956867665851442e-21,11429728690513815e-23,247538994451369e-21,0.0019540810451041408,0.023703060754898787,11618399158267047e-23,0.7656252581881264
19623670102776025e-26,0.12939337576896542,0.5173541272815477,1397743159047464e-22,0.2851002726308738,4406002261786306e-24,260087836181668e-22,25104612227931677e-24,0.06815056301299377,26366116078561654e-25,14631790402450822e-22
3683372421071858e-22,3399724566151871e-20,0.21783813800165214,21604669014178303e-23,19975240673519943e-21,1521357732963953e-22,1572554221723776e-21,2125047052244978e-21,0.022212685010677802,4141034899835639e-22,0.7598903562768655
12043116582046387e-25,172411314790283e-22,0.6573884263843855,2642000947034694e-24,0.3064227136642257,18039800262421008e-25,3899579179542116e-24,268957905676443e-23,0.036188811033142525,2552122235321371e-24,16885542041931588e-24
3127932567558023e-23,4424238494369587e-23,0.06542580706204745,29802801168480794e-24,5264512828171844e-23,1622784994461502e-22,13792751640104073e-23,6003253980625542e-22,37476210447091656e-22,2028432821265159e-23,0.934569366531525
5253327639100264e-24,4148240659587756e-23,1966718255158313e-20,4419950060558246e-22,0.8970530120117982,21663354263325898e-24,0.0512186566040562,4756451441299119e-23,50367786427299097e-21,18222948593658704e-23,0.05165755622658162
3261371320303252e-22,1359267442990063e-23,10764873702374542e-23,4419374872645702e-21,16962879953767068e-24,691195850432369e-22,49411977569820305e-21,3297472264060709e-21,16853031202341e-18,4686991993149993e-22,0.9999250159838832
0.0004452641427230904,246585604733568e-21,0.1999455605228101,54403687093639594e-21,2191295323506837e-20,6808226972563401e-22,6643478827066376e-22,531012897725766e-21,0.000750396519434258,708351343158751e-21,0.7987796310542795
19283598153552944e-23,0.40165533590724156,17959981422326413e-23,0.039768570038286086,2489699028595211e-22,7918279704700888e-23,1420226366507962e-22,9766311383553792e-23,0.03565531780665685,2640436313082532e-22,0.5229195719299407
31350301269022238e-22,10859709308600057e-23,15543034705166763e-23,5548385095989895e-22,1856339610437893e-22,37560747147082985e-21,18461471017245686e-23,1129273868371119e-21,57566716080300305e-22,12647802946184832e-23,0.9999511026845993
3447833607491213e-22,23635644997021974e-24,2690122887256705e-22,0.007396399586838424,9905839924649919e-23,0.02312049683081004,10914219363234372e-22,6400585988050802e-23,9971667236702776e-22,5490116102870735e-23,0.9694801595969765
8777596304129177e-23,16137096177730928e-23,7654545173080987e-22,3672128638751623e-22,0.2262678440870053,37122339399481435e-23,11649960791829394e-22,4970101688455923e-22,3987516017831662e-22,18179611756560953e-22,0.7737265241562739
10023149234898279e-22,1971948092936999e-22,34948617893575313e-23,9918789174499657e-21,3225854807430579e-22,0.00018330126214439243,2932908919826297e-22,13323914639259656e-22,6550868714209586e-22,2680224893797312e-22,0.9998023595755721
6334218815185017e-23,6295444386095953e-23,0.07725285841499681,0.0433212798019589,8427180844706144e-23,632886643831967e-22,6702600357831465e-23,8257948307392191e-23,1723408518513258e-22,3664585775303771e-23,0.8794252293337433
