15640434115380727e-21,12226859351803098e-21,0.011570343680038904,2223412125001745e-20,6868126356303827e-21,68508906619616406e-22,2416258152452318e-22,0.0024928298989428466,0.0013059952889244598,4127833570045206e-21,0.9845626412409729
24713226429445943e-23,4473435833602166e-20,802994318641062e-20,17945796138204954e-21,9625400029827734e-21,3112875132414819e-20,12757668616571787e-22,0.023948377627771158,0.0013911509407569546,4657728650358373e-21,0.974542826554681
4326260229076105e-24,0.04262722487134384,0.04523385363188533,7167048366111064e-21,2797817220469085e-21,939108856577075e-21,14907597762562317e-23,20993131799026466e-22,0.010422637632906372,511890626291906e-21,0.9017026152833784
2610127363895663e-22,4987327823137466e-22,3016658963365868e-22,3288496937196118e-21,0.003822461790959483,760130245735029e-21,7147072893336796e-23,0.010637074943771271,0.0001753829369912838,34313713105782255e-23,0.9853595556818201
48945293824703154e-22,21070131950547277e-22,9819606880093544e-22,1087899022680214e-20,1839786132180242e-20,8604745635985763e-21,2602165838034262e-22,0.07612721165089006,0.0032054192049869217,4606735944578766e-22,0.9206207831534905
12884352472493045e-22,17669725466493299e-22,6020020602778029e-22,3063648387818135e-21,1034228079749061e-21,1515837241308852e-20,0.00011549659998469515,0.02683380918680223,0.0007946933635788442,33826934279506215e-23,0.9722327489215538
1597105038267156e-21,10776746545066685e-22,18510940979582662e-22,14936438079052425e-21,70048130086543795e-22,36166664153054404e-22,876616460859454e-21,1799410045408192e-21,5284667623414667e-20,32413499707036705e-23,0.9999140693709688
17756070099915252e-22,3779682917447621e-23,3565829862066134e-23,6323927361411648e-22,6209643047983596e-22,1695267741611376e-22,3505623462993093e-23,5636977012490203e-23,0.00016140387794946054,4941166553560029e-23,0.9998351833384276
33698400910804785e-22,18861235734186845e-23,12709260886477369e-22,0.00037821813347070805,60568806649974945e-22,2708762806001485e-21,5151040972076547e-22,427156118505512e-21,0.00012577420628402834,1143580152811114e-21,0.999480326797869
2628831843833552e-23,0.01124316082977654,7205414517328702e-21,40889034746999665e-22,0.00738936510161899,11018264380665897e-23,29601256864463036e-24,248069624102051e-22,0.0006112273295797471,9317582559458537e-21,0.9807354439592916
28807833955456637e-25,9675597455248934e-23,0.08261863845595156,3628524771404404e-23,0.0821797271304279,31629289355311674e-24,1096404802850788e-23,12187038907890869e-24,0.00353052402574656,312480217365882e-22,0.8316708884374613
12289386828083876e-24,51126823344842067e-24,4876322021968284e-23,2460586423229531e-22,1677850425966018e-22,1986817159269244e-22,0.0016481914724557276,0.05475304931089309,0.0020854811646533323,3433564820683011e-23,0.9415125190115176
19186418488825464e-22,6525347879445014e-21,1974064281313296e-21,15169030713960445e-21,7861898447527162e-21,32508007400374795e-21,5731079508510049e-21,0.03228249963251145,0.0008383295831487524,6493740613289257e-22,0.9668068333401986
42866242279991275e-22,1812400284466198e-21,23579445806013174e-22,0.00011557699963347695,2366910865850909e-20,6723556752621277e-21,9242320467651494e-22,32776641397386966e-23,0.00010886873905040272,2829144390684904e-21,0.9997326234839604
7510038855172715e-21,19542755534646778e-23,2801112787903992e-22,8469385772013932e-20,30171898037871503e-22,3724097193449395e-21,4830460476158092e-22,5206347186133091e-22,0.0001449117700968814,5215708235923978e-22,0.9997541422559069
18450260849748988e-22,1097182968212182e-21,6727500634032228e-22,21065268220400767e-22,20458423727517645e-22,7509409366289075e-21,2971461887507946e-21,0.0344283767926316,0.0008362623374846874,38728629306741686e-23,0.9647167253840256
8753362236933304e-21,9666923597374913e-21,14519301398280653e-21,0.0002143188640148174,15250968930619503e-21,799587460875085e-20,6001570128986433e-21,784140279500318e-20,0.00014018729883483988,9287495500857468e-21,0.9995661769379534
14198871209493136e-21,4920309934859665e-20,0.00020881527313321754,48022032141520126e-21,24684797734079257e-21,965084136585965e-19,0.006804123995287935,4131472088429897e-22,0.0008383939181806931,3906601607296687e-21,0.9919117298504893
42472575798130385e-23,7134280430366486e-22,4505101072062573e-22,1651512164686222e-20,2016395102936888e-21,15497226181116578e-22,1773250319611154e-22,9656328342772754e-22,2781109523596314e-20,10523205898759838e-23,0.9999492708115627
8056428057280869e-21,28539561780538517e-21,14217711794658604e-21,47226263832861304e-21,2663242140010376e-20,30680584768302084e-22,4924114165394309e-22,7467762738973077e-22,3878291952009465e-20,3246198563452228e-20,0.9997997754618129
13092987941722357e-21,19760617302630007e-22,204754200232526e-20,31264397254423615e-22,4363667310455319e-21,32735663898825798e-22,0.06165030165657412,3991289296494281e-21,0.01182865088152032,32424264355189025e-23,0.9264888516648654
12589491586922628e-23,13312332325992572e-23,15578004854097437e-23,5946016370151425e-22,33580136092894324e-23,32455774154463506e-22,0.0010831568775877564,0.024851537322494184,0.000342994361316315,13088450239003087e-23,0.9737175897754063
12847131256136765e-21,5007795849769043e-22,20411974253832683e-23,543924203680241e-21,2682274350925352e-21,8537808372214517e-22,0.055272742587308576,3633612299213716e-22,0.011178419902946471,18555097711601105e-24,0.9335308235834434
1788102708403006e-21,35162474576729423e-22,5493560327338159e-21,0.00010030721901324661,758306849381591e-20,21301243315472627e-21,5831812074952228e-21,11759028955866652e-22,4737716119900059e-20,19495758575063554e-22,0.9998036761066568
264474605419374e-20,1941773994580166e-21,28525023446754794e-22,2292039658154197e-20,7911916434978834e-21,12105057191499685e-21,12218335964213762e-22,7048161897659047e-22,0.00020300135089916602,3239487541628692e-22,0.9997443716579593
4237256077375104e-23,12952565251804797e-24,2784857241208871e-23,7978077658359083e-22,3353158353945767e-22,19823113564695872e-23,3291434344608585e-23,0.017666417450004784,0.00028217805492793525,11572091052027204e-24,0.9820499454801972
4922636128822213e-23,3571577997662909e-23,18788331331370994e-24,6405909711547307e-22,35356331346187065e-23,23427886045555846e-23,8432055961580303e-24,0.016670781532299842,0.0002489122729155916,13886562475243978e-24,0.9830789517125482
3208643933259614e-20,5638315001086709e-24,17597976538844578e-24,23080428439225953e-24,259388754212995e-22,323535017208552e-22,0.028281309654454176,13606296605299205e-24,0.005049916735087898,32835332516197312e-25,0.9666365656721985
4775627508719095e-22,0.016017896909705127,10630611649615259e-21,33944465536189607e-23,0.02002407313686675,11349499180051206e-21,9149399907083431e-22,1727355309232736e-20,0.00027621076338138343,57376251414152125e-22,0.9636350959536584
1990196503516317e-21,1890309097239472e-21,33761311103298915e-22,7373508967867856e-20,9544261110450707e-21,3975283767390432e-20,53776067475579196e-21,381301235545121e-20,4727046775187139e-20,19278056774724273e-22,0.9997629238215651
6626622072779397e-23,29445791962383518e-22,10694776286057432e-22,18572787825432127e-22,0.000140832302274887,21074817839137946e-22,18515246328552928e-23,0.11209793121218753,0.0014857734793200725,2454903035214789e-22,0.8862669872798357
5872470841691408e-23,530488214175827e-20,31828546681548765e-22,5027873165123348e-20,10391669171341497e-21,21398102027586738e-21,11205490850755873e-22,57168548805575765e-22,0.0001137362916107706,17423964275020088e-22,0.9997870689436275
11720078488844676e-22,5872886382684298e-22,2406239189171004e-22,2832521196203169e-22,6130629059671497e-21,2433758849706318e-20,0.0005927188056068512,7198708548555144e-23,17747468255279865e-21,6787026012097579e-22,0.9993560316463683
752597852185756e-20,2418692914899635e-22,32246093540233593e-23,2263384469096828e-20,17375984739073374e-22,15910375801241005e-22,27641453130540355e-23,0.004488213956184947,0.00015390861326366282,3119064203243068e-22,0.995323236320106
32457497094799406e-23,4929530855360477e-23,6958983956070529e-23,39844331361632015e-22,11742735562053353e-23,39184741972133957e-23,3341458584269994e-23,23852227448380673e-24,14149325136798645e-22,17764814351594264e-23,0.999993412984499
2020307621017733e-21,9015522174038269e-22,6980050831976677e-22,8013055093201017e-21,0.00094816574189979,35661442691747446e-22,16880593299946066e-22,0.012753318516944112,9838605407863861e-20,1135029867361773e-21,0.9861821075335966
24337596331273454e-24,2998704402188448e-21,6222887661244648e-21,39902029521230375e-21,0.09092017589225447,2989340685746278e-21,0.02213015372857173,2215830845588712e-20,3174481078246504e-20,7555821986384765e-22,0.8868428743778701
82663169589605e-22,4306604591938958e-22,82325445652873e-21,6337070644934215e-21,1738570909587369e-21,7667470031636815e-21,14016016698090226e-22,0.007765230507936163,4747592994774896e-20,2872195856889306e-22,0.9921693403770527
15576519804199414e-22,11668101221279524e-23,27554182126153257e-24,2322168375921464e-21,4774504349140744e-23,2120639216507674e-20,9796862043428515e-21,9247616838594581e-23,3720355073020317e-20,27986702854451926e-23,0.9999273490512701
1141569822780802e-23,6125998283594762e-22,40560363160287583e-23,10010816315735976e-22,10208290202183577e-22,3007910069703584e-21,0.00015778952230666664,11640491394776002e-22,14160022830931088e-22,3492066029021062e-22,0.9998332217797881
6739637913543819e-22,7214919261301749e-22,3210362853030809e-22,8605851216854154e-21,213384467006646e-20,20450991473604113e-22,5136923619048713e-22,0.004100425487952295,4695054316515275e-20,2426407745150243e-22,0.9958373663487092
6620500678080617e-21,33870440893400686e-23,6925227164472219e-23,9403188859926997e-22,688831786403485e-21,1920400443936591e-21,0.014214275884101839,35045342219663456e-22,0.002494920498635619,16724697559150143e-23,0.9832765538275884
17468540826552997e-22,3885965199450139e-21,18872222603233567e-22,678223195209043e-19,1159031619327778e-20,1682245808112764e-20,0.0016231152445587637,3196364141979814e-20,0.00011164997433124363,10533216064374332e-22,0.9981284626827462
7220579707285399e-22,2857346261362752e-22,3651856958621921e-22,157118401179318e-20,531117385554146e-21,9046813165869189e-22,18018395130318726e-21,19478174208126801e-23,2393899037863407e-20,39465319448458845e-23,0.9999530732185479
5292393728474002e-21,431557068528149e-20,33595672490229877e-22,2059306460050234e-20,0.00011847498526175622,9773479596949627e-21,0.0001066111634454212,0.001953089475963722,8292768089449183e-20,4098435611391111e-21,0.9976914641829631
2631450115410057e-20,8232772734792371e-22,7090733781295438e-22,2633360746861067e-21,5585105742886572e-22,2379371790521003e-21,0.012382240982624445,0.0011431123160165527,0.001508834313934043,35459264729566285e-23,0.9849320396998603
3843234419668556e-22,5451008470899857e-22,8192698201992037e-22,8044643854699292e-23,690904228672524e-21,2466475762449795e-21,16178157730454504e-21,0.04303455127704813,0.0004768117541362547,1522861801756548e-22,0.9564673200043662
9431061794346888e-23,13749825309866353e-22,11008119273362088e-22,76105900516461236e-22,2053681813608436e-21,18766927683808355e-22,7628055808428952e-22,3691787225721753e-22,24959593327534852e-21,21311519786152704e-23,0.9999595842374612
1570315299930464e-20,4066476915822262e-21,2427483190975264e-21,18735444050213621e-22,31604388512840515e-22,12176129572714022e-21,49604195940855305e-22,0.01255214827817911,0.00028460453639288696,9650507104364147e-22,0.9871179144891884
3846526207411703e-22,3173652918347201e-21,23981843628563274e-22,1033440313323201e-20,8147871817535416e-21,7033321793367925e-21,4705370545998226e-21,0.10022584080251355,0.0017643219097731493,17544020852419773e-22,0.8979719054484282
268863198590622e-19,13509533499627507e-23,14500812267825138e-23,22469051771397503e-23,4537619729944602e-22,4628689959602835e-22,0.022899632677490542,36501998658525e-20,0.0034835032192481862,6775750355643322e-23,0.9735881235809667
24905817629366465e-22,2191511745296441e-21,9114504018242406e-22,57000528873517784e-22,3744090270884243e-21,19481133717751185e-21,23675901612820393e-21,1155438738654292e-21,0.0001836067898185851,23193314590091952e-22,0.9997547237175851
1230941574782754e-21,6372241497285812e-22,8010799604385809e-22,4205783199924692e-21,13403593859124928e-22,574010152918451e-20,0.0018827452969465536,4972218535400916e-22,0.000128894347558578,5026373360093343e-22,0.9979734050065054
17379719271326714e-21,2286508490345595e-22,25377974480159525e-23,5823870215303427e-22,5900425649798974e-22,408984600079283e-21,0.030760036104172005,0.004373116704865062,0.004947114466506591,1335155761912073e-22,0.9599001556448272
8186468882509579e-20,19915775438164043e-23,2494394842867454e-22,5742331900918377e-22,8787890256694002e-22,41697089582413635e-23,0.04936005064990513,8717060990269033e-22,0.009039013501395595,11827404186590903e-23,0.9415157625893833
0.00010837006463788548,6179157073444501e-23,7237308181910332e-23,14171931520441756e-23,2620180529118437e-22,10326327163519318e-23,0.02010819188098247,17491232830887972e-24,0.0032291897192541783,51618117799819364e-24,0.9765535380604827
6855417593233251e-20,16663527029208049e-22,10435065525144432e-22,4235876159063991e-21,2434223984850357e-21,3984885427749804e-21,0.016016351170094867,515758450915228e-21,0.0023795385428695354,2888248550830363e-22,0.9815213866829702
57833761866247486e-24,2686242876197035e-21,1063547363282809e-21,5584934125948e-18,6363809437208168e-21,5699784236733476e-21,0.00010879674524664682,0.05333122625415894,46809074166672416e-21,14648792646424037e-23,0.9464915652867156
3273920792666733e-23,12562309368260684e-23,1481046646297405e-22,41139515459548024e-23,1710344204603712e-21,4838509863453713e-22,9750060342714271e-23,0.06880468437448682,6485960498584344e-20,5419511312658802e-23,0.9311273922675004
1132639901057703e-21,1945359929450176e-21,14950681343607735e-22,2382961249325084e-20,28667297964494205e-22,10479040248510964e-21,12364664325928922e-21,2228336784480017e-21,6881507980448866e-20,7558370755887518e-22,0.9998740876315068
13431080892304139e-21,12211484787419839e-22,3540055522130963e-22,6502754486960701e-21,2311417421147681e-21,15753378601592266e-22,0.027316789397129896,5184364046171826e-21,0.004090839593141431,18475587799833193e-23,0.9685616061451192
3477943494224973e-23,20310704092605326e-22,2278627660224123e-21,42482628471720104e-22,4761252722584027e-21,35518514844186863e-22,15857239445055554e-22,0.08273919608164837,8158788467634226e-21,2559161021813109e-22,0.9172338976452782
5249681564655185e-22,3369321278196783e-22,21781295424243527e-23,4577634100722851e-22,13291273022765981e-21,8992741807527336e-22,6087700172500272e-22,0.0021485060948379982,20351207033453094e-21,7266733288738712e-23,0.9978147332369262
12800320947379692e-22,8025436027021504e-22,6731920936696843e-22,8089382343611182e-21,7207897614028984e-22,6758434387316609e-21,17032368391562619e-22,14918871634220166e-22,2758502677061185e-20,7253219872224265e-22,0.9999501701529562
2429037489061216e-21,1191409790075377e-21,176552171124954e-20,4513855485969759e-21,10039891946759971e-22,935428138594866e-20,16755492075882887e-22,17062306020886942e-22,58104031323364703e-21,5950460156470933e-22,0.9999176610477941
11602909249237888e-23,4083459703043509e-24,5937960099108225e-24,2196641650763542e-23,11701274984625292e-24,9875837292970081e-24,0.0025594444808029987,6067404531717106e-20,6771456583784622e-21,4732429360510444e-24,0.9973729356908256
17504440306788961e-22,24704652078755737e-23,28372401779943956e-23,10663840566510984e-22,8061999392094271e-22,35985807325069252e-22,7603694037956515e-22,1086127068480991e-21,615945285497362e-19,28640689815635016e-23,0.9999285201887822
2062265847236418e-21,1224178625514215e-21,7697230450257406e-22,17633176823307487e-22,9634069316114856e-22,4778008449262327e-21,8755141738795878e-22,32627386153181016e-23,6591152855785936e-20,6201978524148757e-22,0.9999207055849735
2972184926503731e-22,7962918739653863e-23,6289448978425307e-23,47119714449623303e-23,7452033542837801e-20,14867278011178943e-22,0.0011024984248108457,0.028160421832748014,27108201998665704e-21,19504089135107656e-23,0.970632858497007
2179133010293637e-21,72626853558713244e-22,383726779558021e-20,28499922396957615e-21,20952315287430954e-21,30388729189633704e-21,15110661111380005e-21,0.027022278398367756,8962142101375794e-20,50452924228480244e-22,0.9727748241740487
13931579032552448e-22,15443736901767513e-23,14045089304073236e-23,10832815582457155e-22,13309004953644758e-22,3859930994156162e-21,16505807980522e-18,10402753881178471e-21,4990883256955191e-20,40125523718360034e-23,0.9999148191911186
35941618171384815e-22,46787561271637414e-23,30107144356157716e-23,5845618745735863e-21,71286102814713986e-22,874607537474422e-20,0.0038640242892118578,0.0019433558608393806,0.00023885061574051758,8672200989823717e-22,0.993926818600834
12056252207469005e-22,2926210840283775e-22,3613675135541271e-22,23512595691089014e-22,5570398071960373e-22,25883098660083774e-22,5904676678076978e-22,2599254425348892e-21,5554359942014841e-20,3129922350770945e-22,0.999933597463191
1863560838909438e-20,13466343702485278e-23,11595722461492906e-23,3243237234402583e-22,5999891834697666e-22,8136559404144593e-22,0.01688291722792394,14195347001569347e-22,0.0020569015969978052,20433052084082638e-23,0.9810379331119594
6161257648461222e-22,14057956984728185e-23,21351039768716487e-23,459313068191905e-21,19143662819119214e-23,15040024153098323e-22,11802124408757215e-23,0.00373328943951966,4642124572817408e-20,2375771130883044e-22,0.9962168087485511
3983751345493653e-21,6096096329805112e-22,6655531821090553e-23,37250931966495036e-23,2561162100336468e-22,244446017880212e-20,0.001901639742924315,2805628232785168e-20,5721452385103903e-20,41977598679799537e-23,0.9980049366729047
14506839406407641e-21,6733974977764513e-24,1117003060316826e-24,20386380861433338e-24,7468670130668124e-23,5654431508516761e-23,0.0204497172149966,20276669961957284e-23,0.003235467594673148,3469566652197348e-24,0.9762999426462823
30796615918504368e-22,9694101256719595e-22,9074371947546386e-22,1943346825728474e-21,12550455333414887e-22,58551429333487275e-22,3812833670085266e-22,11249195969833175e-22,38929173853156256e-21,15533347818986993e-22,0.9999440012441965
15458388199814884e-22,24113537847794545e-23,26661104297362557e-23,13169220143771589e-22,3554977491396338e-22,3373664163770567e-21,11117289225333762e-23,0.0011448625181257263,13108414971600441e-21,4905290338646728e-22,0.9988343276958078
12454490084294405e-22,32631261235798882e-22,29684007953267733e-22,6470260236023483e-21,5989594844598091e-21,1164522008360473e-20,15818067108504988e-22,0.009425605571278748,3257519317769391e-20,2451716550974972e-21,0.9905062036611902
8130632524168359e-22,4056242286395482e-22,7375241289364902e-22,5427539182588159e-21,8574459943586001e-22,5274241375315342e-21,20453511587975713e-23,3030126832390882e-20,2945244271301096e-20,4271856788145745e-22,0.999926099130006
5030269756893826e-22,4044746964023896e-22,22959570340475689e-23,21114698269531743e-23,42228024279984927e-23,12373667995591389e-22,7237528410315089e-23,0.04264785782437631,0.00011236925503297593,30542342755363093e-23,0.9572363872304784
0.0007073269283240078,14837608489222511e-24,33830660514252805e-24,6477623417361949e-23,0.017889104853509977,6516901289504199e-23,12188591020321038e-24,11502288844520452e-23,16350654653766707e-22,0.03825723561631654,0.9431443917113883
0.0004644104189868506,23709289874973924e-25,37136530330575134e-25,11778930273540873e-24,30644186288196484e-22,11670569069095122e-24,0.035455208810876396,1518865112499739e-23,0.0021522227390817577,0.003975938335163855,0.9579491105545294
0.004358824396748166,1459272318143478e-24,29821775269857304e-25,13497050694428157e-24,1713966719776836e-22,1501913901393786e-23,1114311041185038e-23,10519595771166937e-24,40529912061668355e-23,0.16925050828979893,0.8263900359973145
2670255082091603e-22,766574251049102e-22,7901191424197892e-23,34787422841706864e-23,22108678961351076e-21,1162439291012224e-22,4357339811001386e-23,5354706215771965e-20,525954656028882e-20,4463571861354867e-23,0.9999181096901991
0.0042456510998829305,0.0001929968587064011,0.0002493195136533694,2779775673925521e-22,12218964082486692e-22,2159807122503402e-22,21583938040439622e-23,2685462480633997e-22,7329929717406927e-22,0.17198752530778535,0.8233215739866836
13595599639469204e-24,0.028975986918514815,14504987477396086e-23,371783263144018e-21,12418868924570516e-23,8018664911710858e-22,0.004380418708757874,59524918162987766e-24,0.002115886615150228,15321096950875547e-24,0.9645261764276439
3871931463895409e-22,9599369903729563e-23,1195941341413842e-22,3207454283398034e-21,0.025406936159626133,4964075902256121e-22,16475193167990308e-23,0.006454866217583713,18698283884324376e-21,8495104982735004e-23,0.9681149429930713
6173941223596018e-22,8861425235460771e-23,8161800673216901e-23,5451690961245969e-22,0.0002796776319463328,36121223850485594e-23,0.04434451134824459,13232709486450179e-22,0.005538115493744727,6455589542873205e-23,0.9498346136915043
9513073078162737e-20,5567344255689232e-22,0.05577172330896266,7696088783695914e-23,6334477517447903e-21,37802238963976253e-23,0.030613191278973134,44111744220867954e-23,0.00847990402906452,13930282485939387e-23,0.9050321240367327
0.00019852597569456774,3871809115068703e-22,37666187093473365e-22,18758537447685164e-22,0.0003947180769818643,3811642131838102e-20,0.03675478432896073,7775068247291398e-20,0.00456194262970167,3110077664274821e-21,0.9579650221538278
3430285465466098e-23,0.04619031834531688,10447627828519008e-21,29239950016434073e-24,37802211118723904e-23,1906658129903414e-23,0.026500238622091367,0.05952997261664863,0.011183410736261657,20201366336041002e-22,0.8565831312837219
10930669705945409e-23,0.03915342862721518,0.37496335587284557,41494818494612005e-23,28665565693150727e-22,17838302030570368e-22,4171992886043495e-23,31679965414065157e-22,0.03424967739577894,1549255545931714e-22,0.5516249988204818
11189269564918809e-24,7670717711497966e-21,0.28437458842116914,16043524225189905e-23,1500081804839645e-21,11665942311807974e-22,12739199328865518e-24,12843275823173884e-23,0.02183764098295163,32223225868074427e-23,0.6937767981733991
9931021532818026e-21,0.08203776441442293,0.11823492510635478,10602804521790785e-21,4296602996852958e-21,19388399374681503e-22,17178867479128546e-23,12757348706107243e-22,0.018814688250176726,0.041959208288631505,0.738925197147879
0.0005694353351164255,4439811272439918e-23,13915638749952302e-23,1530296536243254e-21,32820536760851967e-23,5309774877944117e-22,0.07841320479684499,4769049051281891e-22,0.012114380894001084,3791725596927423e-22,0.9088995498626808
0.005366791807691301,0.013723545403270747,5993578378844404e-23,2454216161142881e-23,402812353571873e-22,905449783283355e-23,25746317734221403e-24,20402585813596538e-24,21413236509130144e-23,0.19127939785355216,0.7896298708405385
0.002435842664403161,0.0226545765511913,0.004684821685630333,41870471247351456e-23,7435469100400849e-22,27324241722065866e-23,0.00022337529907288863,22000920886802556e-23,0.0007466688623138096,0.0954873857598504,0.8737656736742884
0.00077717779308398,4645597989617439e-23,2968305870611502e-22,9228559017269263e-23,0.0002879293841546414,24300791766280653e-23,0.11474998949965344,31301916283405985e-24,0.017209297909053938,12129137974813356e-23,0.8669747742406889
458802064451875e-19,2734482898756095e-23,6843455552458939e-23,17979697639115928e-23,0.07763792287474676,14196302637715264e-23,0.15058088466709632,6044787461618802e-23,0.02023149225011132,44826832252963367e-24,0.7515032971875154
27448971933731346e-25,0.16655956474558786,0.13256406358708592,8512118229518951e-23,48992350206977284e-24,15470746188250556e-24,0.00827742772072031,26225024763243806e-24,0.021526356556978793,20747329446802978e-23,0.6710722013621508
3974738775439377e-24,38124092886292573e-22,0.27268803387498713,3050644549377568e-22,4206867015598076e-21,18349935255415373e-23,22041966882264372e-24,5944555787892606e-23,0.01765551506941442,5271212415984769e-23,0.7096478050410904
4721140013058328e-21,20599244905410486e-23,10135413195517363e-22,33454794121776294e-21,0.00077646733692943,0.00720102535714217,30143786638935724e-23,14429179653388937e-22,0.00011565540095516798,3213555607176735e-22,0.9918653907256771
0.0007790002472311906,45773578884124654e-24,0.003280359339671238,9670378841949057e-23,33906607814538606e-21,3672302956758111e-23,0.07399873038461148,0.002145905621415923,0.008371172120091966,6483682903491732e-23,0.9113906816419423
6148933839224982e-21,1274931543394304e-21,28768584822019838e-22,43113369525150556e-21,40385294871192e-19,0.00019356733595402497,32364724736334975e-23,14401551791058422e-22,56084647299806394e-21,4285837037393408e-21,0.999686845754405
0.0034397913570728893,5780910365387067e-23,0.07025325196474766,43842413286041775e-25,2335872198821485e-23,11347099760692832e-24,9288326814479792e-25,0.012759021431836636,2911216377628721e-20,0.10974387240197234,0.8037748528525946
0.00022307712639108262,935336479439277e-23,30329665694993084e-24,6497538341319725e-23,4341353334971025e-23,5548087874351888e-23,0.035191878802688766,1565728407935999e-23,0.0024587311273436795,6108591701153467e-23,0.9621260326475495
2977304722660088e-21,13664292592510594e-23,25781610486856057e-23,15869148199737157e-22,2333624002330621e-22,17135720448314008e-22,5823602874546328e-23,14598266523059802e-23,23591719434787404e-21,9995903939915587e-23,0.9999691984898132
25766559126414754e-25,0.04482121451258448,0.2587563197869699,22627286181043136e-23,10283692008177953e-23,11260538315535869e-23,74386240588491e-22,21440903642446872e-23,0.01979927318382112,22185599496951408e-21,0.6766003407776474
0.0010310822819038395,888208409582417e-22,24196665885183022e-22,14987972092308718e-22,8230871216825103e-22,40176774059837985e-21,44575552713660795e-22,6432042080355594e-22,28725276404707885e-21,0.03825753299929601,0.9606325515370956
0.00039445092965075185,0.09000474649879436,10071005220223185e-22,9986762443690888e-23,19008416052156035e-23,1877876265629863e-22,11289243708698711e-23,5516821976221469e-21,4266974730999097e-20,0.04463004767875536,0.8649209705911407
0.001784903406367176,6487142536194735e-24,7550134717230068e-22,13219123645189224e-23,25588042120051936e-24,18946371624607651e-22,2266930659216137e-24,33960475982679236e-24,2908023352708527e-22,0.06374888683411623,0.9344630688127192
13047556138718382e-21,0.00013697204572165624,0.02655941101102554,7109056015580157e-22,41951651433920826e-23,0.00011247831545658214,12288225160931134e-22,13237804127347075e-22,0.00011614558073204818,385011383768945e-21,0.9730578774544968
0.005316342308698464,32471489578152847e-25,2105679518125634e-23,10572833065083869e-24,940364269749748e-23,15641693914304992e-25,1513598355924403e-24,18671360343998507e-25,9289525317633874e-23,0.21237415235378496,0.7823093632169386
5006449370109241e-21,6466647245897997e-22,10972596223122756e-21,616093601882244e-21,4913214233312019e-22,0.0005025362541040579,0.0002660805456037407,54436836307640536e-22,23437997029174403e-22,7673456776244774e-22,0.9992050952459378
32403729346332687e-23,0.15786146909977528,70660775695704736e-22,27386458562772777e-22,3469857313033629e-22,2789832358283517e-22,10082479923838055e-23,17226330655258027e-22,0.0021281642941865827,0.010329113202908543,0.8296686752156286
0.002435590322203483,7841766787866221e-23,0.0019706110871825526,6198289413481259e-23,10005538006576166e-23,18553382286494032e-23,2097535922862406e-23,8088805081934971e-22,3394523199617401e-22,0.09107539104193038,0.9045168122507313
4159732404189403e-20,5737272896744592e-23,5307513509125597e-21,6509442641501938e-22,2408880505079294e-22,0.0001322098599339359,8213205323318674e-21,3923580580201093e-20,7645559341482493e-22,3505950502292411e-22,0.9997713719353616
0.003124993631719723,11865908925653955e-24,8820913617082744e-24,14499147444755832e-24,17002649175273756e-24,9244176416150255e-24,4997036877517028e-24,6638164637016232e-24,25210531160796347e-22,0.12587982517364307,0.870992587073524
0.00308232358400299,11102712354083276e-22,1435274414383382e-20,6567664028188074e-23,8726660245998794e-22,18582636029771012e-22,5846012185040247e-23,14753897509299708e-22,2535312649543064e-22,0.11369970506843424,0.8831979243447781
13290572130210354e-23,0.056992976486664605,447515905437678e-20,8510932890233729e-22,5792768499064056e-23,31076513004664355e-22,18111717216508003e-24,6213886111179739e-23,7639939157536946e-20,13290933284096608e-23,0.9429217862247988
0.0001458897043940758,964523504155137e-23,27061236883823013e-23,32416505124258406e-25,27541230906184655e-24,12139561525559652e-23,0.010587264161048802,17887082062715815e-24,678265701000287e-22,1886229210479571e-23,0.9892663091225125
0.0007009534006302464,0.051753853043278196,849172705091349e-21,5547920497367599e-22,16275976280181144e-23,3563723353823149e-22,4533892572897421e-23,943913815485439e-22,3115394292979779e-20,0.04316961750952862,0.9043423592764728
0.0028362836408731954,937992479181651e-21,3225283636186299e-20,12741921039070904e-23,6585860944524567e-22,5029226899105226e-22,764199214341573e-22,40185488715332806e-23,1612776628988952e-22,0.10412156463942066,0.8930070324103985
4587362910048433e-22,7854493433386472e-24,3141419290657332e-22,25527819574906057e-24,20897991372639546e-24,9153046464887627e-21,11318917545784952e-24,5267027616555312e-23,10376028643524439e-23,17114525295088784e-24,0.9999898349310051
8113577860235724e-23,0.1069820364047066,787322857133308e-22,4674334953124353e-23,461927705718022e-22,8530821104687023e-23,14294889736958055e-24,24708606115631557e-23,0.0004173584084358269,25345835575144614e-24,0.8925999803476756
0.0031801270286640794,40440327423112534e-23,7153696894446478e-22,22952902174281763e-24,3838308900480552e-23,13880298554414283e-24,14593086344598147e-24,9056726370410352e-24,1903140399513242e-22,0.11857025943836302,0.8782482045798667
18138645885260384e-22,5944601690178502e-23,5514251058977578e-22,3049683776104537e-23,5439975457093919e-23,11218801288923844e-21,17383803142932408e-23,2000764928033564e-22,28296001142036e-20,6419939452121863e-23,0.9999855504924772
9851113399427323e-22,1770763871484268e-20,5706954989296893e-21,40773399500336304e-23,3265451927783082e-21,3914148909983683e-20,17583225874448063e-22,0.1422331316203196,0.0013538730624931788,18811087683838509e-22,0.8563421415057646
22939486081235946e-24,0.2631678694049892,33191917954593726e-23,7140346283524048e-22,21368454157024365e-23,9241313470638085e-23,6457201384231031e-23,0.020364731225720717,0.013415912476750244,4021657657455073e-21,0.7030460256718047
2439605691425778e-22,9528623356680152e-23,12816978631913171e-23,2085393032321935e-23,25781443280886664e-23,4987213914392274e-22,7558322486340767e-23,12574883745003426e-24,11615779333301306e-22,7031197525236152e-23,0.9999974351456392
0.002329467751820703,4988877744286328e-23,8434504361184785e-20,9082459079087386e-23,20340306757973544e-23,36471368775797738e-22,3230290959323425e-23,8197466006278145e-23,5196566688030739e-22,0.08665972872062574,0.9109218332963899
14308686816642648e-24,0.15225098760421552,3591449143620445e-22,17853773589624074e-23,15315227902192023e-23,10996901414762921e-23,6396928889439249e-23,0.05645116927323866,0.0075143652520586225,0.0018354540676224777,0.7819471447209709
0.00035840698308346486,0.027009904742239473,2459726919987296e-21,2302257028287652e-22,17128161768151855e-23,13015031973501005e-22,15863870175605922e-23,4596750004065846e-21,9166646808070943e-22,0.018356587070226915,0.9542652664136256
0.001107359738452368,22418734180971187e-23,0.00010051577382629278,14967243220961987e-23,7399948885293827e-22,36800154674311364e-21,6954016001955283e-22,6072887197962833e-22,6867688355909627e-21,0.04462882979016504,0.9541172103095434
0.0005066546570327356,4732223322056995e-23,4793296096052956e-22,9009095465521577e-24,65931097429206964e-25,13603399721837063e-23,18252244445883525e-24,21411220892966654e-24,3540068320670966e-23,0.021107608670619532,0.9783849833201533
1563212927583458e-21,6819889936052345e-23,6027978872855848e-23,455512759162402e-23,4646531024642142e-24,17224390859118437e-23,7098558621562479e-24,2419346788110425e-24,4310114334748772e-23,9335131481330412e-24,0.9999980649086372
23150517394395597e-22,1276866201847522e-20,0.022611021091634168,20999172173703432e-24,14973580222757963e-24,21259393540110365e-22,22950951094015667e-24,12262869670248006e-22,6569698885964804e-22,41362399953641333e-23,0.9773694134506955
9541442457443243e-23,9370926889593902e-20,0.14521979411987312,20807004048138102e-23,2409690072561091e-22,5935939609068153e-21,1632918234606439e-22,1923839366328326e-21,0.005806145401481844,19732536765440377e-22,0.8488698104317662
14644254124171783e-23,11499622857846239e-21,9879584632366842e-23,65080359641273e-22,6003035391115265e-24,16479284696962676e-23,7706609846139594e-25,0.2821196379466983,0.010052733138946413,0.019060435132684336,0.6887552708458435
1946057211906094e-20,3950667738360941e-20,0.0003726939665134759,1987696032319166e-21,11374751621634926e-22,0.0002575540256256376,6390434003149931e-21,0.007730283871812459,0.00011772291076488995,0.00022940307488964243,0.9912238592956935
29101896618314065e-24,31585562897309876e-23,13053519240032686e-23,7477852529761734e-22,10435785302912037e-23,4331213401630632e-22,13185665757205912e-23,0.33061357966812704,0.014597533401652445,3038661521358627e-21,0.6547839556549115
12912524155444692e-24,0.14637985360958877,9758952991707646e-22,975329231695356e-20,47974531640909277e-24,389703173873322e-22,11854308731257983e-24,223914862824831e-22,0.0025105293032848665,4742030937443079e-22,0.8510982795931971
11410501928462847e-23,10742551423242842e-23,12330656618419371e-23,5866275193866163e-22,2103319387966395e-22,8733313900602803e-22,3632609401470023e-23,0.31321946088501423,0.012698614822213397,11781347838473399e-22,0.6740786947039342
7824707724443755e-23,0.08822888397701484,9851845060968479e-22,4956593181798465e-21,6389166501856027e-23,2495039637773128e-22,17395594911258733e-24,3861344877001861e-23,6679679407377054e-20,12201747793737184e-22,0.9116967096247004
9771687267180072e-24,0.04642166261707435,51095041636435925e-24,9434953768259305e-23,3615348878237322e-23,4690656370509279e-23,10163398891749217e-24,0.31016285448319847,0.008966995598971619,1595595921478031e-22,0.6344480793015486
9745340521859187e-23,0.037460556491474395,22896585043444007e-23,23342640647479207e-23,10905415077906094e-24,4960910331492296e-22,6158177755174625e-22,23196644923991638e-23,3233504711503603e-21,11971050899694234e-22,0.962533098272389
4917145380665606e-22,332293624362342e-20,6164282981066928e-22,330573861410538e-22,8356940045038806e-23,3821320716992639e-22,6768168843962351e-23,0.21078673036178994,0.002447636122244634,41305724436870896e-21,0.7867193302718835
12336459900010597e-21,28738905410439055e-21,0.0001822142131135073,13851464903145257e-23,1038744700010487e-21,28962621930730763e-21,26626003960303525e-23,0.051162456774870545,23299104696630985e-21,8895618453692465e-20,0.9484715922161522
4557267370246466e-20,3598213870505254e-20,0.00033496924763902806,10973327108829818e-22,23887857187216746e-22,5501075382346538e-20,7486155860190493e-22,8224947128498219e-22,15673348066593038e-22,3020064345463227e-20,0.9994916399791405
15217090914954019e-22,6436108704222433e-22,4932005508837716e-21,33595127256463396e-23,3423118707271864e-22,5570166491877457e-21,528475632126162e-21,0.16274566757543607,6962417090974774e-20,6214620510524823e-20,0.8371086878178118
0.0002566887942140403,1805941644840209e-22,0.09103620832410149,7390105088559205e-23,7872770320075358e-23,7061946391369337e-22,21742460639021254e-24,5393145558325682e-23,1572600430275518e-20,4178484604302541e-21,0.9086860833013021
0.00022132509161165752,0.008946470354956852,0.006154795864946207,33000912347683166e-24,4758329673684047e-23,11166399476696657e-22,133983681853746e-22,0.05035769195780347,9971053011757151e-23,0.008561038195985478,0.9257573682016416
0.0007732400858193851,11825207727027016e-22,0.07994736144972753,10937812322071774e-23,13167829648191176e-23,16429298366009946e-23,3445556274789515e-23,8417933203742273e-23,28279329650631206e-22,0.010196324058310675,0.909078539968107
0.0010785958825560687,33445274353501156e-23,0.0002795641817907651,8290737942540945e-24,3406740206749787e-23,4021697240057649e-22,0.036869988186792255,12999350448275136e-24,6000771762859928e-22,3399426047704941e-22,0.9617701197491209
0.00030213576493584246,21658072018050623e-23,0.050216375212994054,40481363377380624e-24,101153353472395e-21,9226424568022648e-22,4287414531230042e-21,3230103612783468e-23,2481660222555858e-21,34167766582444536e-23,0.9494730651107198
1746572666072413e-22,0.07222224540861034,13124473617794064e-22,8551513481092342e-23,19494206125917306e-24,24530977543666115e-23,8778332081666246e-24,149683567702069e-22,2856587320401705e-21,7212887769239996e-22,0.9277723155448578
23920286221357675e-22,0.00013179532909307786,7403113346142642e-21,2759317452111162e-22,0.003277694766095864,1060701402821094e-20,17522784790650582e-23,0.09470638576774495,10046825380775559e-21,6701343063134633e-20,0.9017862105654646
5821170191751598e-22,0.00029995214582603227,33351349339061042e-22,749417807356389e-21,0.008346750391357445,17934286218265398e-22,11376677711178132e-21,0.13522704264792157,10709675061455966e-22,5184239899391439e-21,0.8561021628314103
285829139642354e-22,0.029026599896104295,5008080743333708e-22,2569471405481628e-23,0.06284561142321547,866761716712859e-22,4507922661274493e-23,10581003100772534e-24,4484903561584555e-23,25161385903288707e-22,0.9081245302709502
38299120183814364e-21,0.031472951833872276,10753324964141381e-21,13456760036281274e-23,8162473595270945e-21,17307627574149537e-22,4293788667481955e-23,39115206238324145e-23,7140947527520315e-22,10574347989794164e-21,0.9684562453843348
39404565409044e-18,0.027338413277172072,7416501647263831e-20,29997558749269025e-22,13962432108841153e-21,11262440936862626e-21,10098726376676117e-21,17358139387896125e-22,769600634314037e-20,34395274231756876e-21,0.9724658666911354
10184480907848723e-21,5880399103314949e-20,22213498980401457e-22,9596809572346058e-23,2594205916610375e-22,13691561856919837e-22,10779323576911745e-22,34098458224057406e-24,13865205719990071e-23,7243149128761882e-21,0.9999185718012863
45903385997826785e-21,0.041450902776252976,0.00026164869908763496,40344590627656663e-23,6564331921275679e-21,16320765247714296e-21,4096173538675215e-21,37289729182821577e-23,7027574521296513e-21,4794729472174788e-20,0.9581588126555128
2377871750038212e-20,2571220314770211e-21,12630344369710068e-22,6675970046251915e-22,4560478846683954e-22,9621172840726779e-21,6080856241907108e-23,15436401734122211e-23,2293210920415996e-20,5193166171898415e-21,0.999933301762062
4247765087132058e-21,0.3099695499187945,0.049232967829089626,10947947300926203e-23,4593049164601675e-23,8386126500463427e-23,1881352201648412e-23,0.047086293844755336,0.014486100025800617,24355517057146485e-24,0.5792205581761615
5868002962102533e-23,0.5217657218924594,0.4125576873002828,12049401683384965e-22,7047954480565666e-22,35771225305869373e-23,33565374105259125e-23,46142071712761146e-23,0.06545768278191223,10152554111378669e-22,0.00021476956758916498
2778577210313908e-22,910930051685585e-22,16693686361397484e-23,6784340553469669e-21,5387826637410413e-22,22087213192185646e-21,559898136537458e-21,1188062164105138e-22,8930323852214105e-20,13650003204222078e-23,0.9998799353330937
18944235893414686e-23,5296952350527413e-22,9973647583710439e-23,1456434835698391e-21,78204790794631e-21,4482672954505589e-22,149484285714671e-21,0.22375787450753923,3351731870911384e-21,3211685540805391e-21,0.7762326108097712
0.0004577109989217008,0.4119844041649287,0.5442187775366659,21580779304733e-21,979995106786918e-23,7459836375940886e-24,42520994990751534e-25,6607556605742172e-24,0.04333816067179022,19087011849159798e-24,8778394066527459e-22
1889657319061386e-23,6115644950899336e-24,15738200411682777e-24,4720516690217408e-22,22349417883022306e-24,15373811112108905e-24,15455849904719634e-24,11792866845061685e-24,3769200510923983e-22,70614998694374945e-25,0.9999990382444157
