2179991473090978e-21,25275697608524215e-22,0.003956019206525696,20737563129949167e-21,26182400709180343e-22,2998295754298372e-21,21166424664744374e-23,0.001003170653806645,0.0005392801936610136,335539373697821e-20,0.994466901227834
3003687073375668e-21,11430971990814161e-21,5942708913172798e-22,24116562119900998e-21,283519545274223e-20,3757878961189678e-21,14407030905036606e-23,0.007877174486424455,0.0003570024689449605,47283068338442375e-23,0.9917194675771489
4883839731756717e-25,0.014397914225775433,0.014916319174197577,3077161998560221e-21,17006662993576075e-23,14197615630416274e-24,1045581879892039e-24,28295296734357334e-24,0.003480369248897992,8468706839650883e-25,0.9672021052487516
1918531327179281e-21,18883180713695204e-21,1040618083391549e-20,0.00010215696424179421,0.001488499510273067,1748084597295277e-20,5297378954425884e-22,0.003116589413863843,0.00017156631308322046,3949475847631351e-21,0.9950680198459472
3676476016710812e-22,9410806090622413e-23,2861787671889388e-23,44331380733465283e-23,5713331507963568e-22,26860837264963927e-23,60582970789390824e-25,0.025543265176778483,0.0010975144231433944,12698192563742574e-24,0.9733574280147121
842690132667865e-23,3751269821392224e-21,2992327419063888e-21,7845719607385077e-21,3282893142734277e-21,9211685451249976e-21,11611294623384467e-21,0.00892577184122342,0.0002140042957245383,27602095350404185e-23,0.9908212442251316
41295768588175244e-23,1153317756210248e-23,30326203059438656e-24,24145147152152653e-21,1137740089959619e-22,4848114838091081e-22,35241804902332214e-23,11236253894192121e-23,38148650160900894e-21,809368199266229e-22,0.99993610708272
42420886427955716e-23,23759609981176376e-23,10378026878068037e-22,6588899372228187e-20,4437777717442148e-21,1956431633068283e-21,22196471233740843e-23,25778370204554227e-23,5710259298636534e-20,19548697442657516e-23,0.9998682393609002
6820051260478529e-22,5657164060037006e-22,7844482762157976e-22,0.00011113029524024965,5118524446091576e-21,27254458160589674e-22,21949768700125483e-23,16584071538816021e-23,7656745398130669e-20,4566410119192635e-22,0.9998015841312938
29475481948712624e-24,0.003978385817697508,8157224900727912e-20,6617807952981076e-20,0.002433168714519329,3758990437430301e-22,5362943140568234e-23,40415574973787007e-24,0.00020083370717841235,9594544202039094e-21,0.9932297674683332
12471642406141954e-24,8201978537447196e-21,0.027522301786390525,30166419032125495e-22,0.0273467618202459,17571984980906759e-22,15381093134112226e-23,1980730392633349e-22,0.0011916794377327873,3240518229001571e-22,0.9439255927292562
22934469900532033e-23,1012241137510482e-21,492861657831811e-21,9744091386594154e-22,3154680248312978e-21,55514590968100625e-22,0.000554006565168225,0.01841081416938997,0.0007282015801019222,23446288210479393e-23,0.9802953282264798
5512855104368719e-22,3734352794154786e-21,16576781660588061e-22,1242029980660003e-20,3451866255835704e-21,23764392185815356e-21,14441972228749567e-21,0.010587471558521199,0.00030975758995697154,7825392026345838e-22,0.9890419664653716
2637487681558026e-22,31501962395502973e-23,6335449205977828e-22,14490265569807551e-21,62829405229159965e-22,13312332720271064e-22,14006438503889323e-23,1740987813671895e-22,3403378416304769e-20,10627065361533079e-23,0.9999422290293395
447111638536578e-21,34773819668576598e-22,8483349789394274e-21,7030915834339499e-20,191693209784685e-19,12279142134704528e-21,3078793360505763e-21,42188738413275915e-22,6047398758496044e-20,8969983918611138e-22,0.9998171658819696
3694015379604858e-22,8196940235583209e-22,7876223096042278e-22,17678810620266525e-22,2583896831065207e-21,3916715275524351e-21,1063279096254713e-21,0.010532766569493455,0.00035082331913893256,3443102319879951e-22,0.9891047573109993
1595947721587449e-22,7815352055686587e-22,16053787289711705e-22,9096584396376406e-21,2514080693858591e-21,10386200838202377e-22,4078070908705947e-22,8911506737553816e-22,14710886966175467e-21,14842990594470102e-23,0.9999686459314824
3306861663115933e-21,3481665397183449e-20,0.00024661050559164697,2437645267857415e-20,12741479589924135e-21,8644505369653045e-20,0.0020835658560364014,2618453826722018e-22,0.0003689978218634226,6503943381208321e-21,0.9971323735261448
2899449785529616e-22,2748340738595476e-22,39793913560399316e-23,37752264035088796e-22,8014413722181129e-22,998628362711059e-21,10874990789144818e-23,6228642478759761e-22,14082239854010126e-21,4782013096925489e-23,0.999978600311533
3808768002939079e-22,14104830244379484e-21,248572085992745e-19,32753216154158215e-21,3447075665322585e-20,10674449966233395e-21,2239514824769682e-21,4635940185868414e-21,28277104884043156e-21,44888012520879855e-23,0.9998471572215626
7023457128131786e-22,5668880916978659e-22,5589268975178966e-22,5298645743486991e-22,1736510533222453e-21,9167576534934135e-22,0.02023865853466777,7173282728445901e-22,0.0038930674531795374,24614073323333292e-24,0.9758625207763434
6794903163678654e-22,5897224342146071e-22,3731965671795405e-22,8919590306354877e-21,26314010652114735e-22,4383866218123821e-20,0.0008463061986586168,0.007779361107286087,0.0003668690779649448,4545960157850381e-22,0.9909499769572042
12371374266897402e-22,18874456797939368e-24,19248757805726017e-24,10596886226119811e-23,1306754806899442e-22,7518220394915512e-23,0.01853683231526048,14325847778677673e-24,0.0036292496864280023,4376196358704433e-24,0.9778323122090802
2294018360317419e-22,8464964147708224e-21,13782547534983144e-21,795062576060422e-19,19891304414906765e-21,3308235077876891e-20,11168209599636759e-21,4699670836855551e-21,82793524224935e-18,34124509702843097e-22,0.9997429693180497
20858750886162458e-23,4978066712953289e-22,12100134838308565e-22,4649185362237755e-21,20697125442379786e-22,15003785421261075e-22,2521914450505612e-22,29913997101075273e-23,174152256537058e-19,8081815068405546e-23,0.9999718169406667
10402983062213016e-22,609866027667453e-21,12753007364978525e-22,32824445587639766e-21,10451681462374552e-21,913635437717065e-20,23037586210773455e-22,0.005859841542543262,0.0001787526664961822,12331927603599385e-22,0.9939025308930819
37213063058026156e-23,3901059327890059e-23,11744971655323138e-24,2424844463908112e-22,3199373275552518e-22,16766493277594608e-23,60582551716473214e-25,0.005526875957869421,6629911111724706e-20,5257484867679072e-23,0.9944056133250075
31916385140289243e-22,8782347072679073e-24,2439717356242389e-23,16584322948548643e-23,13208830662262566e-23,11137940096112757e-23,0.00969839723345926,23399727243058672e-24,0.0018681590473727393,21163635801962976e-25,0.9884297840741054
5120253598127647e-25,0.0051190772248297526,7666408181103532e-22,24301652293596426e-23,0.006647014764457488,13845508234296103e-23,1668749275847844e-23,2075434781195448e-22,12226312059827958e-22,14546294016438406e-24,0.9882312979777925
7804569704056809e-22,11993413731390427e-22,22523333722484178e-22,3452802046507064e-20,6776273072900261e-21,27861642093542462e-21,54360530225631564e-21,2620569719260333e-21,663832215381138e-19,16241370726271644e-22,0.9998016134740975
13692060764307706e-24,3164192776261191e-23,24873439159647782e-24,25253107852226145e-24,5789711018818074e-20,6772832977501562e-23,12811910138678789e-24,0.03752208658655122,0.0005636737931253433,1932313707788832e-23,0.9618561471862187
7027134503725657e-22,7411163201978977e-22,6681202750263626e-22,11199883607140404e-21,15749223145541122e-22,4399551000872109e-21,19494834895506022e-23,11053478742394148e-22,5177667312226275e-20,5014241563613882e-22,0.99992713529953
8335744788973182e-22,4346320744698578e-22,40766857121840824e-23,12187900811696812e-21,4469186457631237e-21,4161539100858857e-20,0.0002719519798871248,13083223098053794e-23,32026145783311524e-21,4706848441094232e-22,0.9996354720038518
3747025872254058e-22,8787555914522422e-23,1584265442233522e-22,6238685767719971e-21,471794617683535e-21,1059468116029668e-21,20695102834441514e-23,0.002090728913662123,4219869683464545e-20,29448879300957296e-23,0.9978581799964897
7610532476491065e-22,13442023322981795e-22,2404007200592864e-21,3392975873407907e-20,23605917397092322e-22,1075620347213964e-20,8139709309298062e-22,25094998139407736e-23,51148562603601665e-21,31562642928746016e-22,0.9998930744354647
22937841164704425e-23,8577207371339794e-24,7558853221570972e-24,668052902197435e-22,0.00018039998749826017,35441196469922076e-24,12135592976225164e-24,0.004056144131206962,26526224233199808e-21,68500447494812605e-25,0.9957365629104649
2441794949529439e-23,18273266949501735e-22,55292625103767114e-22,17684206673444813e-21,0.02999782436832654,15408742805009537e-22,0.007475293419345488,21389666914476302e-21,1963319256600022e-20,5846936892369676e-22,0.9624586685710508
22221095066352282e-23,399851235658256e-22,345743575733656e-22,11865212036138765e-22,24833901134584776e-23,12773974236014827e-22,43720962381651064e-23,0.0024940976280354715,5070973276335091e-20,291048867394153e-22,0.9974517172966203
4382982117148984e-22,7645770977197176e-22,6808103833960493e-22,12265537906508417e-21,538543200911986e-21,29864234510653623e-21,19375407645979984e-21,7711880282482278e-22,31125413659514206e-21,1065535361031823e-21,0.9999031104539943
43529437697938737e-23,12104859748401938e-23,7420541679255202e-23,7035329503842197e-21,19949337997995039e-23,10702058798998473e-22,0.00015903267993964414,38415627982372596e-23,3703796923923194e-20,19163235595354707e-23,0.9997944179850304
44229786362452675e-24,1793261568122645e-22,11239158030937828e-23,514301697751812e-21,8802037204326047e-22,1604528166353474e-21,3067406877588211e-22,0.0013644173153649173,6278669055336076e-20,32570333995015037e-23,0.9985688285689459
2123562256845426e-21,530041905472153e-21,4021564341142803e-22,7274788651206276e-21,7648908635687967e-22,1642408588216677e-21,0.004686327973336367,36653205574938924e-22,0.0007918720021929682,38463840655963326e-23,0.994505012216807
12615264108045373e-23,2147721155840091e-23,10207183191385224e-24,3304134632393356e-22,4191163762608752e-23,21737478275074566e-23,0.0005322399107934607,11256477458841048e-22,1909402222224533e-20,2130813488142585e-23,0.9994467715741843
29182037721019675e-23,7648989803417754e-22,7421925728762116e-22,45520721171192816e-21,11182642267483354e-22,70761527903153505e-22,0.00012682213234436172,3652838904716105e-22,8881760380150298e-20,12204752957405925e-22,0.9997272604545492
37592807176496014e-22,20437162299300404e-22,9300570300388466e-22,10575311145827988e-21,5081479526725292e-20,32576883700263716e-22,5060358067514889e-20,0.0005508891096385353,38764332069510395e-21,12209425600702722e-22,0.9992871411862961
32105812808579454e-22,7839919629304969e-23,4383539793874489e-23,23021382734574213e-23,17436811794935944e-23,22694755242258052e-23,0.004294023391533083,9127490688813579e-20,0.0006192747119042791,28602512211778497e-24,0.9949914340417898
9879004087341557e-23,551715741096657e-22,866780536539383e-23,8704790805342058e-23,15450512494419728e-23,2934999399710798e-22,8159097496989798e-22,0.014357730187430503,0.00015667998857089253,12746303441209233e-24,0.9854840634855521
3479437676599489e-22,13383107071024414e-22,37982926014264797e-23,2654956958785101e-21,26222562907234287e-23,17201433739179393e-22,5653460996203608e-21,17240861326513914e-23,2235397612288987e-20,7330546529763021e-22,0.9999643836899179
19321663617034187e-22,5246286303964454e-21,16357428236523952e-22,21419632597373552e-21,24088784074962987e-22,11441316004754686e-21,6859137722525251e-20,0.0036092465621667684,0.0001315536233277551,19459904649755607e-22,0.9961445784243165
12321556235524928e-23,16667610892337917e-23,6996107625732184e-23,19638398047994946e-23,5147705794931475e-22,2518761702625377e-22,2001224722299705e-22,0.03329649824589102,0.0004960025163160526,35709746303719676e-24,0.9662059405220969
9210638033426306e-21,7119890885827522e-22,13336922035271046e-23,617572743848735e-20,28687226859378673e-22,10309093337238341e-21,0.00793837529326391,7936069984583829e-21,0.0011957321445406686,1526015442715356e-22,0.9908283943508623
27738358510832415e-22,7715682308533244e-22,3033520276692764e-22,12731311274893106e-21,8449209100697125e-22,6237118738740548e-21,14818303243926707e-21,28215654324959016e-23,4931274948189726e-20,7902640815209239e-22,0.9999111344196161
1369473077698632e-22,78842036169475e-22,8838136024875961e-24,15592398111798758e-23,1490355249956185e-23,8404542290015311e-23,0.0005943677577582249,52353556703195315e-25,15634772359513334e-21,10900600930165027e-24,0.9993895727913217
10647876008765844e-21,14223899533241828e-23,6620544792178324e-23,6341510799247964e-22,7893654496530378e-22,6548992409267143e-22,0.010573101690985257,0.0008934343770473692,0.0018416812058511896,30681319339345196e-24,0.9866788173085741
2766233519183148e-20,7857779975951328e-22,6765178431337082e-22,7138170172492808e-21,7732107546571786e-21,32520645864411913e-22,0.01593357891810572,1373723270150514e-20,0.0029589878361930403,23572006811000213e-23,0.9810462133195932
1127318394421584e-20,2105930296477139e-21,18895497247923847e-22,1212409494429103e-20,26037755608279472e-21,8325152932241563e-21,0.0065222356068610834,14533801671953835e-23,0.001019825825392659,7137377430209241e-22,0.9923953238245361
1860338219867385e-20,2517823313002963e-23,1576517340128726e-23,4943754503157743e-23,31561063173417864e-24,9220863004585827e-23,0.005305193598995173,99861328573533e-22,0.0008339622968903012,12569774385910315e-24,0.9938420040153639
8542760910500599e-24,11360246328034304e-22,8484232373796348e-22,18458127206181195e-22,23780803496862516e-22,2782786153559299e-21,6151603503342024e-20,0.01779181948474631,24026509363184244e-21,13123899034429337e-23,0.9821135070620118
18293426750648005e-23,3382769487264108e-22,2251830856494976e-22,10303315375537398e-22,2457903862236962e-21,15867334553577633e-22,2702152270670501e-22,0.022954416193299076,13161768924711804e-21,18794388988676578e-23,0.9770261425155043
8771699907545755e-22,6452572540903764e-22,6651348460088246e-22,5752019602503684e-21,10306705252539818e-22,4283065072998232e-21,3537322382064881e-21,10051546002930452e-22,42602776229608025e-21,505633198288337e-21,0.9999390957962981
21033507645262235e-21,6325705348420538e-23,38717479557466825e-24,2968769447209401e-22,13399045352640377e-23,22758987587653083e-23,0.009221102755264832,23186030444647472e-23,0.0013472210474166388,23633727947582244e-24,0.9894096267638337
2119467953003012e-22,8412332712132462e-22,20539068255251414e-23,16243152391035758e-23,8565451743840642e-22,23837702373387067e-22,21147123176339685e-22,0.027701456740715575,1403376109656711e-20,15020366879745613e-23,0.9722775832645169
3753221180391058e-22,2933448246485767e-22,14778053763774858e-23,3345164549402156e-22,4418733673942763e-21,5611325687598877e-22,499781217023732e-21,0.0006930564796232704,951281614746077e-20,8134962935951541e-23,0.9992907187432051
18231553071389773e-23,2776735552007305e-22,20352959119378263e-23,13844485322725203e-22,3942126533553875e-22,19626409556103974e-22,5038992138322793e-22,5402706076406876e-22,19878914581523337e-21,10863607657966203e-23,0.9999745634587022
1625546357588401e-22,7291165763628574e-22,755452080933695e-21,5416710815285108e-21,9240129298327822e-22,4397027399223575e-21,20531397776453523e-22,8118932786947468e-22,189566324264731e-19,2615725984070282e-22,0.9999655318874813
8842062431387493e-22,7667709534811791e-23,8608474328419664e-23,18972585308603878e-23,611585425641908e-21,5593977265797717e-22,0.0010098379577453717,0.000359559618559417,9529399341024153e-20,6450440960387455e-23,0.9985328362487886
3851849487106591e-22,10887711108750952e-23,9712041104501654e-23,1174875758033955e-21,6713765072974054e-23,11565567904634975e-22,10405183458256974e-22,33897135312658506e-23,13796482758218873e-21,7103049964948541e-23,0.9999817632443728
18424900049683178e-23,11845332027378379e-23,5187419461301476e-23,13252737539743621e-22,4516748806433704e-23,5443730169212252e-22,5182245806421088e-22,1884167736465872e-23,8746882670869163e-21,3993827221609775e-23,0.9999884067220245
4191750355879763e-24,13255320821513636e-24,4609466364984853e-23,8844929015024474e-22,8414952038157884e-22,23014580501592566e-23,0.0005952285707775019,0.009045295044105109,24088089450301716e-22,1828620124431405e-23,0.9903550296143259
21366369552219378e-23,5489013285929541e-22,21141589977989836e-23,358886651823601e-20,26504508951826514e-23,3984648750718722e-21,4715290834792838e-21,0.009160886707726664,6515276293736277e-21,29276307430454102e-24,0.9908190409075549
5470165009077909e-22,18505074758014376e-23,18141670152418633e-23,19310685675860596e-22,4903868499642376e-22,20514237955733392e-22,0.00022692908784875703,8070575499193096e-21,712915572089609e-20,2713089206064684e-22,0.9997522135088476
3311945621034929e-21,9363506748089479e-24,12943685528971052e-24,3221641492776548e-23,415762452756608e-22,38186940933690735e-24,0.0012807976106165412,0.0004580322949320866,32750250566327896e-21,12296443092945017e-24,0.9982249613150278
8571992682352455e-23,2946051574543803e-23,40453699249934163e-24,11577084716156827e-22,5474136465479543e-23,4753774820262648e-22,5403204160716252e-22,35849819039931636e-23,8752321413255223e-21,14051622609971405e-24,0.9999884913468974
11140610812148713e-22,11242161177518985e-24,7199852239481312e-24,7117689754718815e-23,6118942404344528e-23,8410707386789738e-23,0.005523947926551726,8896672798753413e-23,0.0007229456386766491,4807482594941754e-24,0.9937516636840708
6055005198421458e-22,6429218982716886e-24,910575840403437e-23,4011638330676958e-23,11748856715219601e-24,18817196370342126e-23,6461828738797363e-24,0.0010951455580125295,5168159130698787e-21,2071316253409341e-23,0.9988987980351648
2517313383162258e-21,5802399327522749e-23,98552263016458e-22,377215120533171e-22,16102671077568094e-24,2318684676947571e-22,0.0006499265598117759,23792091465784997e-22,10917269759046255e-21,5452061987799667e-23,0.9993338515554093
31614796217053274e-21,2990632390329356e-22,5279186884545184e-23,47032033149610437e-23,259368285341206e-20,4640917545090318e-21,0.006961346161603761,20136340989815944e-21,0.0010135326872432657,16354926808039338e-23,0.9919651496888404
1639557842502989e-21,18023351583588103e-22,25151273083901334e-22,36400342442434127e-22,15092425352133436e-22,19134956769333163e-21,7569836640544911e-22,29076393508105798e-22,7047024788069058e-20,5361482160984809e-21,0.9998902623930854
17748868445898113e-23,13549751835087145e-24,20350786011477335e-24,5703640427351283e-23,18932189155366725e-24,13918557450121041e-23,8988636783587326e-24,0.00048326763991181105,3233538928465576e-21,3341522776686873e-23,0.999513029873905
3640913037314442e-22,4737245444857932e-23,2567581675794294e-23,7016798514402355e-23,7772919950984761e-23,40699968717823173e-23,24163943676204913e-24,0.003036135372608012,3550316845019234e-21,7090815488875585e-23,0.996959227202002
10522774134645385e-24,41691701645353265e-25,63286321657906506e-25,1765564964416094e-23,779036909127019e-23,11670236646642249e-23,23619357107721408e-25,9987212721591451e-22,7650619271060141e-21,17778921555010022e-24,0.9999911673496378
4289552932327028e-22,21715999917320687e-23,16234703767255133e-23,32756597352982776e-23,28379755009528225e-23,26613358012025933e-23,7413273808911022e-23,0.013518391161964292,4254557228377756e-20,43002053091747205e-24,0.9864372601715267
0.0002450259700854201,21716388606457953e-22,30639900475165552e-22,4451659663135919e-21,0.006112742242960203,4814534492381207e-21,7710497901795645e-22,45228672196712255e-22,35076407325612815e-21,0.012877589311157258,0.9807097703283985
0.00015729998283890684,1901911801843006e-24,3235036665079696e-24,20735055016282376e-24,23584001443080352e-22,9272096127146484e-24,0.011760894432121402,1600150766250576e-23,0.0007012734346582511,0.0013727690201047783,0.986005353584525
0.001428098741780599,11221057675623482e-24,10732001046466795e-24,1559025090513867e-23,6777610990639477e-22,5450980971790656e-23,20322128644371053e-24,7108202195823095e-23,23289944766591227e-21,0.056631231427780294,0.9419165186673035
6197801886434317e-22,19210054357693315e-22,16428368556690605e-22,7244181687831989e-21,7907888706753553e-20,46294326383167455e-22,10395638079122103e-22,29615253153463233e-21,26698669870362434e-21,2342309289938386e-21,0.9998451680800046
0.0014092281641357423,149010972222098e-19,3558274846147296e-20,3533376315578781e-23,6487727449888803e-22,1440362727281596e-22,6172481514627634e-23,3768884203144691e-22,1493114136435606e-22,0.0572330405583784,0.9413058313643724
4239363603426744e-23,0.009683549297110587,531668171366325e-21,24264346374041723e-22,2073112973929262e-22,6729922746988727e-20,0.002227439978333906,10064640738828481e-23,0.0009131961065604845,4895290902810269e-23,0.9871051579834667
1271366511707882e-23,13186990240883426e-24,24663443583402842e-24,508363860524516e-20,0.009176120777169047,21311438807927616e-23,4805351777714972e-23,0.0031092215604464563,10661415515620905e-22,10780249192239504e-23,0.9877080883477309
8275040779287924e-23,18193427959875176e-24,68408160889184706e-25,22000191074087426e-23,3467878621824091e-20,17736602083614282e-23,0.014839471473757328,3415454821063929e-22,0.00195497304724078,4418238386436121e-24,0.98317002557648
2027229115674213e-20,1059029923764537e-20,0.01829630653794762,809671418719724e-20,0.00015981909192780918,8835269748347027e-20,0.010131619967340907,13774861299897743e-21,0.0028101858137371534,4121108891732481e-21,0.96845686061679
5620382631028349e-20,40742258299194774e-22,15358138878472806e-21,1193536583803379e-20,0.000764410741026219,0.00011716005865004521,0.011974077363075672,0.00023497430502609443,0.001546504231768401,51390446030240175e-21,0.9852239112975666
43977095469683843e-24,0.015629498874651215,57600944088919337e-21,9580130857238782e-21,5501026786409598e-22,2396528118787768e-22,0.008549890854346423,0.02034062796829691,0.003572247303610428,6712138878280132e-21,0.9518330080526851
5002145969128515e-24,0.013040066530444493,0.12518341772750033,25518399099446693e-24,4920341420891545e-22,17047653343675115e-23,12062366595097526e-24,28972399768754985e-23,0.011438206889017446,22643363475716222e-24,0.8503372913921117
8927557805362985e-23,16647782575348252e-21,0.09488566942878214,4529954230525649e-22,19993167480761413e-22,3269388303940314e-21,6007716386962048e-23,2568624089727814e-22,0.007309782184186141,29811423371505405e-22,0.8977787915465607
36249206089989094e-22,0.0275463564626761,0.0394507808117445,25969793682988453e-21,11205339672413601e-22,18767799502359341e-22,8443025324929037e-22,17994929847351003e-22,0.0063246126837815135,0.01375491974693106,0.9128880944710726
0.00018258712273361267,28891887879096273e-24,7020680131420893e-22,2336423979415036e-20,28074002294581953e-21,512407970622204e-19,0.02593983709380767,3395669359277062e-21,0.0038848637388984907,24133798296441152e-22,0.9698834929963196
0.0017493513209025883,0.005280094540385291,3543494167635709e-21,5584781144746551e-22,7715530857132639e-22,23546579058932053e-23,20257474255730817e-22,4856957203095126e-22,8779036222812068e-22,0.06306353687244395,0.9298985189283416
0.0008214416336691648,0.007476440284014954,0.0013546949466319352,27220782847367037e-22,7338221740377094e-21,23387413650130945e-22,0.00015652406764371518,1671181901290344e-21,0.00020065600562092496,0.03190018059661414,0.9580759922425136
0.0002410930832496155,9790547856345762e-22,24927547494217335e-21,22470821699127353e-21,0.0014688313728486175,6195890721259727e-21,0.03817822939766004,6877854534760453e-22,0.005698030828612364,5207386341619455e-21,0.9543533468311233
8220364110818718e-21,4658258224795474e-24,3687954775460984e-23,7552894301174752e-22,0.025560149876787945,15930632855127994e-23,0.05022213960906262,3680053610610829e-23,0.006733251575595306,3102240107175941e-23,0.9174752146179413
4950314892637018e-24,0.05540761932866557,0.042788802726459914,13780150655270723e-22,8227951173924371e-23,23243873304558593e-24,0.0035231835841089904,7771794755073415e-23,0.007129296738632345,16595862641367518e-21,0.8911329355527834
6230155401724532e-23,12714343690524324e-21,0.09048904546102703,3442407938258428e-23,10156132013111694e-21,11543223982240938e-22,7057606606975233e-23,13108705377017928e-22,0.005903398585497728,5318539190334639e-22,0.9035815211292175
21047713307371666e-22,8912501370568911e-23,5934874507503191e-22,10278620894211837e-23,0.00018601246046709907,0.0024825328012897997,1340944419840784e-22,5848451095279175e-22,16788924927081867e-21,14154382298243643e-23,0.9973109151643603
0.000199360298214208,3593816582018823e-22,0.002584544981316792,7956321604618949e-22,0.00046560428861025234,1318935028434155e-21,0.02367952001834194,0.0013789141891028828,0.00287286659540001,5432008621583487e-22,0.9688161724793044
1171586061396331e-21,763656244357642e-22,4096531171110449e-22,3421210821333264e-21,8640044249569055e-22,16538082662281557e-21,3365898533454961e-23,1531748963553431e-22,0.000135269210018196,11448195431795167e-22,0.9998409182338452
0.0011607027291882452,13746475728002053e-24,0.02341909799903536,6580265555044549e-24,6171929889735443e-24,24551976136601016e-25,1487459087737621e-24,0.004397943221033753,7305771670156362e-21,0.03663795016263389,0.9343769696751106
7006748882741147e-20,17931257557857867e-24,19090604599774463e-23,55120951280487326e-24,4386794209838813e-22,172938497068216e-20,0.011926908161155925,4552405372638765e-23,0.001005423406784456,2874966635289675e-21,0.9869922484298964
20435607166439073e-23,6061247866636214e-23,17818511623805866e-23,6183185814694799e-22,8052919879546447e-23,11514952529450347e-22,8808475350171002e-24,4939282551472458e-23,8123236081463938e-21,3174227581934766e-23,0.9999894933236424
41051000158360315e-24,0.015358048954473883,0.0857609851841644,17623741334021246e-23,10250576569106191e-23,38234242388930325e-23,25740038949107878e-24,4373644249553845e-22,0.006539736815028431,9862815764863462e-20,0.8922414356472879
0.00034342586004527535,59503499349959825e-24,10522986014959628e-22,8170341442597115e-22,33235018466587135e-23,14719374924739535e-21,18669894209026358e-22,14024874670528456e-22,790083004625081e-20,0.012661081356152256,0.9869673419155138
0.00012514419900717407,0.030044256975024056,1268112170582441e-20,21550430786866637e-22,20186306748231124e-23,45118096897100343e-23,18411470454557862e-23,12747769917984908e-21,3823319690173321e-21,0.014910039473555613,0.9548883149392794
0.0006057447082263673,8477792893870901e-23,29688625059285517e-22,20327801140211893e-22,5533498735605226e-22,13002909595122877e-21,5795688945995828e-23,11720846184052139e-22,18711503359871313e-22,0.021334928874012143,0.9780375825459
6419371542738661e-21,0.0001434945499182293,0.008775021944323263,3219271602542273e-22,33574574666536444e-23,806165169738815e-19,23549940639607425e-22,41343985852639e-19,0.00010379235319334681,724775206379715e-21,0.9908827834232858
0.0017631339275481321,5181289629704033e-23,24982547238843215e-22,8558335773905081e-22,5002795726344371e-22,6791446163606057e-22,8477440787936296e-23,18251439811905332e-23,18305352623886686e-23,0.07162978139978711,0.9266020490049459
42433854830094824e-24,42167542362787166e-24,7999163106724296e-22,20860743702472297e-23,6516849499597573e-23,0.00016067885513976156,7232783242686882e-20,5034266194404497e-22,6384667636409656e-22,6115703266094694e-23,0.999764631968378
12403156136588682e-23,0.052360289293028515,13999671592746678e-21,4063300429517874e-21,39494391096380667e-23,7090334403720182e-22,14688247046708474e-23,52654380528785925e-22,0.0007909108404743161,0.0039013550636886364,0.9429227415013488
0.0007963073485916524,1823417933193126e-22,0.002340766335077168,496913622970665e-21,30592682915548955e-23,17266320520131954e-22,6243072785752186e-23,6092617995841535e-21,5147586777772879e-22,0.029268623984012594,0.9675849207106194
12072337935496928e-21,4176207717029411e-24,35666172156426017e-23,12730105768252597e-23,15065122284675573e-24,27574048757009678e-21,7080457560631948e-22,2663127359579055e-20,4420742486699007e-23,20797712610719476e-24,0.9999324460847089
0.0010427670856612515,22327361803350915e-22,12533493704150163e-21,7816408030434643e-21,878211003991705e-21,3437369382823063e-21,4882493438081463e-22,3360963026253572e-22,6218695189233003e-22,0.04227667616514959,0.956652212315722
0.0009747251045280744,7863099254189119e-23,6479880972504464e-22,10156580840908861e-23,7875790552966502e-23,3858088173985992e-23,18727761124136424e-24,35740054936354436e-24,9672962863829499e-23,0.038681283418652214,0.9603428947556892
23121713810544175e-24,0.019401190181607526,16529952952050973e-21,23824747227287838e-23,385167875519078e-20,1498174905867507e-20,20006107125762076e-23,6230067590293042e-22,0.0002400452292759522,42404147582388045e-23,0.9803218927306925
16317496845456012e-21,5249493160964368e-22,10898936501560351e-21,17326742338857156e-22,12814461145716722e-22,19403492708895646e-21,0.003393547207303009,830318470586773e-21,21734471576076344e-21,8938941472588999e-22,0.9965328351127825
0.00018857755990486097,0.01724114695523187,10749854743284128e-22,13152117465992078e-22,4984901154074425e-22,6258453492850741e-22,14682008814044898e-23,25985417728305845e-23,5676416409127957e-20,0.014195811093928215,0.9683137790198928
0.0009160695571255826,2949589376818498e-22,59159738500802754e-21,4793517734039952e-22,603961650986973e-21,21006846302355162e-22,7495135854869235e-23,5395994830668163e-22,41770538590572194e-23,0.03461012757455169,0.9644101319166021
2476391786463687e-22,4762455830373597e-23,11479171186900812e-22,8179451634696822e-23,12602378324959067e-23,2730284303651228e-21,6032655876998902e-23,592582851640172e-21,8943195758956963e-22,9730135775137291e-23,0.9999939741861973
8238821406047488e-22,0.03627352411909649,24303769124275337e-22,18221953994721159e-22,2986590694641795e-22,6239641901982051e-22,18813433557604856e-23,864477988674868e-20,22799683827660096e-21,2103250180023891e-22,0.9636886338799795
0.0010490824669062082,1180912536434875e-21,1171765569229453e-20,7465705119618064e-22,752245658442393e-21,16609356058649409e-22,2606718628735401e-22,617284512198557e-21,10507542083668238e-22,0.03925958152627641,0.9596733489762291
1662881950249943e-22,11855185999729191e-23,125534761480621e-20,10362144845095614e-23,1830959398373418e-22,18675775744368258e-22,2698002483178902e-22,8609369718123885e-22,13416952546015977e-22,16359672787485046e-23,0.9999936694881645
28178428423108727e-24,24794349086511197e-22,23847465755446e-19,2664889407135499e-22,2245578398539536e-21,621237700760996e-20,18196623372773505e-23,0.047927523994862595,0.0008626353749899585,3336620504465999e-22,0.9511957081976783
4465727955803839e-23,0.08790598332915285,58415611699929345e-22,7145731202289052e-21,17585199088937815e-22,4860918396686622e-22,2686729940639719e-22,0.0067121087956119995,0.004432564131861779,23752828464374372e-23,0.9009335614141221
21224559083267648e-24,15930125937607272e-22,24867630233826733e-22,22208911373166808e-23,21884211362305604e-22,58456292450073324e-22,27577672429275337e-22,46312497443567396e-23,33877692910769534e-22,1835750566363305e-21,0.9999791984482541
0.0007145372281461531,14545138445938277e-23,901666391062803e-19,13376615815971415e-23,33419976336430824e-23,16046906390894226e-22,20192765103484626e-23,2735879152005373e-22,7878001138513039e-22,0.02794424342897219,0.9712475712801513
12132301023606344e-24,0.050923360625431055,903731615018323e-22,7954793059241035e-23,4466370998571674e-23,13789534241953608e-23,34343038547919975e-24,0.018279838690995604,0.0023423861837272965,0.0008968743395276048,0.9275571412049823
0.00012824209596999308,0.009911038809730856,2944466493990782e-20,8260519428809625e-22,6536591620879805e-22,793075449280451e-20,6974160581842685e-22,20479792122074644e-21,1367176772992351e-21,0.006266107342058011,0.9836332122367503
0.0003767177564486395,7210464126625455e-25,3233693214636194e-22,4625289725239423e-24,4506823193079461e-24,7056385767756059e-23,2942485414505168e-24,466999894142624e-23,8220210230224341e-23,0.015079916818147953,0.9845428718244782
0.00011653375376582088,11403266361454919e-23,7751726882160542e-22,33375897700426464e-24,27495205605132856e-24,5841801122108512e-22,16561312999760325e-24,28111293412849983e-24,22366858609833062e-23,0.006223842584048981,0.9936578210644252
15618662381931523e-22,2230521669117333e-20,1868097195998914e-20,413205926183933e-21,6564077974178121e-22,33032526598653035e-21,1424358849838735e-21,3806994822476115e-22,10637109618110916e-22,5429224078711793e-22,0.9999199383014538
509372762222861e-21,0.0001741451472937195,0.0074903081929767286,7156168611791062e-22,26554766932569937e-23,0.0001351808041744823,3719445593637781e-21,0.00013194714987654888,30210719171607144e-21,40804433168646905e-21,0.9919921954706608
19488679894529586e-23,6660979728192692e-20,0.05097241365934847,44838146798690013e-23,33046218580373346e-23,26141388310138295e-22,11920137787406238e-23,5068577576162844e-22,0.002290081698443459,6021135042159091e-22,0.9466660788030028
660550107581226e-22,59408412782158116e-21,2715740791504992e-21,9293133258402564e-22,28551411761130413e-23,6532818556741172e-21,1133920276210052e-22,0.09303916151043845,0.0037047126763670706,0.007262441236868832,0.8959236333297136
10037057604526625e-21,4374471560612033e-21,818714837393941e-19,34860180266209676e-23,8715111272493198e-23,576293310707515e-19,4646729398681725e-22,0.0032765322075074843,27244273514273268e-21,545554715724802e-19,0.9964868552775751
33434247080169554e-26,2882383381735037e-23,4779325914745403e-23,22628110648218846e-23,1991248394298069e-23,10577827381676102e-24,8972424422340539e-24,0.11019020807290351,0.004872731023725344,15624542532697104e-24,0.8849367025835687
37997160607647107e-23,0.04875295004465992,8396672308850334e-20,0.000762129138776066,1406859331985527e-21,16212663088251984e-22,43394744147952973e-23,8287626237167737e-22,0.0011109218246347693,5353264161225996e-21,0.9492800081977382
7466025798289517e-25,6907068794100191e-23,14222356258806175e-23,8194458463256789e-22,10381721846662934e-23,1029741834918218e-22,24622180311380255e-24,0.10381338063376505,0.004052389914401045,53393426952093267e-24,0.8921329131582535
1939012191977545e-22,0.029172110777761284,2407190570014972e-20,14360175572230736e-21,7387680796082971e-22,8204631627680353e-22,12990526870092714e-23,6989805527151264e-22,13797127184011373e-22,1161366540382259e-21,0.9707843340434259
18372785640477573e-23,0.015574301488035711,14711127078145846e-23,1078826663806031e-22,14404464888597188e-23,22394341228746013e-24,18384999127714687e-25,0.10324756667487922,0.0031520183958122306,1078587637689457e-22,0.8780253985832259
43037197201171416e-23,0.012623531261897084,258786921679308e-20,14328277890666217e-22,4153955565000394e-22,16660804745275788e-22,21187739875279545e-22,22579626425405494e-22,8174079147707397e-21,34876349862500593e-22,0.9873538977423317
1364283554874253e-20,15845078226017564e-22,0.00011878988420854037,853475162296899e-19,14362416787582822e-21,13650929461275055e-22,15083474616356353e-22,0.0701772042064117,0.0009017497227197446,8650558655781812e-22,0.9286835804140062
11461161339008755e-21,11366808515927697e-21,0.00010936191083090905,2647067661246582e-22,41941294087622985e-23,9649533973518751e-21,10566790288023339e-23,0.016712820073849048,10474591320318159e-21,0.00024354558746756793,0.982890530545094
4087626416391909e-21,4799713227068896e-21,12250274493033717e-21,31945797735903566e-24,25156824948332946e-23,3664387015750621e-21,6931256772140343e-23,9068498243570251e-23,1019393336825816e-21,18888561510390132e-22,0.9999718462377626
9926476488342829e-23,265919326074651e-21,9131271516680766e-22,10407690686918017e-23,49322269084289194e-24,4739644415190653e-22,2175823650475191e-22,0.05383709021981751,667595689590022e-19,8524836908755447e-22,0.9460931744703144
6893305429000028e-20,3389858699451748e-20,0.030351645828615284,4229826142589015e-22,2902840742011036e-21,4264855785285823e-20,6980972022228903e-22,13834625629043414e-22,0.000209365973211907,0.00010177766604582982,0.9691863229498695
23550682410448655e-21,0.002941338257434635,0.0032507823231645075,5295926639873162e-22,1093600832026594e-21,22466980599007794e-21,2591413709699168e-22,0.016684926684505202,2602717421756797e-20,0.001961218885516622,0.9750878066772852
0.00029332775766784916,4255807374924911e-21,0.025248953682676916,34677640899498396e-22,2522546353066115e-21,894607924503901e-22,24124186078277886e-24,16595150256556058e-22,56709506123860137e-24,0.004077105106482063,0.9703685375258448
0.0004008577069839993,44513869678844983e-21,0.0013343622228483931,1623912140949558e-21,7778133511634981e-21,2810336633061348e-20,0.011058409555883348,339835856575874e-20,6855593736915583e-20,24357004813863362e-21,0.9870280399318729
0.00010046837871697743,340280304792084e-19,0.01657144502033181,14998855865457034e-22,11820324456597337e-21,6723103050051968e-20,0.00014233576111201158,2175299831757667e-21,8319111377327301e-20,5138519921628595e-20,0.9829344199559951
5317979752640732e-22,0.02355112755859693,6648323660628404e-22,47990568307370354e-24,4125313933438561e-23,9382713909267571e-23,11409572353877028e-24,2078439690887738e-23,4389925119527494e-21,2639410870399145e-22,0.9764428066800394
17110162324284223e-22,4732168525204962e-20,11905937749484335e-22,9268698050531725e-22,0.00391801920270998,29731263354374356e-22,10308720515567976e-23,0.03119004622690392,4384918877817403e-22,2790835598414279e-21,0.9648344788642947
24539717850673147e-23,5291065356016213e-20,9270245016858769e-22,8623077464665306e-23,0.0011479203221235095,492648735902791e-21,29001535624428344e-22,0.04651530116936415,40042157950585913e-23,10636975712173286e-22,0.9522777522810486
16360396883829697e-23,0.009344545243222263,33428351755366756e-21,7382339055268583e-22,0.020886523126705737,26509579272410665e-22,2036601444941355e-21,2524673708352191e-22,26256621614644836e-22,19746081470452818e-21,0.9697072896700674
5164959893177135e-20,0.01011931773846752,0.00016945178299803353,10625582499246579e-22,0.00012569023979785055,19858988964863817e-21,1838824973774188e-22,474064680806586e-20,12778935010481087e-21,7363680152350216e-20,0.9894216288267506
19859035063532597e-21,0.009105314366956654,4983306058343941e-21,46451309289328435e-24,22082987117100505e-23,3019362111444223e-22,2541511673287441e-22,27471408618601707e-24,1842902941075425e-22,566341697259674e-21,0.9908682418199625
11251456410254769e-21,0.0003162840077618348,14653573033251164e-21,16754588603705038e-23,8463430120367007e-22,6296537039291112e-21,6637525451579855e-21,605537150931925e-22,6328924300598676e-23,21055125985492242e-21,0.9996226840424627
16419488198317804e-21,0.013842416222628978,0.00011774190258292808,2229483934420811e-21,55614007632271795e-22,11081273321745808e-21,27312651643870566e-22,27015465082719544e-23,14621551304961624e-21,33621419774331135e-21,0.985953305837676
9635912273036537e-23,12576086150641264e-22,11073570424488982e-22,11764951995332925e-22,483447578757377e-21,9124321749327975e-22,9334989378793128e-23,4192770143977999e-22,2878606819544478e-21,7510396074053073e-22,0.9999908240269317
10470976779958935e-22,0.10414991633740879,0.01619170523925337,29786053658995583e-25,9149848634293082e-25,1594907741583343e-24,36777251938171756e-26,0.015678907180828372,0.00477434061614805,4713251679839636e-25,0.8592040772010792
3530374902961206e-21,0.1729588279248409,0.16276559912056482,15910487320513588e-22,23679259697037314e-22,27548635174048803e-22,197284138619868e-20,21228557174475856e-22,0.025187492562436825,15479460030042263e-21,0.6390582610218987
3987110242999863e-23,1247307091666628e-23,24718595184172026e-24,2206090081653927e-21,8620934366610737e-23,13278851940882455e-22,1327439672564601e-21,13105078137263782e-24,313854697662542e-20,31783330831746696e-24,0.9999917918775539
9997289487942182e-22,1586574923949385e-21,6278255933320337e-22,1778154859729674e-20,560031855233808e-21,14296096597177726e-22,7322279063212353e-22,0.07505824444717739,0.00023203645543248786,2546007768961271e-20,0.9246605414722172
6048550465510692e-22,0.13127506289238594,0.2764109126217864,9003081136057232e-22,19865110525208048e-23,21533367150210772e-23,9835125681359948e-23,13568059845102922e-23,0.03056707099859769,17060021919875043e-22,0.5617430943052502
29435456208592664e-23,26848871134952505e-24,2701692525659546e-22,7314908793434297e-21,4821031666504542e-22,1026967471168689e-21,972425829841444e-21,16257845895239065e-23,1443651744527949e-20,9356790954413714e-23,0.9999749195582396
