4363896832129783e-24,1107540708246e-20,0.24146996412010346,14686689027475058e-25,0.36022804989357077,1366456750876399e-23,15224354389757206e-24,9635131789681289e-23,0.39830182545106363,18387024777818234e-24
2114665443636464e-24,4514975036641862e-24,0.23889089975790428,4381490439044804e-24,0.35202173490431243,66718917378895435e-25,6225259949799835e-24,6782066640424385e-22,0.40908665465889715,856373211577929e-23
10637221811790224e-25,18703175516349244e-25,0.25793417696334875,34136295472091706e-25,0.1515226185191978,3506161929613965e-24,26840912563187123e-25,4284238626621142e-23,0.5905431462158247,28932233818101254e-25
7923310922494412e-25,9487082661009244e-25,0.24464805318414126,27623498205583545e-25,0.12485973935989114,5461084255370696e-24,33264900786199473e-25,23089116220585958e-24,0.6304921674133851,366248048986208e-23
0.04529859722261399,19348642405177115e-27,29098818604972517e-27,3042874256896431e-26,7476567815511298e-26,7910495426042457e-26,12549893937419903e-26,9372430361059734e-26,0.5876981798828987,0.3670032224425222
7439211101554506e-21,6004869757756924e-24,1187338022731049e-23,17698991468288755e-24,0.392074034205847,815916573906331e-22,410843374040619e-22,0.4280543174712654,0.17986393056119873,12029787624295794e-23
0.01958246019513908,23626572191452836e-26,2551411294465446e-25,321203909179434e-24,11054084085999252e-25,21183473751387192e-25,7492876051947242e-25,1593185328333892e-21,0.21840186520859636,0.7620140766252662
0.02097021079039526,13975552164985274e-25,15951873493309566e-25,19482880678887786e-25,5775249480990962e-24,605357497362774e-23,5264945104364127e-24,15597802593248683e-24,0.2237248896460092,0.7553048619319632
0.02519091259695502,8213184137065673e-25,8978088046331625e-25,1022800812716751e-24,30203296283488406e-25,34705760400867944e-25,2642525642666754e-24,8014173109301168e-24,0.258131130812074,0.7166779367011971
0.02662043862334517,5191591375076676e-24,5885478650910265e-24,20819248308339305e-24,18134282989179802e-24,21775534840479728e-24,13024418503871128e-24,27594122165507586e-23,0.28985758242929255,0.6835216181758298
0.02808603844799978,17102721973326178e-25,19749449901567548e-25,883523733664835e-23,4135131238563936e-24,13617112335428073e-24,5330199348683882e-24,17369878645460798e-24,0.30197561036551535,0.6699382982137235
0.027298429885299718,30621104874356402e-25,398774849233301e-23,17044119758317342e-24,9187036666854075e-24,5373943167248532e-23,11842257530454025e-24,16272850177362741e-22,0.2918379510334711,0.6808618929333494
16050821707126866e-26,5169012056285797e-24,17559005000752467e-24,25848703062274577e-24,35272148665883637e-25,0.695026594501428,4054427018224988e-24,0.019104541962793573,0.28586875273753815,5447909129222523e-23
0.00014314580053751457,0.366685402818835,13527482765707533e-25,28644954663449106e-25,4025671582441986e-24,26974661553078838e-25,13256661634279085e-25,8482347765924122e-24,0.633171425129887,5506679771093237e-24
0.0020641351238586676,0.30976310107354266,32759440980204296e-25,11438369612023707e-24,1437986056135878e-23,56081481501848514e-25,25264562139540448e-25,576591829057196e-22,0.688172649389753,19524866038713927e-24
17789572556755007e-27,1555461850108874e-25,0.3684574058496145,6890474524368416e-26,21541461188793322e-26,36493360492745355e-26,966608951639995e-25,14189112439022917e-25,0.6315425915327048,2801460569711776e-25
36398150159908e-22,21622878898970736e-23,0.36718137252996236,3776136079536875e-23,25284168327687212e-22,4180469200344805e-22,29228925605934322e-24,7826007843062841e-22,0.6328144390570662,1724895989717762e-22
0.008833186016920114,3471235774705688e-24,5095705077878072e-24,7122364775387984e-24,0.004039387435042273,0.26736975435242555,9620956454337589e-24,0.36954400630050316,0.35021362218873686,1839614675373493e-23
0.005965493821646233,4026862606694177e-24,4624836613017522e-24,6514685318936573e-24,15969689027079395e-24,0.3376365387375372,8686653026674805e-24,0.607539809783904,0.04885808965509608,28179088459072748e-24
9950966105386771e-26,12154267136895765e-25,0.255440696940241,5754941442841934e-25,0.06419606147177183,0.3110344300260521,4675626566846104e-25,0.012688401925305983,0.3566404055984778,16802392913667577e-25
30237620545464167e-26,4189419152123783e-23,0.23529170394459753,2516655248958305e-24,3012708075557475e-23,0.07287388491146961,26132364839742575e-25,0.15947403727851098,0.5323602878292433,8582608626402908e-24
33119353473887687e-26,37482561951369445e-25,0.15240716685078473,1216686223311153e-24,8684803275561205e-24,0.3179563876047502,16810195119995476e-25,0.31661511825783345,0.21302130668520794,4948979631562453e-24
6223490876338702e-25,44885470276452964e-24,0.08593089933162776,31810254087755954e-25,2648835337010123e-22,0.5356803895567249,941726483444289e-23,0.27100773130404765,0.10738062028287053,36535061971047794e-24
3499168846018789e-26,5952599880622789e-26,0.10357573550068833,3985821688301375e-26,18424296740609868e-26,0.5700541202802234,8156097362404055e-26,0.022859713586946575,0.3035104300834085,1440213283325119e-25
5045172046076381e-24,1201965412373718e-22,0.122822367539129,15449887884275695e-24,25360887071063934e-23,0.5263246657381002,341114568986648e-22,26671196893113883e-21,0.35082564740149325,21971246984962527e-23
2469004869324327e-26,5105879565304194e-25,11053228773001968e-26,116150170738066e-24,0.1948366064280259,0.4184132081654864,11902082300680383e-26,1911217838952451e-24,0.38675018229161295,32274930773068445e-26
14367761093370934e-26,51511727854701885e-24,14188529231322532e-24,38909939094858915e-24,0.1672340686435411,0.5549717536615072,9024074029594943e-24,4092823615144779e-22,0.27779361082471343,4380992672881882e-23
0.0008282697025406352,3717056616148982e-24,2697657933115881e-24,5833819542881489e-24,12983148313007368e-24,0.999171318999068,10622620082846775e-24,22433936657834482e-23,12855892293541347e-23,22546073108106807e-24
3473971892731288e-22,6940880946443685e-25,8801454344820054e-25,1330916838784097e-24,16002964745615854e-25,0.9999994764317712,2044886229286819e-24,5401021053941924e-23,1124811198257436e-22,3131278709424537e-24
33763712930569933e-25,20379048093352957e-25,1776706754184848e-24,24968033734323837e-25,39789398321161586e-25,0.727122216219806,3351376049124808e-24,0.22467112054649152,0.048206641326382055,489011152913608e-23
23387077634031356e-25,14306056574581177e-24,9990534477664918e-24,7657403971655308e-24,28329489903019686e-24,0.7239441650982111,23813946587315225e-25,0.24853838298384204,0.0275173827993983,4106743814094968e-24
15234945138639587e-25,5368753967585322e-23,7749431212645136e-23,4011123326019234e-23,0.01760017128894698,0.7431440919512039,21810240578903356e-24,0.2392506798371459,4839330135908311e-21,22965995151998733e-24
3932479419255403e-25,27256693370411287e-23,19341598591047396e-23,9510118168508604e-23,0.07704051478760578,0.7184759345980836,8135064721840232e-24,0.09518160479819707,0.10930136476911753,1143249613661422e-23
6361109712999085e-25,10601214928425523e-24,73839396005420985e-25,11255299482708691e-24,18228116875238747e-24,0.9347019357926704,3514045700104916e-24,3924249735953609e-21,0.0652940839936294,4348612191145227e-24
1660517843916669e-24,9853469933358927e-24,7574145046152255e-24,0.006297075202175853,1853859852706593e-20,0.5808734551687555,11877075574174535e-24,0.26002880903284603,0.15278208051213235,10520394605987913e-24
1310941981648671e-25,12313652062957829e-25,11585702049335253e-25,0.06548530929734363,1631177819282756e-24,0.7257063416750952,11486021435567635e-25,0.20880834168024254,12454336117506815e-25,801075775362014e-24
21152140309223854e-24,11433663902887973e-26,8990048150441981e-26,0.10479822867061978,16905634014680092e-26,0.5614024602568896,17886949847005066e-26,0.333799289163897,11150519902273901e-26,9278945380429146e-26
23101535464981695e-26,7644254490505754e-22,0.15122013180310673,0.3064968692978887,5089334101996795e-25,0.3714958853886093,13148048360912355e-24,0.17077897199809572,7343083671902019e-21,2011520947384933e-23
0.00025449732383330665,5271995382672542e-23,1109520276959302e-21,0.1162793531853069,5357785383943988e-23,0.45992143140791064,0.06446594272347196,0.0005436089559973187,5672288910508075e-23,0.3585338938623786
0.0008087002002511443,9672400504967711e-23,0.17157056700908244,0.1530976644995358,56234055502078105e-25,0.5514613033501814,0.10679965805111676,0.01625946245595771,4959335597053406e-24,2537126759017548e-21
16946959168410356e-26,0.0350390849702328,0.18489766634794,0.20462264682840328,448777844922325e-23,0.39553237518574047,0.05573223753502593,0.004383040132473615,0.11979292875500022,15586058704138003e-24
4470227744058248e-24,0.013271678703387137,0.1925614771757808,0.1811584398170808,408190575225195e-21,0.368212647129113,0.0476958011043924,19235488844498404e-23,0.1970992847350381,6631976978225859e-23
2467564932902828e-25,7251846528114433e-20,0.24701765214167348,0.1886174539534297,10004811645712744e-24,0.38347652065818744,0.11863523887291198,9000875265909605e-24,0.06218058994021063,6710262514146239e-24
5041486529185386e-24,3777577553356346e-21,0.24390277343124897,0.1951014374596637,0.05221188234553358,0.3755298636228764,0.13323239927752178,34686089479427855e-23,8804172880840386e-21,8710210337659726e-21
36534947274442914e-26,12208521758158327e-23,0.16597997084111343,0.23619922732246454,0.09506465858037755,0.37911385987326296,0.1236411727341189,8193403689214004e-22,9294234224019875e-23,759153844572612e-22
4986712994719845e-25,15116977501851287e-24,0.1035261291757841,0.30309141527350164,0.006526658923715779,0.4387044475226088,0.14815049300094352,984881280791004e-22,7309115411625128e-22,11087702950825071e-24
0.0028898999004586287,7313166608038778e-24,0.5255187175510417,0.2915771321219065,25912997231747087e-24,0.13327365061088112,0.04674003904012081,12398005108727259e-23,24309399015499506e-25,40113843738462347e-23
0.004061960103233909,798378593719204e-23,0.6191396787575262,0.26143216987278856,35821569003997055e-25,0.05933979289325697,0.055493137499985794,4320299228075089e-24,10843092736525637e-25,0.000533243906519731
6994830593480516e-27,0.06324190556387795,0.04640455859675818,0.25170667249566286,1767228230990977e-23,0.14821300510795454,0.34427808311883007,1916322776774154e-24,0.146155755402796,11852043081508105e-26
0.003689396299663985,0.00013038461563561382,0.5715296429632405,0.1867880952418169,41669685978315944e-24,0.023538131503578027,0.042508816340671655,49221890051463174e-25,31989149905531784e-25,0.17181548324473228
0.004105525251388462,0.02159307149899396,0.6020439715421723,0.2161509241851398,58623438456458156e-24,0.0012407386284663208,0.0010058596890615084,6284659461895055e-24,42583357699069165e-25,0.15385984003951708
0.0026398785155763342,0.056422444119123234,0.5266682216115097,0.29256082029958136,16141059283065636e-21,40293544884566255e-21,3444624619409609e-23,37139660803640906e-25,2099614874789864e-24,0.12165216058972031
35225226438567866e-26,0.027024108848206392,8731472891548736e-23,0.17729257174196164,0.16322432090187664,0.16486054741119596,0.38428604910291947,2795754032201127e-24,0.0833122889783261,22552677531317195e-24
0.0026438319059666087,0.05161499970402727,0.48907963254184933,0.32919795774988697,0.062462437637094845,4882660107397968e-24,20087210244249978e-23,5916196516406486e-25,5585364014553077e-25,0.06500093355691655
3638041013248792e-26,0.022450706936253256,1923646485242825e-24,0.192903703672156,0.12631441871171914,0.11568886979253082,0.43099704058298544,24370019300419737e-26,0.11164525635896116,17416695792071162e-25
24265821592908744e-28,0.025726612569163185,8235875137279795e-23,0.1254668807093401,0.17232014127355463,0.09663004778842417,0.5497181511832318,11242299681498532e-26,0.03013807960534991,4397236679965241e-24
1468338195285878e-25,0.048738952012343725,2295461843783049e-23,0.1578765923148093,0.09448352511612998,0.11210353118355909,0.5481405839508858,25903597320568065e-25,0.03865677856714508,11163344380118058e-24
538170491005465e-24,0.015440586138784889,3954925513786785e-22,0.18072035910887405,0.1806645694979414,0.05894281652002456,0.5052306124501673,487673368374236e-23,0.05900053360859407,12176816589418642e-23
13099755076064498e-26,0.0004996575660322555,0.001562382974990276,0.2026668896351751,0.1500214519632524,0.03496363626481573,0.5497421510373881,11625769235259259e-25,0.060543819341927436,9922420941183342e-24
14086090746195343e-27,0.023251138535565836,0.0022461996247783336,0.2826601317498407,0.11285753520649631,0.013493600637953863,0.45004843389324395,1217293505231207e-25,0.11544295926911013,9470346170839723e-25
11484515668781033e-26,0.0016868485153304406,0.020531705267768513,0.2798431819682926,0.05492931283560526,2755126734785371e-23,0.47862479570293537,7830276294596334e-25,0.16438412551679527,1744178313191263e-24
5972069616989416e-26,3386267926875465e-24,0.09886781907385095,0.3517427448716134,0.3906683769990144,5048598796990794e-24,0.14872889421810967,16895275154840126e-25,39621235899845317e-26,0.00999215425915294
7971845178755281e-26,34614859807592493e-25,0.15295176287932846,0.3695402860322475,0.34483865400856484,6728639354325273e-24,0.07965264871191856,20484339245149853e-25,464942926623847e-24,0.05301663558473827
0.002233092814899173,0.2229097972512781,26120863282499123e-25,0.6937345932001827,0.061992886809572004,20924054543420294e-24,41119057851870983e-26,5297430422620029e-25,0.0191296052221286,22517385546485994e-26
0.0027389488026357735,0.010147906669634181,0.10374037052633767,0.3977503986210933,0.21668816473191493,41127582456087407e-26,0.12336563999948993,18863180387931006e-26,0.14556856977283988,275927753441593e-24
0.0011298758525151184,20588142998948628e-24,0.34795067937799395,0.2271914409302308,6000779521921401e-24,7356897041639106e-23,0.4237278911034272,28934991408808496e-25,3966697030771034e-24,5717875968325269e-24
523165486216491e-24,10400724718593955e-24,0.24384260002942393,0.0035698114184291646,0.31977892062340707,4020230538165885e-24,0.43280859878516104,4837909857884263e-24,25546397448165336e-25,46808774179276674e-24
885807421967505e-26,16247295167390152e-26,0.2400349428024175,0.033685722444202766,0.28593189231053795,6562241096434238e-26,0.4403474414430884,8846070900155452e-26,43088444056827e-24,631231953496117e-24
84645044194327e-24,13793271907536946e-25,0.3016336691794312,20650683324297784e-22,0.2200514324045756,5277709002617037e-25,0.47831282637343026,8356587446029348e-25,34329178749394826e-26,38039855576695285e-25
904380417279516e-23,17902821495871296e-24,0.20788301773205559,4756816778838191e-22,0.24087393024406642,33001663654681607e-25,0.551242535302455,3804948154920549e-24,20960430356333707e-25,4891316107171399e-24
10183238232230993e-26,7718424718849317e-23,0.11409084326515984,0.02768654255491658,0.42785164093298844,13525620288036854e-25,0.43037075345432974,2199967685487387e-24,12111540568835513e-25,1377429035563197e-22
19926406549475406e-25,11950691506340203e-25,0.21256280208913572,235554127590217e-23,0.18161304911542508,2524010141721046e-25,0.6058241415585445,4264113141833154e-25,3235744356162898e-25,6905387156911207e-25
0.0018761235067094677,3794713715273177e-24,0.45874689531477625,13333496551305648e-24,4893807287279772e-24,1142682439418724e-24,0.5393769518801059,1944356211816275e-24,9368167593612955e-25,3256630914473331e-24
9774834102538058e-25,2043348197869699e-23,0.9999996409038824,36523549646550675e-25,5758705922437506e-24,2043652211174119e-24,3203139615709475e-22,12203017423999652e-25,1345277985820901e-24,33508854706360672e-25
5128921521124827e-24,0.054807153363841864,0.8886284340440694,9789944124953277e-24,1508187701623727e-23,11146711193806095e-25,0.056564376894902645,9739233572047854e-25,8878090167046802e-25,27187922947060724e-25
2635272254957085e-24,0.04247236407247482,0.9575192155246378,17498108650645358e-24,6890519115221145e-23,1029758025266873e-23,8292945749205608e-21,7146728457149982e-24,5980881666326379e-24,1499223776348445e-23
1222208247835055e-25,0.045887780953346974,0.9541064187153296,3758387377302073e-24,2262231514061829e-23,3668362918964978e-24,5762470909074453e-21,2078249848038871e-24,18078356047621364e-25,3802969181046888e-24
20766089910814247e-25,0.0474033404756523,0.9476917669171259,3820249955997048e-24,19336743008094856e-24,16798606956888817e-25,0.004904859885589918,1077045082105515e-24,8592477268640797e-25,3871370041649719e-24
102912607205901e-23,0.05892534828315943,0.9410744723143897,1616429318605226e-24,6858407250354004e-24,14435747286642576e-25,1656858494228616e-22,495443926169119e-24,472527152485348e-24,18012130536581897e-25
67059874833535336e-25,0.05356960509663832,0.9464293495403308,34494413334212473e-24,7320125864573892e-23,14761586215266464e-24,8679289819406719e-22,945612336085417e-23,10091480448223392e-24,28723210901897732e-24
1024515908218242e-24,21833630004757483e-24,0.9999982501615594,10250927520847476e-24,23952948412796067e-24,57432201304389946e-25,16652737341635212e-22,5066913584664285e-24,2607873965528561e-24,14084794589131572e-24
4935785424772478e-27,19014419943257088e-23,0.9999998086076253,8598295193900695e-26,22074043426942912e-26,4140738997555509e-26,624228690144537e-24,4739788734041931e-26,30136288497678865e-27,19105100689887127e-26
7478052353772529e-21,1884144671796742e-23,0.6888231744225501,10615550425643985e-25,0.3111692247693405,10690156869831312e-25,9885342674132907e-23,4767746968178335e-25,12244238837257078e-25,12292654067397998e-25
7468421290203037e-25,13163795405708382e-23,0.03807729513841152,19506336425721993e-24,9770412209230596e-25,25818900024532136e-26,11910375876472538e-25,0.07000467559265919,4972510529121998e-25,0.8919178744542668
7495876192752231e-25,11348317527455513e-23,0.03096758029509276,11619909527435877e-24,661505228754848e-24,1933873721842422e-25,1083759451177433e-24,0.08806948603210477,2394473679359619e-25,0.8809628056419053
0.0008478549358462632,5325028418192082e-25,0.22434578170917524,581598845007905e-24,0.7648443669495412,7549376348650389e-25,0.0099619928957018,33379365396967157e-26,8431173042347704e-25,4637682721779314e-25
0.0020447588678225606,14851323778913504e-25,0.9771720469231304,12031682132427897e-25,0.02078180350247326,1173194927405596e-24,13837110706834718e-22,7525705825959562e-25,1152326254759469e-24,1229115906318323e-24
7570997217985932e-20,1917430865842549e-24,0.6053589734592206,4891431561957868e-25,0.3592706708924005,3813756161911943e-25,0.03529450731955859,26828511166237174e-26,13466911642632738e-23,6317692770460406e-25
0.000596131837370711,8332164152168822e-23,0.6870309457983472,28268703411766225e-24,0.25332506593247256,1323661656656089e-23,0.05904745588033288,11022865747094662e-24,220302364258091e-21,4439838968867853e-23
0.0051591826347219235,6283776428036593e-24,0.7277795454483897,9885051118201736e-24,0.1664472342726617,15798046601043257e-23,0.10061380962556063,30046203907354618e-25,2859335449177295e-23,2227140603361746e-23
0.0053077621542026035,12282859903219141e-25,0.903397795011448,6214354199350421e-24,0.025719828947600616,9860997230902427e-25,0.06557460050744768,9604779702905652e-25,1810565336818577e-24,21750964122373263e-25
0.00958974558346834,13490035932332035e-24,0.9429951554284398,12774948782481128e-23,0.04741445940287538,13551919398447453e-24,41649312401269257e-23,11514940974834612e-24,35186246306982475e-24,21599407318355233e-24
4966722825874256e-25,30829827668181967e-26,0.7418595776903906,6643641750110322e-25,0.041384192096799624,1729841984477401e-25,0.06832532464038486,2274678912065397e-25,2839762608326411e-25,0.14843090341891457
55372405414912014e-21,31666668552691533e-25,0.7814996751408818,3024502902319085e-24,0.03385840626581894,16074956884211435e-25,1560503204245003e-23,22390811939959232e-25,21217389320687172e-25,0.1845865184236002
5770214607637954e-20,20471580545402723e-24,0.8110749379721316,54799996535960904e-24,0.031067042619240034,9919578074133513e-24,67958511904304e-21,13594056419495716e-24,12672069126432958e-24,0.15780013784721383
0.005635489958439383,24827071176866287e-24,0.8796070478717263,3606825121365896e-23,0.03387919148292868,13391776051986735e-24,10720331095861794e-23,23723853138761623e-24,17563269302087395e-24,0.08087804791446093
0.006009285628282247,1915344516130375e-24,0.9588032071863626,3950299177890703e-24,0.035153830590940044,9814628715583115e-25,14838148205741839e-24,16436817014171924e-25,1264656835910706e-24,3365200331582033e-20
0.004354670621881798,5706123436803149e-25,0.9104635014822403,7523025326678265e-25,0.04098357106167261,22679093409615205e-26,1326155856547513e-24,3468139279409039e-25,5418315765567098e-25,0.04419825306993439
0.003946354337435262,6443383285564377e-25,0.928779015585859,853818951962665e-24,0.039814171184577925,25550652000788803e-26,4328253549322634e-24,4900794512675971e-25,6399399022081085e-25,0.027460451679756148
0.00139388728303807,947655238974114e-24,0.8387617863162687,8883386373825557e-25,0.04543381313429356,3833247514045966e-25,10662444278064202e-24,6905320851200165e-25,12907919601145483e-25,0.11441049840325482
2473985787492976e-23,11229800207610334e-23,0.7721276700187965,11130374949168456e-22,0.04890273828059195,10617465532095927e-24,2643856820351367e-22,9865937774681145e-23,554571825404293e-21,0.17896741339200128
7184046745694779e-24,2935317318598155e-23,0.6090726161259724,7554811440121134e-21,0.06636470915977692,12434006950490588e-24,2002915057035656e-23,12068188642975808e-24,0.08856068172944288,0.23599435710483194
0.0011030112963156826,7341436860252253e-25,6527004343696212e-24,0.12649957474048185,5034936026743463e-24,0.2302968589314145,6938264988151473e-25,11794556547312496e-25,0.6421005395399063,13224973250844342e-25
1875706722850301e-20,6523601363182109e-24,0.12897507713875594,0.1563246828670908,0.15663835962536365,0.13261346948661495,55202351035653085e-25,8402602734177053e-24,0.42542962242397386,10944812580374913e-24
0.0027458114215307586,978966712752899e-24,6578395243805898e-22,5610175418581324e-20,4430488127787052e-23,0.26837165728430273,9169112747036215e-25,2038654393048502e-24,0.7288257211455808,2315403455002384e-24
12561895957283964e-26,14308854927651785e-24,0.2955757530643102,0.20742610509372203,0.11545826356314814,3957223432747662e-23,44832406458577427e-23,3578414655692932e-22,0.20470534857644435,0.17683366959495378
3000878620292079e-24,22392669641554144e-24,0.5055930889490812,7982919324386558e-21,0.06760691461962301,19836185344099186e-24,4347735152085388e-23,3976053080689143e-23,0.149634104644452,0.27715778040582506
36769090599796104e-27,5498333692002142e-25,0.5193567626890132,0.11891444480215545,0.014958210699588848,4184879231476541e-25,10003253548955285e-24,460186878051219e-23,12334457925326115e-24,0.3467705538649732
3266601789816715e-25,26464553773298023e-25,0.6245878067878793,0.026396432014170555,0.020581825233487415,18509220019051083e-25,25537536157513302e-24,2953010060583855e-24,801209407829003e-23,0.32843389463915496
1300703133852882e-24,11869228598712363e-24,0.2727189347230252,0.7272631481198399,7863378036930366e-22,5456367665671567e-24,1587819283188545e-22,563352472514526e-23,1410489774337626e-22,1680672853950177e-20
5355788555809493e-24,8715182229484535e-23,0.5044442469967272,0.2536412691053186,53483183573482385e-24,22599710279652004e-23,2407107209175991e-22,0.0070086679531817095,22818259238093163e-23,0.23490497506408484
18408292214175228e-26,597664838853191e-22,0.26310030369198467,0.497749659403642,0.02578963804706466,17918654418212522e-25,0.2133601884713162,477370734566254e-22,15948266305220761e-25,9931195279010423e-23
7646996005287549e-25,9723066381211904e-25,0.6174904061419919,0.375438873597409,17661400455469703e-23,1163286292686333e-24,13929722092007782e-25,0.007070520325563402,44142203583517297e-26,18585685524551623e-24
4475528832383579e-26,24134640766974566e-25,0.7803470769105757,0.16536646403254487,19051935578116444e-23,6300415701170442e-25,13274009666053466e-24,18535675376961396e-24,0.05428623153927571,2100336431272416e-24
12859722102066984e-26,2813515291676332e-24,0.9439112385033361,3803443054643102e-21,1714849993988426e-22,1951221598045825e-24,18832915058887984e-24,10358108041214324e-24,0.05608474687936094,5603196182793283e-24
0.0049015077387355235,6688892033476036e-24,0.45147568568200125,5964156953368465e-22,0.5436143707795791,6387254302376806e-24,7797128240399497e-21,13876385882756742e-24,71853407489634275e-25,8117867655713342e-24
14149695743423182e-25,54923946231720526e-25,0.15311464148954962,10517169417535773e-24,0.2843531119433452,46215528238956586e-25,0.5625320077164079,10174132329374426e-24,20166559513756894e-23,4964973078081258e-24
3318881822380033e-26,2362068225957044e-25,0.006422412195831589,33887351073353184e-26,0.3000836065832369,37098271287885103e-26,0.6934939789444253,781545422202419e-24,3183743722415877e-25,19646352635483132e-26
24291647071322562e-25,153793392091258e-22,0.01650618591707999,11314842506572712e-22,0.13224446542103604,26349855608572696e-24,0.8510360104744452,8812643701537292e-22,0.00021126382660771598,17453569057758922e-24
3936364017572568e-25,2929598308024042e-24,8211459078211213e-22,6197859666104486e-23,17820271612523883e-21,628282044175148e-23,0.9918889661593815,11983564015143832e-24,0.008092306191226336,2652019801421534e-24
9121915981450382e-25,5428819245023897e-24,11895140150725958e-24,0.010302504209932426,22376391370839485e-23,11087968445368932e-24,0.9896947014362135,1266755556829821e-22,24093451345994266e-22,52460936132729e-22
5525999649958541e-24,229999517524874e-22,0.07016562137255646,3778435095904484e-22,0.3228854449513381,10173371885220682e-23,0.6068905994222644,17445010662079298e-23,57632077687675804e-21,19623267002471836e-24
0.006301895250162115,57230736647384315e-27,0.23394957325086954,0.04084582364838932,7713221020196951e-25,3830530738249403e-25,0.7189027040864644,24020922880656257e-25,9436419862354067e-26,5545592271149825e-26
0.0015155352605015758,2882490503951008e-23,0.15524744919156766,0.2984777850665059,0.494517692821732,504363798220053e-23,3716364949227962e-23,0.00961049583140746,2322156354584987e-24,0.04063096847223588
0.0014113763727530576,28878956695031792e-24,0.10669343386322037,0.20640386869919336,0.42356966826812825,6978420347607969e-24,5307800877884219e-23,0.26192153175841804,2670643195176198e-24,2943225622408932e-23
3215364384210187e-26,35748244735872767e-26,0.21907709181408416,0.1148181898283062,6674776249260033e-23,0.29450200173122376,9885076975648922e-25,0.37160264777396035,2520925215509991e-25,4744297904969653e-25
0.003975197391103353,2640274818564633e-23,3780335823953686e-20,0.1527334771914805,41062342667837354e-24,0.843253131612543,8595601638485701e-23,1973156306807635e-22,14032970134835637e-24,2567975755805919e-23
0.00044808901936958394,15048757247807532e-24,0.07569074517474085,0.09813421193324964,0.3781997698632926,0.4475270452032979,5474372257716338e-23,5979581793808013e-23,31114719928948445e-25,6106294347438503e-24
0.0030733408025070855,16696628449822522e-24,0.001318852739335105,0.10556807356425227,0.07567369446264302,0.8143630117905769,3315784565500164e-23,29152925668582652e-22,474611242451879e-22,1403184531602667e-23
0.0018266554448941822,0.04112812477221418,1575206474727507e-23,23465721222574493e-22,38581334377354614e-24,0.5493205666051404,0.23601702526702598,0.17170520003403916,1566435286003656e-23,11306926329414208e-24
0.00031438849841845665,0.0012352503418691172,23159928938046535e-25,12907653965184341e-24,26839674189401195e-24,0.2716946067588205,0.3447040687236338,0.3820516346247205,6424688865505169e-24,25642851583043653e-25
0.0019201205176852146,946857803215005e-22,0.17005487276879697,7320082229315933e-23,1124078411908506e-21,0.6202319893116868,0.05197426183801436,0.15581734936901134,8860584860472893e-23,25623746531175582e-24
0.0017085554956880772,0.031615663732962596,12046813806984477e-25,0.07989944658458316,18041843747402444e-25,0.5261141552428394,0.35123175935222006,0.009180782880159307,0.00024963255437205744,11481625006928343e-25
0.004075491351551906,255444906169158e-22,174260546705711e-21,0.1332151650283319,10875095879224402e-22,0.6536288840623612,5961126478091343e-22,0.09970201764397084,0.1093765203887402,3809773472531857e-23
0.0042704694420250995,42986391919396255e-25,5321572547973529e-24,0.14336691678887667,46770440839907484e-24,0.7261952317656024,29542360678382748e-24,6386659363180576e-23,0.12616722989035806,23135234535738425e-25
20667773374404194e-24,23909530333295062e-22,11971696346116e-18,16527764492377697e-21,0.30761642674083384,0.30673993044176445,0.374800679545136,1471825021404596e-21,0.010810362866879804,2174986885149676e-22
2682109107389521e-24,0.0066150376657252595,0.1460472076783496,29686392296841185e-24,0.6333486382200314,0.19739601975506774,0.016589182689495316,2530600334778292e-23,3844446100708992e-21,11870750203275472e-24
30084202313410465e-25,6441487245062114e-22,0.24631150822511638,6765863021162324e-24,0.00011128261627864224,0.2927229960926026,0.4608533886244399,11629710529009962e-23,31261082787961456e-24,229605220423216e-22
3055462848045073e-25,5134941218656875e-22,0.20256448778598654,1011526059850498e-24,0.24744013748384833,16311073844891961e-23,0.3400067004089343,0.2099879934442266,9914386557929824e-25,1963629655484684e-24
34345659957860884e-26,28217967282181172e-24,0.6521372363696779,0.0017802462546894205,17090954328288347e-24,4039666477230741e-23,0.25217641183464234,12626297454202168e-24,0.09390600063586606,6229387659086322e-24
11206559730613931e-25,3628022524479246e-20,0.4395414832470092,8258895991537785e-23,3500275887677308e-23,0.19016713894896686,0.20700063813949474,2764675242452761e-23,0.16325429770093136,15378108478813142e-24
12055445602108155e-25,12323211558055095e-23,0.8493563010255082,0.028577258517701848,56155947465070146e-24,8008217370254695e-23,0.12153401578533012,13682089230389434e-24,0.0005321046314742759,4568080194904209e-23
2890451354447273e-26,14644606575103549e-25,0.7257195265662468,0.0660215393987337,6164473726770802e-22,41079297937289127e-23,0.20825782405106633,4875206725902183e-24,8210813283063512e-24,681641994314053e-22
17992575429127784e-25,0.30579135575038324,0.5948979690904017,3860580503483012e-22,38576137964664034e-24,81588326448524e-21,6568719915865565e-22,43905960538671047e-23,0.03058332378423038,0.0687257474317382
19225019364639707e-27,0.38356568012748765,7900761872532958e-25,0.49959903112913917,21173407475900572e-26,5589579625618e-22,5485013555571281e-25,0.07785186559633901,0.03898342024359254,7749469978422228e-25
4241148272798099e-26,0.311030858851815,33618254365200485e-26,0.6889685914875501,16647697552731683e-26,7179372029860809e-25,5028495670942495e-25,2762303925308023e-22,2710317034128379e-22,6319509812385252e-25
0.004550776764152282,26996459150854963e-24,0.02599867524382607,0.354513038587484,5786497001693205e-24,0.0038316926956274153,0.07034151799896751,0.5407625202785415,13261257269820375e-24,17323871459395001e-22
0.0033519874398158125,0.003100046611265648,4810885249410588e-23,0.2568863752318792,4731715514348212e-24,0.06340607799175867,1436395314629863e-22,0.6732552116934554,8694463144722438e-24,9585726529572979e-23
3777743513109181e-23,4486458773678602e-23,0.1951867785638018,0.15871255531270106,2471672293645593e-23,0.35484925570794557,0.2911737640011873,7737015366143004e-20,8370066475612911e-23,852012268103792e-22
0.009749889233135042,9508639175901485e-25,0.17931568974629497,0.4951150885938486,3598159674770575e-24,0.19326031563012716,45930944422363173e-23,0.12255854900212601,7157572315742441e-25,32201739485823345e-25
0.005068127513108113,2602325714990313e-24,771791459666103e-24,0.32435632739868164,1359442702357682e-24,0.13227397101919008,7080411461169061e-25,0.5383015678255876,9386402830381089e-26,7079568389369347e-25
0.008434934109857945,6495255488690565e-25,4668483811494716e-25,17613707048061804e-25,0.03843545150101943,43770888374108563e-26,5399800937344298e-23,0.07878830116356624,18650186478305512e-26,0.8743412557255901
0.010305603334267902,0.006238625535619823,12148281171419022e-24,0.004139680632507966,0.21546665823478953,21846328540696237e-24,2543437918619566e-23,7327724593349493e-21,4534511617959443e-24,0.763842040574655
0.004021297293126539,0.10509000734792256,4719758035659982e-23,1360630104101364e-22,0.6048728407682585,8332498039609065e-23,3753102551912156e-23,7182933382804871e-22,8138752288646812e-24,0.2860148240420381
0.006982684578925736,0.07219849822744773,8119351398287919e-24,2601888455726428e-23,0.4585222477860712,982812564401378e-23,8375997814952389e-24,23346538756394697e-23,1866748108918528e-24,0.46229628173294524
6913816466020699e-25,0.20755674740931562,0.04777403247968317,3385760710238332e-20,2815751299312728e-22,6655006501072258e-23,3131092220760258e-23,17326838006039462e-24,23987178639836768e-25,0.7446349626508816
0.008412526130999257,0.03661738741357831,8843912125717992e-26,13709973789676369e-26,0.3354231365821959,11997930250734508e-26,7079697992226944e-26,1853823521611346e-24,24522094681204635e-27,0.6195469475785725
8939665417583046e-26,0.14497882809796028,0.021761999709366358,0.051450578171938995,2587078912500017e-22,9772524241159806e-24,34777960792501703e-25,17170851076564323e-25,26332665271592323e-26,0.7818083199922161
7423715579906514e-25,11423034737669894e-21,0.00033549071962771357,0.19341773970789622,3787118123518309e-24,672120929547814e-23,7194071670525629e-24,5663884056959093e-24,10665430667995985e-25,0.8062353213657387
0.0008467629193735312,179653033279669e-24,9789233492778717e-26,5457263619754248e-25,0.7279704330716226,0.01702088670849613,20084676473597736e-26,0.2541614132196919,3402842833121507e-26,5030226524401413e-22
4629846547890271e-24,16989473520700193e-23,2208788429059002e-23,0.00021554331579804378,0.049274682735101355,0.18730947372950701,31555500317138136e-24,8043853735520676e-23,5679900131196667e-24,0.7631999859331967
0.007415895699960983,2625271491477428e-24,1438522917387065e-24,0.42125615804216454,0.00019983108105837868,41242977733798076e-25,23259968216895358e-25,703504599360513e-23,6347607415105062e-25,0.57112809699409
1096711960002081e-21,1872434249984138e-23,9579912160744371e-24,0.6488311894970834,0.004862990004811832,21765077523054146e-24,1566343103507461e-23,18143411361563408e-23,4180809319187194e-24,0.34630447243934986
5632423483496361e-27,0.009450384288320757,897243559887163e-26,4951825430927955e-25,9462820253016916e-25,7959352083456507e-26,1212704989352761e-25,23869390486075388e-27,1705200078810821e-26,0.9905496140143112
0.0077675825310940085,14682223215669375e-24,3267974707350748e-20,7037891481478244e-21,9185613472689518e-23,0.0068682823072874905,4522832255094994e-24,7181958060397055e-24,493045006860458e-23,0.9853242943467759
0.008607182473999393,8274222821552252e-24,12514936559831384e-21,0.03233531444680083,9594482884707505e-24,11105606583070299e-24,26889601387522704e-25,3831705349614282e-24,22379184813044584e-25,0.9590449504088788
0.004195658312462733,5482344814960244e-24,17934589360577788e-25,10238504640702946e-23,5562016601315088e-24,3100514275457658e-23,3042236945421528e-25,3588503147322067e-24,11791574281535184e-24,0.9958041797752321
0.00463173006849865,32846238262318194e-24,5853153069711332e-23,6660632077244647e-23,2987778292938088e-23,4553487512009806e-24,4447424696365692e-24,5420711253154199e-24,25180108601894392e-24,0.995368042467851
0.00663359136289258,10635945515343791e-24,8168536495060458e-24,51888090486629756e-25,1854583370088514e-23,6875259888525194e-24,12782037120843256e-24,11926602748107237e-24,10502443179749074e-24,0.9933663239787763
0.004805442838388558,32820436532061316e-24,18581580366263617e-24,634079084338688e-22,31888449388787877e-25,7428080181969261e-25,10370888567994877e-25,29914752826979734e-25,1185695894385151e-24,0.9951944332057653
0.004828475054219067,2675164396675246e-23,13739957481554674e-24,71289288168096e-21,2211957604784785e-24,10092019454339825e-24,8479461314628158e-25,10551550231841892e-25,20545534669300023e-25,0.9951713969032505
0.003953422096434545,36785153479314075e-24,23389958875188775e-24,43530162316195446e-24,10514854587444988e-24,6969410916569811e-24,5549570367025788e-24,1021123670801248e-23,8505229371362183e-24,0.9960464324478543
0.005470871590403293,19381622458451614e-23,14154847689884092e-23,14994042779896012e-22,1973471272824671e-23,4756683841571689e-23,12411069948302435e-24,7269143605754024e-23,18788907553000306e-24,0.994527122447503
0.006250077385036925,2789715610956354e-23,30693373288051856e-24,15289838649284484e-23,2240629643636399e-23,22024827681693613e-24,6363274831591906e-24,2740952670815363e-23,2220182555665557e-23,0.9937496107203124
0.007797092420990204,9744458607759277e-24,13176735368844801e-24,623123718247009e-22,73268150168349575e-25,5217416933633185e-23,21838608683497845e-25,4088521593913305e-24,11936098977682755e-24,0.9922027446360365
0.007347577718346174,8342963918007088e-23,9581968589846287e-25,5252177229578172e-22,16757447967969876e-25,13396323374579033e-25,18691604523657277e-24,4844560109697705e-24,18424008785762686e-24,0.9926517677001131
0.006908487918934707,3966121661335407e-23,6320707610096397e-25,1809995528856394e-22,1002879927304939e-24,8030206189069523e-25,23017898622380846e-24,2738391723845288e-24,6140057546070133e-24,0.993091257085124
0.007665245151253239,15403973655529986e-23,10238269775346795e-25,41646110401714495e-23,15071249845387387e-25,15973296831520585e-25,4864470109116588e-23,7556863971432362e-24,21815838684194628e-24,0.992334102201293
0.008139561852206167,2926791720952493e-23,5449258080825966e-25,14834691322133438e-24,8029280829743896e-25,10578561905303538e-25,88236499262652e-22,27157514033236778e-25,7431934973458996e-23,0.9918603057807648
0.008871349848219653,405584925674738e-23,2361968393240342e-24,7814341234206097e-25,8410432042684047e-26,14762956860337734e-25,0.065715543189359,36865266218134065e-26,28664025478050334e-26,0.9254130975474669
0.008654337952760192,8552472090542173e-23,2862034269636695e-25,5167199343570399e-25,3839832115361373e-25,41137140438410396e-26,7760893080619288e-25,4126932844019534e-25,3901988643201708e-24,0.9913455698329311
0.009062659007620528,280798874712218e-21,28503863239532333e-26,12230565452952962e-25,9022609757694686e-25,4201694756228638e-25,5030280800711876e-24,4573018812382262e-25,4165503685584577e-23,0.9909370102423792
34148450748196243e-25,35811035782978756e-22,8116203076382447e-24,9018837466806326e-24,23821287605465905e-24,11923461428385509e-23,2557522746127104e-22,8330693811359194e-24,0.14062669462964203,0.8593692965774867
15185604732490443e-26,0.017314179265061,44488934339627777e-26,3105346762104859e-24,7648430629859623e-25,1706180852844104e-24,2402166504626141e-23,10085972021515108e-25,0.0829185469399617,0.8997672425928167
21460390902297383e-25,6579305663014005e-23,8066582384335303e-25,26515220204828632e-25,6472366774355298e-25,1776796106633619e-23,4253743889308762e-23,13504076442206249e-25,0.24015286570212951,0.7598470005975507
0.002928008635026422,47449473771772557e-23,22050899934618732e-24,45339611386494364e-24,20005538261474977e-24,3922564555303261e-22,3925243882101228e-22,2836656642602997e-23,0.3303190737206278,0.666751542606149
12928766388136026e-22,218985104513465e-21,38945003393632744e-25,6499715875783756e-24,156603788407731e-22,9436623023503612e-23,30722657907219543e-23,3003482628680789e-24,0.23434307323202935,0.7656549842553337
0.020694934921536727,51851708215821e-24,9697768635395993e-26,18048552903377416e-26,13885982679075948e-26,40863626185519064e-23,42150863520447387e-26,9580263785937757e-26,0.519975089662886,0.45932956579385714
0.01181412629938456,29374523965909763e-24,14064550862508078e-24,1877646132556681e-23,18275563205679264e-24,3038799442261687e-23,0.0009867736197425691,14460025496948734e-24,0.2583879871752983,0.728810987566477
0.02327134279620235,1872147212764032e-23,12069831806618013e-24,17487175068808923e-24,13643576926122429e-24,3001519635402363e-23,28322194955906214e-24,1414732884932765e-23,0.4175620026430901,0.5591665201539542
0.0489423438902684,2093355966697408e-25,22213377852958335e-26,16656123770407476e-26,16485724561261983e-26,6708728952362051e-25,4910455791542369e-25,2194544328888482e-25,0.6039351252782251,0.34712252868729626
0.023568199032758273,4213903971617312e-24,31076708677564085e-25,3344808242403408e-24,3133958406046124e-24,4164157892224066e-24,5530461397478587e-24,30254981949338916e-25,0.38166348354850005,0.5947682908982852
