12795691155938471e-24,2836499280119645e-23,0.16912205341658193,402632174056566e-22,0.22450422003381235,1210777319132829e-23,14519667494791633e-24,3380533894389749e-20,0.6063397892761595,23883160874500314e-24
12842383777071559e-27,3399426745648517e-26,0.1451706386250605,3170425954338712e-26,0.2384647559253489,41384590702541455e-27,3456211117659978e-26,125850764050541e-24,0.6163646051242966,4502102325553017e-26
6281014514516313e-24,12299139619119523e-24,0.14857490282145172,6546598512694416e-23,3957561764808535e-21,1137748596617477e-22,4885396682540385e-23,6572409042083983e-22,0.851420179162748,5653818434714904e-23
10244534923765405e-26,22644316254373624e-26,0.10940000663867457,39389553444268677e-26,11319428206392424e-23,4383405711021042e-25,2956061524343528e-25,23030283887927854e-25,0.8905998761017164,3055588958461141e-25
0.07212457685792788,5503450205687693e-25,11549614683249783e-25,15172028710746543e-25,10667583388274087e-24,22650430405911985e-24,8574197167038812e-23,2771061368206562e-23,0.9278750075155909,2656330827568834e-22
0.009623440245749588,14509898841243464e-25,258074546599236e-23,4491446310170176e-24,0.3600956983852574,4727975684273377e-23,5845830021708099e-24,0.34277739606529795,0.2875033670358432,3661907695406548e-23
0.036690942297798346,1580805539427222e-25,17444037485304271e-26,2236813494404938e-25,7108369835443546e-25,7017127769852902e-25,4804291635246527e-25,15511827716732285e-24,0.38418172335785794,0.5791273163834759
0.038881012046291054,16702697666463828e-25,1916595709974655e-24,2337761063487527e-24,702623238210832e-23,7270963663515656e-24,612315319575586e-23,3507670470797457e-23,0.39349215880941274,0.5676267677227671
0.045671113013865165,2564083135045285e-24,27984062042306344e-25,313319960652466e-23,9285246092585132e-24,11099510746378448e-24,809814120867016e-23,19208584296356859e-23,0.45229351956080033,0.5020351383608439
0.04833484813350962,2824129761347837e-24,33231241517410664e-25,6127600350545456e-24,10172383034243934e-24,9478821710508553e-24,7046813053255452e-24,14059274469981608e-22,0.5093191075509175,0.4423445994152507
0.051076720461026376,46667912509483015e-25,5967027698083939e-24,24475271604829404e-24,13709406582452135e-24,26228710612247375e-24,13733886456353695e-24,3616042759812669e-22,0.5310156046814963,0.4179072244721539
0.049404990471573734,11500121047879479e-26,15128813291526018e-26,3390614899791851e-25,3553837667792307e-25,9564109377480525e-25,415984129573531e-24,7396138345712282e-23,0.5129805594479467,0.4376143737863919
7061037458383043e-24,6284302609250085e-23,6176650423075267e-22,1692728584257734e-22,12197264666068038e-22,0.5760607072484256,2635831375495511e-22,39575183739571397e-23,0.42393625256621337,30428716258675376e-23
0.003922844498943143,0.3229917644814033,1394663807949897e-25,2791831505655286e-25,31093558803913223e-26,301384179682691e-24,1382245582566985e-25,5332554117438803e-25,0.6730853889496885,36743172978113266e-26
0.006501998952866027,0.2586427162318933,6318785546578974e-25,8641476925487329e-25,11035490208379693e-25,17486621524126595e-25,7791357346297222e-25,2333952057575904e-24,0.7348552757753443,15785441050377252e-25
5286960098339995e-24,14216733832432686e-23,0.34453902481433324,25977011335644907e-24,98476011241531e-20,43997468149105833e-23,25133809800370075e-24,13398675797950888e-22,0.6554578669723075,14504784275766051e-23
7130893392005413e-27,6025977013067466e-24,0.34384437533195383,21429130800820547e-25,11887194166159424e-24,38561161248162686e-24,23287087841245486e-25,20351530627863862e-24,0.6561555335661289,9797110080990387e-24
0.018094877763056388,31214717289272514e-25,446722746578007e-23,6144257752218737e-24,8683548504128706e-21,0.3654077684853422,13383493319778668e-24,0.11618033717491612,0.5003082693609424,3655117115169252e-23
0.01408810816756052,1296720990647269e-26,22041671030747164e-27,11654710080011026e-26,10172985387302136e-25,0.43589210581534243,2398272397993808e-25,0.3860698712125402,0.16394990543405077,7961820265409956e-24
4868664281381198e-25,12553138236785486e-25,0.21737737098217705,5333424176910343e-25,11784254379746751e-25,0.410154066436161,42332789589002174e-26,4005060514216612e-24,0.37246855221877406,24804106597405827e-25
35966417334339005e-26,171041551555965e-23,0.29532405911745185,1119943775760691e-24,1002545571787897e-23,0.00034126924523539785,10418279801280608e-25,2514887585481634e-23,0.7043346299798194,22521998903979424e-25
4266851409850771e-26,12243993257415786e-26,0.20599298244256495,8918091661720381e-26,2386103783873509e-25,0.4155697733289711,1196715902361059e-25,0.05181432414737306,0.3266229192538859,21532761004064577e-26
5856796731401473e-25,4082344345814156e-25,0.06614289816341253,27454317884628753e-26,877275259290354e-24,0.8440049728521937,4301564234326267e-25,0.03692226277676716,0.05292986298875689,6419047829125269e-25
0.002928222750480435,37045632212214533e-26,16009074900353e-20,2783830696148936e-25,6385842550838717e-25,0.8913821238044861,4828716864596894e-25,4543068816336309e-24,0.10568948647044292,5703809107019584e-25
2767246423259742e-21,2076773883736042e-24,0.03555992019015373,12933328848156947e-25,2835107699915578e-24,0.8106262037093153,23161378259423427e-25,1101282968556853e-23,0.1538110860195299,330030728371691e-23
5742700504581952e-25,16252960727369053e-24,4139507226397866e-23,29645523640716463e-24,0.11417945381830921,0.6419619341816262,26998975792676475e-24,5737215181958473e-22,0.24385786502465356,5838709304412803e-23
8346642789053285e-25,8116739592718964e-25,9965899191060903e-25,8962300353099738e-25,0.061313853999113176,0.8579048440550125,9037991293332955e-25,12225067845461229e-25,0.0807812951801209,11002431187634446e-25
6888296496992782e-22,4487411228245633e-24,4405006055387672e-24,5643380059979801e-24,7769556190326717e-24,0.9999992409496937,6357123053437903e-24,13054513725939584e-24,20345826680255707e-24,8158007662458223e-24
4288893159856937e-22,35335291904011075e-25,39979943466188044e-25,46635294978782314e-25,8741568554911152e-24,0.9999989222006199,3877303145954354e-24,9437128146355458e-24,6099067725508769e-22,4752287252192952e-24
9206932796763699e-23,12136827284660677e-26,10009599757365987e-26,1618859144616996e-25,2698121855818521e-25,0.9999580871888991,20556220586598705e-26,4181170442065571e-20,7900845635307139e-24,28582048505588157e-26
5168691022044605e-25,20406437307734596e-26,17900625904207183e-26,2447371845479268e-25,36187696515029936e-26,0.9710169528101485,2506566949435519e-25,0.028983042717421005,2406634701972064e-24,3085418185393956e-25
9669909283344983e-26,5058888519099243e-25,4682938070514487e-25,545820092825559e-24,0.037181687106343585,0.9352072519238693,29166029395537984e-26,0.027611057139473674,15413377770651723e-25,38185826630243003e-26
4690426043046737e-26,5653004526619464e-24,10667391980598588e-24,18584994156825432e-25,0.04073778951824274,0.9592621643446505,2569886452076053e-24,11138712568913202e-24,11329989058442229e-24,30766070624306726e-25
409067478853379e-24,1837111275694238e-23,11343208354671382e-24,3749412442276982e-23,19523374871785747e-25,0.9999885843022387,44254758804335044e-25,1664620124533914e-22,11170480594180637e-21,4759862055190164e-24
9455513964951682e-26,17156909885383226e-26,33419875456876457e-26,9199789105034716e-23,5581785881627473e-24,0.8472099803697251,10068145952002584e-25,0.11726922373334528,0.03552069613159762,5777431679340327e-25
4277445144277445e-24,4179495218650631e-23,22775655832601118e-24,0.009885483408561175,725963368440326e-22,0.8987610605906164,50413835003873416e-24,0.09135316345998638,672517035596322e-22,3343045280971816e-23
14629963936545048e-22,29697978260709916e-25,37386211577167725e-25,0.09098629452596245,9715042696835915e-24,0.643910036456789,1359363436639611e-23,0.265102156097158,11592395463485989e-24,8314141084223649e-24
16503191355292628e-26,15422386031688903e-24,3977599649633674e-22,0.36567290542310416,2009419210092398e-24,0.45876436396651504,3320957005235603e-24,0.1755622908508153,16388929173165843e-24,4693271648214267e-24
0.0010381126615954573,2388220291784959e-25,0.047476966935950674,0.17745765210890818,2149395867640497e-25,0.6868569733084867,8544028720707028e-21,12088655576588117e-25,376062268494031e-24,0.08716174891764919
60214992985721016e-21,17339482995647222e-24,0.09141162314552942,0.20413030486365288,8147703525489641e-24,0.6998845572953368,0.0006858912386807283,0.0038272823826337576,8863958289250536e-24,9173051147984663e-23
7720941560132218e-26,0.07875292499767322,0.08644945314852817,0.26078964954688666,1398486890683715e-24,0.47693934917338343,9280579508104844e-22,0.032200628203954335,0.06486705132635212,1406958824336083e-23
10677332265519968e-25,0.04915866251455027,0.09226106245950011,0.23651942685572425,5417778563032055e-23,0.4687426527199959,20901787228478932e-23,18254939310653995e-22,0.15331604925760747,5643530081774297e-23
68412505454821435e-28,0.037144185980953516,0.14223206385454631,0.2513987441211722,51042906110928e-23,0.5066371380695383,0.03546386350244313,13496147827616298e-25,0.027124002424301935,18014314442519665e-26
459829738726895e-24,4737220486077023e-21,0.16526824889948907,0.2763277511361954,23048978935758957e-24,0.5086270848267517,0.04977207286998404,5292044684807114e-24,4281091076480187e-23,3343520880513114e-23
4196196394234916e-26,174071020707021e-23,0.0773120760435066,0.3530749681652379,3962186222223454e-24,0.5190104125313624,0.05060250941672369,23693878347274344e-24,11144519942478214e-25,3288107127738095e-24
2722741054754552e-24,6021155375113036e-23,0.02984619201827418,0.39010773450880565,35075570883178217e-23,0.4879710387863018,0.09207250700584063,19847638971627e-19,5520579276948278e-23,740191816221688e-22
0.0028936161034036774,1132946443500129e-22,0.5193569105470534,0.3177175507661326,5728866853142594e-23,0.16002054388323306,10498672443661767e-21,6033530651025167e-22,11254114567687256e-24,948372803302178e-22
0.0053585450280458965,18630790263781297e-23,0.6729375883943349,0.27402353530594287,50373176903980435e-24,0.02396641145906346,0.023713442642168577,6408770928884889e-23,19670720208008887e-24,15673093436782517e-23
24160029285451614e-24,0.13896177815304636,3671366085248204e-21,0.2516816635669111,43079349928098136e-23,0.12397051058275493,0.41681888900130304,21160690735766737e-23,0.06856271467295269,10609651597244422e-23
0.003934600361949994,0.030049582743131513,0.5863593836002292,0.2004008381979406,6624079075398092e-23,5325108902877449e-20,0.04972406182013458,16996038175833377e-24,12498921845892265e-24,0.1294781864513199
0.003738309193057034,0.07542456406644718,0.5955483999730425,0.250996076016532,21850487754335863e-23,16011791149207895e-22,13931067797075534e-21,5510656424471773e-23,4136483151105383e-23,0.07427680352760951
0.0018419045372354316,0.12889630516125092,0.5039746009924331,0.3567472877050129,27619548539494554e-26,2733580879252501e-25,3175683121928347e-25,372970571011854e-25,23593292785335006e-27,0.008539900676053088
26434893866999996e-23,0.1257796855556091,253602704467779e-22,0.25057630797321695,1425525163893067e-22,0.18130911911277853,0.41997747531659657,12874048902016389e-24,0.022356929348916782,37557120383845357e-24
0.002268962799865189,0.0985718105829024,0.4908484411403328,0.4083107838787254,29536766304836353e-26,13290639644918497e-26,4675267198953698e-25,34085367995918985e-27,20366776851137346e-27,6461501708399952e-25
5775830585448453e-25,0.10651013706769448,876053044106822e-23,0.2663777646560837,1262955782061765e-21,0.06716337379896474,0.5094096912214024,18292530603321722e-25,0.050537750372241376,8760440810820935e-24
17162321695515922e-26,0.12803195980935816,4597882492895294e-23,0.19495655294226066,0.03192211972566091,0.004130489003964586,0.6409588137292289,18565006843171639e-25,54030469884429656e-25,11379244800294603e-24
15125799062038886e-25,0.10503884600511729,722954369331448e-22,0.2009346045140393,6039142281729796e-22,0.025458386355365722,0.668566935917246,11899361938983117e-24,479061105437417e-21,58525263613194935e-24
6888963077795951e-25,0.08853986457133238,8654031917948558e-23,0.2788812613642315,4052915219361382e-20,4027736694076539e-23,0.632538141881026,4843532632797086e-24,320795141723382e-22,38598371075866625e-24
6727084742441273e-25,0.04546232452112989,5090284802136292e-21,0.3004690644724168,4471058224786733e-22,3885190572041869e-23,0.6540629213475307,3702834993513025e-24,15266923222446567e-24,9377392580542387e-23
15131568900565278e-25,0.07370921219763989,3048805591717318e-23,0.4215443743205208,13219999356242647e-23,11384637136617209e-23,0.46050489526880256,6247270127156439e-24,0.0442411508088593,8310933509123552e-23
7453669519913572e-25,0.030404879686165242,2515240072860744e-23,0.4057943303026899,28987584870455805e-24,12431496715369678e-24,0.46097515668248884,14582995616810867e-25,0.10282556127262277,32793532831449105e-25
18393021013438253e-25,50300468479783745e-24,0.37376627210595775,0.5135257989550397,0.11267418271794301,9774317244944821e-23,3252940855988648e-20,24029428555779895e-24,7352860255650418e-24,103555718743812e-20
50686710882947794e-27,42374551365609164e-26,0.36413914663349906,0.5158044563128982,0.12005244930900676,7842659631081656e-24,17508062490699326e-24,12041936409609023e-25,9320763555381038e-26,392062224477882e-20
0.0030696870481090243,0.19322290184305718,0.04131946851090044,0.7623869305789789,9981483388283788e-22,617322863789469e-23,2111111505430707e-24,12250945696852173e-25,34381308408024616e-25,9232584031112487e-25
0.006704320364806336,0.00018031106972970693,0.26918400068157994,0.6048001137065601,101840608992113e-19,2601994593691106e-23,0.03932534783538022,10636799729448449e-24,0.07979566654066288,1908367343151646e-23
0.0021856966558403646,6169697701899484e-23,0.41858730219261336,0.12896495603840297,26935289739893724e-24,15577803981733386e-24,0.45026190282483447,912043863978357e-23,71952686826164575e-25,21762298839786176e-24
10313765100518528e-26,18407871911911404e-25,0.39339134256293745,6793005938745646e-24,0.03489164010961573,4021469574637172e-25,0.571716992964181,4816433758672589e-25,2670077203420756e-25,14475061518936272e-24
1896048030714995e-26,21646856181911616e-26,0.418424351853817,3041488820023222e-24,3827378078902023e-21,8201634902093293e-26,0.581571816776768,10007737561843248e-26,5345640993154648e-26,4815734816118557e-25
2978572825690865e-25,37155355281835535e-25,0.4371020570193836,14949271745396448e-23,4508621977284327e-23,14179683523080938e-25,0.5628977331323561,20216120290465587e-25,911362417834549e-24,689821551441834e-23
0.0013678250594162196,30373142140170716e-25,0.41474359823952933,333682000339749e-22,13500242176725496e-24,7150345742284056e-25,0.5838885235342441,8162090298916795e-25,4685880500373844e-25,12576734708981722e-25
24107946615351676e-26,27278608089020867e-25,0.22037512765811157,1252576103999092e-22,0.23696348880677032,4264949585462464e-25,0.5426612502183377,7427581806064544e-25,41619749457265164e-26,3505127392822719e-24
0.001744354377671333,20371006311850823e-24,0.3780292569069233,22559041860570834e-24,5743957714672549e-23,4402573296404463e-24,0.6202262614765583,60617991651504156e-25,4802417399176191e-24,11601742778303135e-24
0.0023884558636925427,2010611882391895e-23,0.4673260280042248,17727407394259775e-24,13627657549283561e-24,5127071693717583e-24,0.530285435521073,4955216908623689e-24,4516983802444637e-24,14550875137863551e-24
13615341911061922e-25,1570247992699434e-23,0.9999989634614165,9321305761264814e-24,22306539217623484e-24,5373162048250227e-24,9621983241967134e-22,4864118895846473e-24,48866639892938996e-25,10522185199300726e-24
480767897652553e-24,0.046129257641829055,0.8943867214119117,37961674280150366e-26,2087652979190584e-24,4631386440889632e-25,0.05948401692640515,104336723515399e-24,49423262961150634e-27,4557873237814368e-25
777632537601887e-24,0.02936565965939332,0.9706343039288199,10640115833557128e-24,9220482253308984e-24,9805353736244212e-25,277064071685538e-23,2239366308593444e-24,3395930699871362e-24,6388689405887001e-24
7305231619383693e-26,0.038215309849985925,0.9617845948119194,1970051912237098e-25,10079340935130128e-25,16138926994999515e-26,9356791065910032e-23,9444284674083544e-26,693267792079807e-25,1671956835307212e-25
43610203859957057e-26,0.03842186356247506,0.9615777707298079,968710420801026e-24,5579346748791757e-24,9216741760693747e-25,35577204662670493e-23,43663567987823084e-26,29695111152895074e-26,12962823633453593e-25
58130541256723034e-25,0.05135880005034948,0.9486371809825802,13223912935469811e-24,3156795073416411e-23,5727031378395522e-24,3945226614860218e-21,3359426604748887e-24,10318319800452287e-25,13017244284562886e-24
22177981625446255e-25,0.04531734001369731,0.9546824514150943,1559194666214041e-23,22294833056121887e-24,28906480928751372e-25,15547894141210266e-23,21951623057045787e-25,41795398728002933e-26,7484895942353595e-24
8897451381166381e-24,9621673884745563e-22,0.999998019069295,50726095186772645e-24,11976403363034442e-23,27739202696013447e-24,6961541271855766e-22,22095054678534772e-24,2250538240746225e-23,7088209256321244e-23
19278518761375294e-27,0.018590275272073575,0.9814097226732201,21279994702293354e-26,7489002492551194e-25,13427563606182897e-26,2499479709660116e-25,12327054078197458e-26,9771665298050307e-26,4685203479739897e-25
0.0006331520207389166,5448692509817933e-22,0.8077061645507195,26064023978276653e-25,0.1916599795311788,18024505761805334e-25,1462264406320192e-22,1026673507912374e-24,1288494530989777e-24,6077649814756007e-24
4126336729891872e-22,0.01170877267001573,0.04258245388708753,14070681255479998e-22,20731630198749166e-23,4245591028357713e-23,2314189406113364e-22,11245861739707456e-22,6499014531600813e-23,0.945705282974025
6174966776463989e-24,5650583222591535e-22,0.05225826106885359,8064454507828978e-24,4594122960538739e-24,1236065738107677e-24,5176442024323287e-24,11144927654411787e-24,1388640151517646e-24,0.9477411360944632
21546346964238514e-23,5122654662127654e-22,17197939808647803e-21,21081340646290415e-23,0.9999631180291843,15826007206780857e-23,1817422903614219e-20,11492627637576212e-23,13607043824604142e-23,16200283555000508e-23
0.00047368133996165637,13166696875758765e-24,0.9738423270410203,27483810333008152e-25,0.02565214635205478,26030872930311265e-25,3181949408442702e-20,16930957050341746e-25,27774672346728353e-25,2785107371135753e-24
12949048882581808e-25,39141866481101404e-24,0.32740884619459487,2230155873829434e-24,0.6489059165407778,12053309928061627e-25,0.02368517978912103,12157618975351057e-25,9451883389687263e-24,29360193001721315e-25
8447852946729463e-24,8542100666307136e-23,0.5310817572850963,15844734769391487e-24,0.39483583613743617,7970217620582938e-25,0.07408168706349703,3004684464470085e-24,5944453486646864e-22,11553262127717598e-24
0.0017975966123913339,9349261314613723e-24,0.7650405345424467,47591057020982325e-25,0.057315025978065155,3610946143776605e-24,0.1758468100370656,224600189686443e-23,6278526616837833e-24,6589151520001378e-24
0.0043292940822813085,9113673951302552e-25,0.8495216453613043,20020156469271745e-25,3557658271449451e-22,5067512990928676e-25,0.1461486987014453,5178070583052661e-25,9261765888035278e-25,12249296906481064e-25
0.00792050864076025,59920126999256264e-25,0.9474098514333295,19445573565601854e-24,0.044669563152425894,3736920844032586e-24,2920672565049894e-23,43361864567936325e-25,6052056027333586e-24,8003959165142103e-24
0.0035655673716314955,12166802847022622e-25,0.8665934924018109,23598307162922254e-25,0.04240742894409741,6318152138492893e-25,0.04455740423945228,8501262337153558e-25,10334552631254278e-25,0.04287610095115722
0.006927283125094967,23987947611449896e-27,0.9073194700252569,7219811060720705e-26,0.030747040546182432,13336393952216143e-27,6856224828648413e-26,18757851023689075e-27,16754982862011237e-27,0.05500620608986824
0.006437120534546955,18344705185776304e-26,0.9502314205916848,5379926430256835e-25,0.028252598259530706,9593500610792336e-26,6136185642253308e-25,13692053347524134e-26,1173302952483094e-25,0.015078858929745283
0.008305902649139489,5226219137704266e-24,0.9611142303382373,15032814396831978e-24,0.030579808705528136,35692318815005377e-25,11856133338115397e-24,6611464046037105e-24,399874271771143e-23,12013193169976325e-24
0.0042133405663277185,7760181351035229e-25,0.9644050238729198,1013810862392806e-24,0.03138162042322786,1195475968038782e-25,6551221991614969e-24,36664288856478874e-26,15267291143645134e-26,6157502311536013e-24
0.003960218378235447,4970025549653508e-25,0.9584888904433412,5130388355166159e-25,0.037550887222180675,1531620447331307e-25,7882760470928199e-25,21710190626352202e-26,31602456552836185e-26,14716628421739139e-25
0.0021209687230164522,18833338629583393e-24,0.9600430673965306,1997812828027004e-23,0.03783581472099366,65003724219222705e-25,39959973461100685e-24,9244824965207837e-24,12351989554195158e-24,4229083102797512e-23
0.004825940970278887,6502430186533485e-25,0.9492186519065868,11162008402274453e-25,0.04595532211083959,2673430811618803e-25,16530024742628978e-25,6148725980825326e-25,6315781846552262e-25,8007942674677149e-23
0.004418915396909159,5787481817518228e-25,0.9228376100152587,16309268710171772e-25,0.05291226430444919,2923106571246594e-25,8540869881453742e-25,44985003056601563e-26,7462219818992125e-25,0.01983120572903422
18805504972843766e-26,36831801216910347e-26,0.8028742169291025,3694293476959972e-24,0.03601087809542531,24440304428292346e-26,3816755997308883e-25,3145951393328591e-25,0.0001745305277108598,0.1609403692622348
0.000620324680206415,508426470212156e-24,4141130434878769e-24,0.1378216292955269,25237205945604833e-25,0.22239125938333018,46541506199523884e-26,6526187879439451e-25,0.6391667775124152,8373016594434022e-25
11276314982763781e-21,8070787227348412e-24,0.2727657278246516,0.20804528016706336,23269427086727787e-21,0.1303314363447413,5600996278640784e-24,706671041151017e-23,0.38882297840293006,10780324332044468e-24
0.002556425728724248,6377733096600441e-25,2206344755741019e-23,4877644996020374e-24,47055773069556064e-25,0.26108999875796296,6420075579470219e-25,9704156422114788e-25,0.7363535406935757,9219810419996682e-25
18999443393691646e-26,13803777457555958e-26,0.30769364160026413,0.2808525669049759,0.10694034738459224,7729543095852784e-26,17271290835850074e-26,16073673347377992e-26,0.18960975233312669,0.1149036910370662
19237995173497103e-25,9328723038830443e-24,0.758502485188032,2870565031336527e-22,0.01082999292856942,7001564995731227e-24,14130596819005689e-24,14051128021827423e-24,653709521637958e-20,0.23066065129562452
19585257156892247e-27,588850331372195e-23,0.6002257085105507,0.10233440565509645,0.019698852285442686,17249635719665524e-25,5611316514500222e-23,17500723136577253e-24,5726453374865769e-23,0.27774089550154396
7330949351230163e-26,8966407806482296e-25,0.7299218971201457,1494942206567081e-21,0.025042099573754587,3244193426932405e-25,15460725322775013e-25,42998399803042447e-26,12720545338481088e-25,0.24503450389384787
2473122974975361e-24,14899384444256808e-24,0.19962351232471615,0.8003763164064457,4544645121691151e-23,6165656917709946e-24,26774141355171642e-24,7242049164510139e-24,18060602854395054e-24,5020427275244494e-23
4658599650557769e-24,3409263226398911e-23,0.5858385723484926,0.3203090266826812,26934291638357394e-23,26089311748833383e-24,4557866139777177e-21,2947871922837932e-22,39821237337994656e-24,0.09384717431088184
3793024431631785e-23,9180403695710904e-23,0.21383916512807014,0.7018138853612466,824482999513089e-20,3534558718703121e-24,0.0843382705863074,10693874662524597e-23,31808274717158424e-25,1907060816702392e-22
25814429843654325e-24,25212656389967535e-24,0.7488914878389163,0.251105163303337,7518365520341122e-22,16050695909234482e-24,3161219501549537e-23,22659868959511206e-22,12081164208847163e-24,22026318609376536e-23
5875526134536103e-25,3459211174138645e-24,0.964745196783385,0.0023322304690660527,14420282463944863e-24,20889394919628678e-25,52313748245135034e-25,71028672107974225e-25,0.03292253647794989,3380312674866486e-24
4239931452194088e-25,4503170175670773e-22,0.9637663827578699,28712043707026563e-22,12761577160805978e-22,8198043737237034e-23,9394840006533642e-22,4903051390215071e-22,0.03622747807076777,33081257671399914e-24
0.008579404999176846,1203178271243717e-23,0.6238377382702711,14284042993803462e-22,0.367564057501814,11329755601376628e-24,17154902648433204e-21,6233734333801116e-23,11218346944987695e-23,18039442239266335e-24
3430059116030663e-26,33896713383114326e-27,0.1663514803104084,11149236208809282e-26,0.03128967720543067,2883552484187518e-26,0.8023587148560507,6552281804615053e-26,12732345360704947e-23,30674361008098595e-27
2851906747356205e-25,1876043172364415e-24,4355587787815666e-21,5013093669643548e-23,0.08716194337556023,3727355733508141e-24,0.912833618783668,18088421012704903e-24,64820598393047935e-25,16629890943216162e-25
9543016412456879e-24,5498219137509656e-23,0.00011075699048169022,3678984797665096e-22,4470033197521413e-21,9622951668928395e-23,0.9998825228126005,5784876309852762e-22,10959510761734026e-22,47073405851423815e-24
11694657891700786e-24,5008169127328749e-23,12276714810320886e-21,7664156437010937e-22,37631456899557565e-22,14617346522560226e-23,0.9999781481841818,3222584738907449e-22,4475725639932446e-21,3960580456459442e-23
4645549110280649e-26,6164569619481101e-25,10320794403573705e-23,8598110803723233e-23,2598710335665803e-23,19458627092525406e-25,0.9999997223097552,2323208866879295e-23,3616427183675983e-23,5090620220538951e-25
8524466919641378e-25,30089763059264345e-25,0.05826038961612038,9803509021057397e-24,0.04129570121356567,4381576809090199e-23,0.9004409120402747,38272244446324674e-24,28993101418068562e-22,20671462839875786e-25
0.006092889573955751,42478022037631264e-27,0.23305647865080212,2114380193187136e-21,10151671534063569e-24,23749473006400584e-26,0.7608485057823136,1084900124765471e-24,588181760024055e-25,36846274141737607e-27
0.002220089194013884,3253061220684885e-22,0.20709416212096515,0.4459453573250724,0.3447371769056831,4970490587780166e-23,2721019926944786e-22,15539286248073504e-22,2760180105128893e-23,9858070313288414e-22
0.0020038525058706565,55704507065299285e-24,0.18461605692955246,0.3611301609699757,0.41318700376094886,18495572439223556e-24,9417067013729606e-23,0.039062694965885256,8436143321884793e-24,540608914018953e-22
13654501723191425e-25,3160057858121811e-25,0.38344349058690813,0.10449913645580985,13953514126921026e-24,0.2187088790443885,29065431746752613e-25,0.2933484711711519,30200364408563206e-25,11802816773699396e-25
0.0044278291102225805,5305747637670246e-23,59399786062080494e-24,0.1283259982947707,34934115159482587e-24,0.8628906433407956,55070295336103475e-24,0.004355295325098398,14379012463043688e-24,17088469010575208e-24
328176354243132e-22,8327426030605947e-24,0.0035646696723939404,0.21880327993599502,0.2927857896523389,0.4848461332150606,18279076898436775e-24,4505626587692451e-23,17715092978450234e-24,5328854251059182e-24
0.0033261378812862287,10486432416985196e-25,46605882231443355e-23,0.02417078599258761,0.05471593274709027,0.9177857823958153,6237354946438163e-24,8730405556256121e-22,12360181909898463e-24,2237674068698006e-24
0.003598309152796611,0.06792826509826158,13887708940500833e-25,11062415720682652e-24,25074378483277505e-25,0.7438934238996987,0.18457958467765606,3997676307026487e-22,13588900202745554e-25,1086467207553065e-24
0.002120353144624012,0.003431469588025391,7426923294021389e-24,4192222674010629e-23,15233878812729377e-24,0.4240311061795174,0.3740197119983663,0.19639728453071814,60200965535492025e-25,3955673356439079e-24
0.0035523778510668973,7593679755751038e-25,0.2031521443091692,2797052962680415e-22,54071682956693355e-25,0.7932928515500521,21410859586157067e-23,21255959806826275e-22,5220798825878699e-25,19057627539815494e-26
0.0010228895006069141,0.12493507072854393,33496804501546454e-27,7203898594090883e-23,5963029046533423e-26,0.6125689758102367,0.2614728257247705,29407063586557842e-24,13667614238858262e-23,2667920355651836e-26
0.005398057444652822,10179659408586188e-23,12698001320274256e-23,0.11872137355894379,29359503517731237e-22,0.7502538641245922,20505637724748668e-22,15847833419120845e-21,0.1256055920705543,49677157726555834e-24
0.004943481537506324,780759779760734e-23,6800381434602728e-24,0.10621367358872355,27833627807496225e-24,0.7566334561673153,14229953584849606e-24,25561572196226958e-24,0.13220930349318746,29799065544080182e-25
0.00026437062272655456,5258829317055427e-23,22367088996503153e-23,21150029070648107e-23,0.03638847773487142,0.41090071245810555,0.5222895930104818,9676408852836447e-23,0.030156250527874854,11122340844508557e-24
17356019358584651e-25,0.009985748323035443,0.16551700684130807,21261453407614204e-24,0.607116304689679,0.21737423000488812,5348713457589459e-21,22282611723124676e-24,1307177069460393e-21,8970729299888757e-24
3167217902512431e-25,26760199317131453e-22,0.1649993233198201,5338898635003158e-24,8404439198276775e-23,0.2786013092888249,0.5563965915931969,5107622211232149e-24,2505607806868924e-24,24649828888236186e-25
29144404969115246e-27,17892965633744054e-22,0.23559461805565995,7505229049509211e-26,0.06977798431484418,2614667758863568e-24,0.6946255703370756,34973408180241275e-24,7811079270365341e-26,22547595881091086e-26
14463313262227644e-25,2199727217798853e-22,0.7778097234823961,0.03549723429210377,304466824801503e-21,22359892413552493e-23,0.18668456847014217,6932761717364523e-23,76039872950387676e-22,5095564564710429e-23
8223708518923403e-25,0.07496527390020696,0.47420154774170753,11929946782402448e-23,17424038156280944e-24,0.15019193131463235,0.187115129675501,13811702717785666e-24,0.11352595772751592,8283085425782112e-24
11328058261181969e-25,0.07171303983181503,0.8278351862415955,0.002669043937638717,25767570212045485e-24,45677572205083964e-24,0.09778258262427372,792934278574797e-23,44841892576659035e-24,22015744896394865e-24
24287642235341126e-25,1989344264702871e-23,0.6240093356412673,0.09388674569387034,6320277400069391e-22,11909005212045097e-22,0.28210090277807154,16631012326478208e-23,39467008407761576e-23,6097094986965948e-22
15298133047958803e-26,0.35660510361542874,0.6432248404167935,16535794298056853e-23,6114093052162376e-24,7931380397120772e-24,0.00016986394673455173,34680488004526935e-25,1922495994600781e-24,7075961973105786e-24
20754640965114925e-26,0.45172602429958164,27366614706751746e-23,0.5482714895050603,11176550296060902e-23,43501245845792994e-23,7018273000725391e-23,8559242710892032e-22,3243256247948009e-22,41840875306761936e-23
16886791095185798e-24,0.3109226040713433,5157908235291022e-22,0.6890680642869518,10154229567339548e-23,32697951775268653e-23,2543450522702781e-21,2821150604583041e-21,4148512804550714e-22,259099008369148e-20
0.00954273528363829,14554181041244683e-23,13774587382556504e-23,0.5352725104593069,1077578877702475e-23,21811904658869083e-22,0.14302137803900183,0.31216007737208945,9594223647254492e-23,7276495781552347e-22
0.006579805878702188,0.012577275468520048,12330493800172148e-24,0.37458638986928156,22538229776363926e-25,0.09700444310741183,0.06932655735214897,0.4399254969526389,24700250498061813e-25,14316674433875017e-24
0.0013820273964450965,7968151103125762e-25,0.12082472245355805,0.29040813448516367,21177907650061033e-25,0.287144636175639,0.3002398937918911,5802692932559174e-22,5806559045140924e-25,19327267378517877e-25
0.015833817019733316,900533632125294e-26,0.09680267810513032,0.7633126732040005,5903952827447799e-26,0.12405080141085044,4802269110610228e-24,25343249262557874e-24,11657933968665099e-27,35056890230603234e-27
0.010392669453960331,6152889755826135e-24,4866531427207241e-24,0.4782839289555739,7268208287274024e-24,0.2157760545036516,7210288497343893e-24,0.29554731599043993,8987008622061146e-25,46998064727802714e-25
0.009614735614808243,15539011361010177e-23,2835687970302575e-22,4597442753164384e-22,7195878001866652e-21,17861246213424153e-23,33690621918229736e-22,30214927174533006e-22,7257175164471486e-23,0.9903705280648655
0.011814616729037134,27131160883708066e-24,4925062700011816e-23,9803667277963682e-22,0.07236159629574478,21551800418386954e-24,4768435435455242e-22,12357141466284405e-23,6073988275148946e-24,0.9158221021859659
0.004981715307917897,0.09792842976550908,29508075168251333e-25,20073801363206617e-24,0.5548469939412984,13367049430391518e-25,206573183024282e-23,30607576844009215e-25,3290105014012188e-25,0.3422428311685724
0.009674791308598064,0.04809799273511353,3001858672863806e-24,13355147870027789e-24,0.3325967076846699,18182355508235592e-25,2911144483884201e-24,47746399160356695e-25,5241641318299651e-25,0.609630481886428
2969868940857225e-25,0.24448587658805782,9030138285050204e-22,24485372479121295e-24,1396970045268021e-23,47081896352130455e-25,4377009734313388e-24,4051318984217055e-24,6005085127773378e-25,0.7555131679126827
0.01177721913125108,0.004569065885298215,3011080313081136e-26,1173069694922009e-25,0.1498618258839433,23093528983165016e-27,2374869245744318e-26,6584610273414413e-26,6818796709439604e-27,0.833791888832136
10903932975988082e-25,0.07581123369835543,17390522277252682e-23,0.0954871301121408,17267345779315766e-24,7666028491512819e-24,9324410704360876e-24,8242164505986417e-24,13377379322754836e-25,0.8287014173501264
5199573838312674e-25,2213429362632786e-22,8654190271826627e-24,0.1955789321815795,4876904622859572e-24,6306715453781201e-25,12460331957533448e-25,13286809430350996e-25,2227563220520175e-25,0.8044208289960865
0.00568806561434236,2658484990210919e-23,12009024911457173e-24,38976860510321345e-23,0.8241013703666046,5657724423994134e-20,2459975884599238e-23,0.1701279264834861,4781783188256186e-24,25602548455794205e-21
1065064839247089e-25,567875736004165e-22,25981369900941e-22,5550443572632567e-23,0.05299309016184435,0.11385176933424848,7672870688199204e-24,1926240026581615e-23,40078806745303356e-26,0.8331549981710606
0.008127142685041482,19351475358574704e-24,3876810393169662e-24,0.3684417098110461,0.008570458930573654,5281849493580023e-23,6005950330166696e-24,1202095703100693e-23,11085477346553831e-25,0.6148605933910453
12780865558384079e-25,17038934614620795e-25,6594961461250221e-25,0.6620905765531988,0.006153498490412664,13176974590813253e-25,9637573743488182e-25,31668972730332696e-25,26243503073296863e-26,0.33175591560042583
2296671177583122e-24,0.00215371825783286,7110822836320989e-24,3435736056023559e-22,3902387186045906e-22,3354499492462259e-23,5014803230695834e-23,26791729846938115e-24,750671403942375e-23,0.9978454205308744
0.006125124491890961,46476807302727763e-24,46963320168959413e-24,21389641895946022e-23,6377825229801268e-23,48512172718056875e-24,4334863815649145e-24,6360682054589589e-24,6182073980271116e-24,0.9938744390035226
0.006859622835350517,30930712369644995e-26,8628581005319918e-25,10199187183953006e-24,3922067781087651e-25,2270123659108939e-25,1610247890866722e-26,28666712653685203e-27,22630068349399017e-27,0.9931403651160674
0.00329906849456541,34072701866073656e-25,5744279673935798e-25,8866556694559569e-24,33517293828680174e-26,5053770905356881e-24,1511482520448406e-25,44132775059142604e-26,8521601259799742e-25,0.9967009118236075
0.003112746041147358,26789434255392404e-25,3756133243036119e-24,7492134890733354e-24,24630621828924436e-25,8206447378348246e-24,3933489024832457e-25,46476614747862564e-26,2074673248342493e-24,0.9968872264310279
0.005294588741883543,10213140126031964e-23,4557255163407368e-23,7404088152030756e-23,3240270481537264e-23,4413741502463618e-23,1314840612410912e-23,6711588664900368e-24,11499916394383907e-24,0.9947050816136948
0.0034709138235834497,12420944519054694e-24,4549828729930043e-24,10652718747536597e-24,3770319278803086e-24,2309533428820789e-24,3812859329540563e-24,3767678432038703e-24,14579576246325896e-25,0.9965290434340363
0.0035066355567529815,28050578825197565e-24,10395844008623877e-24,2471827003271848e-23,9573031916043556e-24,13439595827875914e-24,10448123795649626e-24,8118591970045837e-24,5674071836576752e-24,0.9964932540253489
0.0027783436301035956,7171411724124726e-24,2550221201002841e-24,10637364201463936e-24,2102266069404265e-24,21780848557203844e-25,29315839498091553e-25,2768734095478813e-24,14792682196653365e-25,0.9972216245508425
0.004413515725483551,1107576552066419e-23,40157115439188685e-25,2811262356466133e-23,3126022987411607e-24,6996802335385425e-24,5306268199888533e-24,7470038047449757e-24,22567813497128014e-25,0.995586415914599
0.005300802326809631,74453337614371496e-25,4838130688556455e-24,38233409663077565e-24,457170174270145e-23,5713382987269412e-24,18662956534246046e-25,7986963907330823e-24,4629734883153941e-24,0.9946991223882149
0.006857756637853937,6139322988002922e-24,43481379646059206e-25,2603679234342136e-23,33318016027700423e-25,14198815299592385e-24,19464150823391638e-25,22873802779688258e-25,541428691174481e-23,0.9931421796592143
0.006605661022446047,25022285471402935e-23,8005832426068672e-24,7546137110878009e-22,15554615415365802e-24,1831730078878017e-23,1874162578266696e-22,40918607784910374e-24,13743601023840867e-23,0.9933929264923161
0.006158158890083813,9539816239756534e-24,17758073958784104e-25,14763252473025108e-24,30385804281992474e-25,3498841074738793e-24,3612639866896813e-24,30481553682482397e-25,5417167877102547e-24,0.993841796415606
0.0069406101611570155,2576340921417382e-23,9616937399943447e-24,3014121259953466e-23,13316274931489002e-24,15399835767139856e-24,26789333370345148e-24,14551193373925235e-24,2311742958063565e-23,0.9930592311432523
0.007484469397145518,623407598326118e-24,2474136849342927e-25,5571421449390902e-25,36603491141133296e-26,41428494028209e-23,27160512280879184e-26,46159294630030253e-26,7643973730964657e-25,0.9925155268969817
0.007977866643740738,5008969033645304e-24,15510350317390974e-25,33924140830009234e-25,20071097726645863e-25,392064768973701e-23,12033951442428036e-21,2197959986218865e-24,9609094276408037e-24,0.9920100717180625
0.007789886261669072,2290565410087389e-23,3634897516003758e-25,9918115910799986e-25,5480336203762454e-25,6835912421127564e-25,2560827420163366e-24,6556078104760378e-25,8846610517915822e-24,0.9922100761827023
0.00828789403698649,37090762580371954e-23,1429641748231679e-25,2772939426695793e-25,3421340960252921e-25,1787841068749048e-25,35032141581474834e-25,15229104673905997e-26,5442486771137428e-24,0.9917117250159956
22775082050572558e-27,0.033001361536077,5836221094182077e-25,5179909458428361e-25,30888110723102375e-25,8830870454121185e-24,3398333339322064e-23,5211780879485793e-25,17495090967058193e-22,0.9669968414062843
21112105062582193e-27,0.028570696442751713,14684007743382813e-26,25600671808328655e-26,28896478677981094e-26,8732310225477227e-25,2219837010874251e-23,16016625514214061e-26,4911778429919087e-23,0.9714292304948596
30592987237521684e-24,7011129316839398e-23,4122409067343561e-24,4132011516857933e-24,6522840667661486e-24,11646044193768157e-24,18781920965793812e-24,39554344467771844e-25,0.18644047504209543,0.813559375092884
0.00018388749714782322,21777004437764675e-24,5891041728700928e-24,5677169212078467e-24,8386133832380132e-24,14866055896451232e-24,158378943938212e-22,5337951110070493e-24,0.3007562410110313,0.699059793718616
18017667494823014e-26,2193640155129275e-24,4854839159938424e-25,5669037828667326e-25,6486330963777173e-25,9185689603208053e-25,21525966417809675e-25,44169317205512554e-26,0.1691683750223822,0.8308316173899276
0.03731987839176807,753484281307714e-25,30934947594748796e-27,38556351923294845e-27,32695411237626425e-27,25742471424909236e-26,1247613035813034e-25,2917347194272145e-26,0.8016038639248854,0.16107625709445184
0.023075317395210692,33755023692843636e-25,10933773493495041e-25,14928477868716494e-25,22409053226034957e-25,24652193060172795e-25,7472444703211818e-22,11760512803861083e-25,0.39518940455676155,0.5817345189596246
0.041746452494760014,1588799671325478e-24,14705681678554647e-25,17372625097513492e-25,15626648643228781e-25,18829187607900934e-25,2416964977975053e-24,1673959707485791e-24,0.6466566107522598,0.31159692441992665
0.06228189795799787,10308290688628957e-24,9355137936531415e-24,7760674863366123e-24,797541634476287e-23,26677977249913582e-24,23649096965434107e-24,9944308893589122e-24,0.8804366893461796,0.05728131702489302
