8578333620806089e-27,21320122005575785e-27,0.1124207814570722,7737061152933431e-26,0.11871943917836954,30648701768449986e-27,250697465275286e-25,5067513652174889e-24,0.7688597741014478,3251903207841765e-26
38362198721515346e-26,9007466202648959e-25,0.07231208151053485,9311421445923239e-25,0.14993912446589097,11777269513231452e-25,9587025637027241e-25,14910757199399274e-24,0.7777487735390423,12225417711884995e-25
16211836678255841e-25,4688814510506389e-24,0.014934199585770289,45176695203020596e-25,8831518226765137e-22,10121895564746473e-24,61945193211464e-22,51966204125383596e-24,0.9850648310247992,7129494335039686e-24
1943995054016347e-25,961321570617238e-24,25036463490074903e-22,9983483709121053e-25,7058627654716445e-23,14427673612717794e-25,11506255049652643e-25,5912867833469793e-24,0.9999974139022761,12049731091540858e-25
0.06753683364184106,57588848443167e-23,1521106761221946e-24,39137132836627486e-25,22668554404011908e-24,7612888601427674e-23,2813533410009464e-22,1140089639316742e-22,0.9324615196379089,1146549788560101e-21
0.017873125484178215,15667870546543835e-27,27019681694117167e-27,26269982158649376e-27,0.32917591980360983,8615303964775398e-26,4488190873822514e-26,0.2778600345844728,0.3750909198314638,9639190856878899e-26
0.05000448587889593,1843025513738966e-26,20741106823673605e-27,27684789358027603e-27,9329728042016145e-26,9314194111981735e-26,5513785831601433e-26,9203309243273152e-23,0.5127382568068658,0.4372571649727029
0.05267825016763372,10609299580852874e-24,12252910666690921e-24,17428979993159448e-24,6895081109080983e-23,9248662459202775e-23,5292678741510412e-23,14547689843024966e-22,0.5250718838617293,0.4222481565462472
0.061687977326915854,22137925793342577e-25,24346806333931514e-25,2764109454678401e-24,8231459168586223e-24,9728401770228173e-24,6959119253158062e-24,9765128149293745e-23,0.6036039858766583,0.3347079068135881
0.06518919406585638,14174283643497297e-25,1661271645667072e-24,25555188496285578e-25,4841050592087913e-24,46263730769746064e-25,34554116074906406e-25,4878498903137683e-23,0.6797276863196874,0.25508305227241107
0.06889959211011472,24051030831376445e-27,32342169530089855e-27,8551893541014055e-25,15956144689819896e-26,12901407694859966e-25,3018746545842954e-25,12665082987349458e-24,0.7087337584936694,0.22236663406798596
0.06659349578517997,43960337803775975e-26,5716114355451259e-25,9715239719255212e-25,12753697061423988e-25,2830406959526588e-24,15629270148026324e-25,5006895838700209e-23,0.6849839315203278,0.24842251497413864
1721413883708361e-24,13343202501877788e-24,28575999424986122e-24,33795663700949584e-24,3480440871825649e-23,0.46952395466711677,13230518933798817e-24,5916042483750778e-23,0.5304758317254626,28975775260005745e-24
0.006905604079510552,0.2889203478196264,1660513999686625e-24,2160607767862703e-24,26419415967641817e-25,43364111716213195e-25,2002826187664691e-24,473890835234793e-23,0.7041740268696911,36899984550435925e-25
0.009948191717007346,0.2188035997745567,7146627903649527e-24,9586549752613113e-24,11929541398850246e-24,2065089777040808e-23,909143419312284e-23,24043225129832348e-24,0.771248108927729,17130764390038046e-24
2108273360856916e-26,9060262171747098e-24,0.32590084238809564,61948406819278745e-25,4976158313097001e-23,4164008737570634e-23,4198818768175665e-24,6566456986630913e-23,0.674098965123055,1594769681105098e-23
10947086615516584e-27,1311739857130102e-25,0.3257288046744626,11781207187467204e-26,10475370200983187e-26,42367397261380724e-26,12922603533505976e-26,7686481887007255e-25,0.67427119328902,36116435855685646e-26
0.02361409661073338,902293905888392e-24,1273498209768555e-24,1613269136653787e-24,21487195088369996e-24,0.35828094162708746,19453673240990504e-25,10690967519985898e-22,0.6181038621254481,3318566200026765e-24
0.020500818498448693,9164377910303199e-25,11005152761616573e-25,24194029297254974e-25,15387435411898762e-24,0.5112777642123864,667370867409186e-23,0.21454164142414905,0.25367965205833015,973091856330878e-22
4098364374194503e-24,6017593614760852e-23,0.1853839463649411,27813492198330144e-24,6544040667878644e-22,0.47665978527428965,1308383126302129e-23,1471410504545686e-21,0.33795391792739693,11944725039280407e-23
22981454954584425e-27,6946257178148261e-25,0.2783399045039971,216144760927958e-24,9470597756139702e-25,3354644731395456e-22,150719202300001e-24,22764044237395335e-24,0.7216597346594043,5765634614131448e-25
20044248747685246e-25,1257798175770354e-23,0.19987518101191737,32480465843131503e-25,31081447437620524e-24,0.45245940238447996,5183512915816626e-24,3304482396994504e-22,0.3476650151226447,16935740623028586e-24
0.0011807429615102384,1873051094728093e-24,0.023683531276005497,13355305210021122e-25,36637207219174247e-25,0.9751356084591439,20853700159725166e-25,390079710594526e-22,6636274012105643e-23,2974748626433909e-24
0.002042556188188257,9970459575916932e-25,836951385476224e-23,4802317219378426e-25,25634692929334566e-25,0.8723529706683699,20648999831683835e-25,2805733489658601e-23,0.1256044278600093,27510375399876653e-25
0.0014223168019053,23524511540870734e-25,10697346726439015e-23,17519094440246508e-25,3478798603900436e-24,0.9048879947945326,2623197377709323e-24,1339053723092329e-23,0.09368955394322791,3897077766396443e-24
5201080040718055e-24,40167171941105684e-26,5765158818510408e-25,4049222377847566e-25,0.0516178648125074,0.8157694379425618,5341693944737483e-25,32348894667956164e-26,0.13261268920573066,5972941752528853e-25
12696807707942694e-25,6271676319467903e-26,867504096843603e-25,8639861180440515e-26,0.004750405557794096,0.995249446437824,8012009439868474e-26,19925573776928635e-26,1461240292316822e-22,958739951215935e-25
10709725539067452e-22,175903270098198e-23,17665061438630508e-25,22060093174648583e-25,30336251090491835e-25,0.9999989028232995,2345997612334095e-24,44533233665708355e-25,7702377340078204e-24,2937298486339419e-24
5386275643519836e-24,4876111943648175e-24,46201516732849735e-25,8010087476095433e-24,1817688162550898e-23,0.9999994667141556,6656631912589968e-24,9045676445879804e-24,468597508614954e-21,7911238417796795e-24
6460201218626098e-25,16798872412513882e-25,15153093034181001e-25,8513000395257597e-24,5801388085764969e-24,0.9999985370180726,10873855070743166e-24,13208740582465027e-22,9691618229307919e-23,16161550845239744e-24
2114623942194124e-23,12484480883482381e-25,15499201247032868e-25,4542678738782378e-24,7805050142129581e-24,0.999993139026247,1846620213252121e-24,5101339564465981e-21,1719202639660443e-21,22925436719412763e-25
5782765681357016e-25,17486807663014525e-25,15163640618785247e-25,18456183382516255e-25,0.01911044917648641,0.9808884809871294,9895481950910923e-25,1057023569375527e-21,4881908523937969e-24,1282879730886217e-24
3045120581410368e-24,4875569103293092e-24,2014672000580899e-24,4669652299882244e-24,0.011912504112419764,0.9880867927432568,12458931527820525e-25,6819275267411464e-22,36399809811961974e-25,17257655998530437e-25
5241878204735283e-25,7533382189563161e-24,6959791479529671e-24,11422373274297645e-24,15402799280071212e-25,0.9999995791420575,33949253913058464e-25,1509858414953976e-23,3705941558913555e-22,3790169297520006e-24
2429406018765984e-24,6132147868973707e-24,5073842662999827e-24,5180292144072166e-23,16677853931354073e-24,0.9988581019650616,7345975818852413e-24,0.0011409396564871998,8623241701117417e-22,6597514856676043e-24
38223795718090455e-24,8571768872013615e-25,11098861928520767e-25,1431764092488878e-23,4477194374779097e-24,0.9753339966563479,6203844873388586e-24,0.024665927463573628,8032466344852173e-24,2658005764495035e-24
12331122475858768e-22,28963932653034695e-25,24608806629912145e-25,0.08091559271819852,3938799038498036e-24,0.7055157004451995,33429690506337128e-25,0.2135674549747972,35086783133318658e-25,2601712485201923e-24
12354538565293565e-25,15533823054840195e-23,466420498285103e-21,0.364261562850077,13929584496634645e-24,0.49161681421143916,2447272745927706e-23,0.1441207243410351,20299632392512812e-23,3420467430329599e-23
6654529106429014e-20,5389650694710734e-24,16926121900967046e-21,0.21418332094683473,5079666999590545e-24,0.7857315803000317,7329251407764157e-23,10454419450616707e-24,8350020356132118e-24,15247738182077608e-22
3492745033204608e-24,36979787204628065e-24,0.009737868811647182,0.23571319576950706,2048919973759008e-23,0.7521660702337692,6241546463735959e-23,0.0023826167620929657,2003999203734912e-23,10500572155275004e-23
6148614104533795e-25,0.11035186752144395,0.00971447223860922,0.30253737273019055,16613766808092984e-24,0.5337017002010088,3131763172194524e-23,0.043677467490645806,17037142130947124e-21,34130188082173157e-24
16074001737197707e-27,0.07406094274937232,0.013133841110770669,0.2798451644049292,7290602535136396e-25,0.5453633848314761,17308699412129197e-25,5843175878899701e-24,0.08759665775705731,8269467744748178e-25
8789811558625794e-26,0.06158854835103225,0.05349670563659508,0.29874316799455586,29355911135186695e-25,0.5861709831573776,12606575615526665e-23,15629120648536618e-24,44769598605927475e-23,2447663177917905e-24
2615253127650362e-25,0.002459783056225986,0.07998518925465997,0.3306372085493505,4684573935631867e-23,0.5869082699981873,9221378314936583e-21,21741928120389664e-23,4392868344072851e-23,1930752491089613e-23
7681046339923944e-26,4964692325964134e-24,57246698287845505e-22,0.416018585096468,21979804143463402e-24,0.5839730723246486,42646729858674086e-23,21498217540308956e-22,29977577516207255e-25,11601890503568636e-24
15237965413830916e-26,32100059465803565e-25,13133266287005825e-22,0.43557279177257197,4792724357631004e-24,0.5265269760340597,0.03789886432128165,42199650823438284e-24,1647058033181122e-24,2543058139326963e-24
0.0021645289334235314,4535467577903684e-24,0.4825742329593635,0.3357032504003633,30006245202672693e-25,0.17955750562507244,46467075129309856e-23,6006193774861113e-24,8736096346518285e-25,2997329223142732e-24
0.006243288596283057,2707316736680635e-22,0.7089699406181231,0.28370895537681695,7160951974477053e-23,0.0002275526767643957,0.0008495945346569457,9606191115027137e-23,3028238131537593e-23,19951027356992826e-23
1715867487443481e-25,0.17326234811896418,5575718791872064e-25,0.23514719996760408,13689252205680948e-25,0.09814710986181417,0.4676318659796951,13144526604685467e-25,0.025811471735085637,9243519446539644e-25
0.003664231277231979,0.058073444131306745,0.5789882455493198,0.2159865104830679,19471573592276252e-26,10634641208717163e-25,0.059363049014648096,5915790194241186e-26,4405059942972125e-26,0.08392451818302298
0.003430149114462665,0.11704416429687506,0.5893682618212366,0.2780612894169347,2008039938699826e-23,8184538346561699e-23,878024471681027e-20,553818216216545e-23,4316962193384886e-24,0.012087243324915214
0.000284241911861604,0.19212510395496712,0.43075467494047065,0.3768359333093244,435538088074335e-24,37167431571807136e-26,9403113013680056e-25,24354480889683443e-27,14089412915610173e-27,4409712561700367e-23
0.0005613130144440767,0.1755438882554116,1943457047732156e-24,0.2653098855928478,4365833530253847e-23,0.1447767501829365,0.4138048977590217,20034117331559234e-25,3213689916442737e-21,3900331549234285e-24
0.001201909163604475,0.1342409448716025,0.4343030427989061,0.43025410172257467,3992907351583519e-25,21319028295358662e-26,40314805532875153e-26,9311681547082708e-26,5830732274417444e-26,27623776405744417e-26
5289430133915329e-20,0.13235044384328087,18685134725805677e-26,0.2777276394485827,42287937488530613e-26,0.004671225337868551,0.568600368206962,5942985232973128e-26,0.016597427951947696,24088648871017837e-26
9968092811857121e-26,0.1608581121725218,1871862786684699e-22,0.20986293827075986,25175935934057012e-24,4099428038431902e-24,0.6292787228944168,10007848880825534e-25,2098705266253385e-24,7001632637919539e-24
37988319710596144e-27,0.11409616887961407,109155277443851e-23,0.2030851499559017,14252297995723958e-25,9486804558712343e-25,0.6828186762263543,1538509327844989e-25,6135220220433136e-25,6672796364988959e-25
29930689372303e-24,0.07994127537936295,18062277489663224e-24,0.28768376322131084,24932164778789334e-25,395148802339626e-24,0.6323749390550732,15410568541787371e-26,22016187523775158e-26,9893764492712266e-25
6247844652981203e-26,0.03319796171347773,0.0014420434304803522,0.3209118973327405,27472248315515594e-25,6622753095312365e-25,0.6444480916814523,23618456075848213e-26,3580909003623503e-25,17756379749610798e-25
0.00026459601413602793,0.07923921747799813,1812157774083583e-24,0.48429467490231476,13791504798091734e-25,9771460969040601e-25,0.4362014267982683,31835701614568425e-26,7873251887106176e-23,1586878600426177e-24
0.00011144540961786635,0.03268594212458366,3553202579200958e-24,0.48453542537407646,2158997393912008e-24,15011677370028188e-25,0.4189136116407321,5210150568989788e-25,0.0637535666041987,11123926257173004e-25
7557783342343468e-25,14802804326633386e-25,0.42685406295298217,0.5731310854200243,14140538884986276e-21,11793816517820657e-23,29122972129021084e-23,3268989980389879e-23,25300883298546053e-25,2644803993271567e-22
4501967839918538e-25,4961108623943636e-24,0.4289849774630663,0.5710138846135709,5864387903002186e-22,7802486263611908e-24,14248228350158788e-23,5963295173530064e-24,10835601293276247e-25,38874273207218275e-23
0.006717057181160004,0.07335758841067155,0.162321028608356,0.7576043116935033,8663683733095385e-24,11872197487764858e-25,17249011934803834e-25,7798719708873869e-25,957174459832175e-24,7934513089586276e-25
0.008365826672731051,2005844324289493e-20,0.2734093031976483,0.6865732721353249,23730911103682566e-23,4871651860027368e-24,17963846675468622e-23,223300885988889e-23,0.03163111110018959,4398499788389292e-24
0.0030005534938559544,14438208782792737e-25,0.4730150059176811,0.05354608932875867,1026203655740557e-24,5041055799728631e-25,0.4704383467996635,3339244780593123e-25,2514947623313909e-25,9005089472126016e-25
6660721541345962e-25,8730479956048455e-24,0.4119439227649977,35083680137821143e-24,1822430898712958e-23,2234997776859042e-24,0.5880559767757928,25456191451803477e-25,14490467794229778e-25,31524277930660746e-24
6845932760638346e-26,17363316359685965e-25,0.4189070061989855,8751623584516092e-23,1958493277980694e-24,26536514674506553e-26,0.5810928980213357,37427215294537003e-26,20206381346978678e-26,3658451224159285e-24
35645206064002776e-27,18364075722646576e-26,0.4380975387764623,34265765223929063e-25,7336749376121405e-24,11616192564165536e-26,0.5619024490899767,14237399929952718e-26,715530295205172e-25,8202548303806151e-25
0.0013814374131211919,4913997768239931e-24,0.41478663687718476,3590936081343046e-22,29228251824647467e-23,5427723031121086e-25,0.5838312667158012,14459764080429828e-25,30067720952179274e-26,4145117396276702e-25
26367476664414853e-25,1915479653483429e-23,0.30678020176686993,5108341756736774e-22,0.07122828454421484,330943027014073e-23,0.6219909435324702,563906997776783e-23,32063909321655e-22,25375709246630952e-24
0.0022521401996379994,8041817318865543e-24,0.3869288462398123,7996266289087317e-24,20176868003532885e-24,18936778919179352e-25,0.6108189661172926,24301700988233647e-25,19807943303010588e-25,4923731552602885e-24
0.002802164013511142,3475302584072302e-23,0.4740411363333823,19242105361306395e-24,1088789895708845e-23,35796348073472153e-25,0.5231566157403821,33856122874129268e-25,294239864592303e-23,9123968592007107e-24
31294408915141483e-25,2962145878009929e-23,0.9999949993184946,4703281146457263e-24,8305379394816076e-24,6353871978205661e-24,4941000110174299e-21,19645094533370506e-25,6947685165821166e-25,490897226798256e-23
6729305323458107e-25,0.03935636991414434,0.8987537702806246,2772067702645119e-24,8341976024708266e-24,14749561497543433e-25,0.06188984223141099,10688659787966411e-25,10206191440932655e-25,22223336726536617e-25
8170112924537258e-26,0.019338842824309244,0.9806611526057096,12564028623238064e-26,25254762394798807e-26,4429127720106579e-26,3989539401975508e-24,1777712023783169e-26,12974041857502441e-27,45836025720218895e-27
4675970992330485e-25,0.03172189464332955,0.968278079898232,14772196027152254e-25,8133813420239404e-24,1040040854483888e-24,11391065041592049e-24,8053468295106097e-25,7205228951036539e-25,14229165782020255e-25
2930507399454727e-26,0.03266824078123847,0.9673317516472378,6792039440517353e-26,37142845544003824e-26,45924572829718303e-27,6895375449751059e-24,3415252896897893e-26,3100802733346077e-26,9707617601157097e-26
1906151913091889e-23,0.04442675461172516,0.95557306625738,832062886033133e-23,3323917171344606e-23,4541761397336315e-24,9717128893075861e-23,357065808888265e-23,3203411155775774e-24,10022556346396522e-24
3618369862873164e-23,0.03948132258419924,0.9605168761425826,15286824569479143e-23,3945256994885738e-22,6461012338159946e-23,8687926195642294e-22,55968339973549204e-24,5595519186868649e-23,1723692992916034e-22
26407287601580678e-27,33411483138866486e-25,0.9999999938632587,1039043425494337e-25,2551841023401097e-25,4788995432636777e-26,2117414709056788e-24,4687906005001622e-26,5343772736929321e-26,14439229244497396e-26
2568692638639181e-24,0.045924427109643104,0.9540754066696828,1794578992763676e-23,5203345753139156e-23,10640978872956791e-24,45553693936237716e-24,8666131837222941e-24,927458728002735e-23,19543246524678546e-24
0.00113248731024891,1042567011421528e-22,0.90069030639702,2868165241664722e-24,0.09817707748247986,19801980015260275e-25,1377232947525526e-23,1111729996330334e-24,16815357226014116e-25,31396552608102303e-25
8455632852914951e-23,0.0240599626069784,0.0340929281958861,4830797361735476e-24,15692437218280945e-25,2652350528363981e-25,21268209020746465e-25,9857560385474622e-25,38208822136207174e-26,0.9418470144809208
0.0007467327917014001,11530428505399978e-23,0.061908355088598134,1120481358232864e-24,9255438356332886e-25,21323125357093176e-26,10029604327225298e-25,10179638276968535e-25,22602256381900556e-26,0.9373447923089817
28469852732361843e-26,15686728197185655e-25,45457085000420484e-25,15354304278218946e-26,0.999999967450692,9904750266709179e-26,2558788289599868e-23,9190663077763814e-26,8864548818093571e-26,12919703631037515e-26
394343581871642e-22,2377077574705006e-23,0.9716353033325303,52363004936523545e-25,0.027958375602164808,4381752366611644e-24,0.00040623553427229775,30576887274650247e-25,4732925106345026e-24,49164682870939355e-25
3185926860890679e-24,37931515388820063e-23,0.10888800921932323,42713919797641255e-25,0.8776037688966936,21846995222691802e-25,0.01350779136167339,24464276150946498e-25,3352893164420257e-23,5590961778168807e-24
3489054781225738e-24,2693463850820695e-22,0.4151486542902957,4944242577774723e-24,0.5013731713135768,24196766095506474e-25,0.08347773553882674,25369506673253904e-25,14944403191021912e-23,6676962016628356e-24
39568857612980525e-25,20780004007352653e-25,0.7737608350845611,8280329651663825e-25,22016602057057114e-22,5230126923169749e-25,0.2262369531885948,3920700378065533e-25,11491346897480126e-25,1139460709250391e-24
0.0024621216996677823,2617151460292054e-23,0.8345071410143375,12388943229411965e-23,808080109419546e-21,2217447444696381e-23,0.16302964131921555,2566835889758877e-23,40334377399782716e-24,49669178453114243e-24
0.0069286762655217,2663775272358833e-24,0.950717102156817,4885120987099288e-24,0.04235060631577164,36192657331243885e-26,36044902902018887e-22,5205947392570678e-25,7766394769450795e-25,15635422855121552e-25
0.006744161252566124,2892797634299551e-25,0.9545107128250573,4910042783749424e-25,0.03873298615192525,14202407508872117e-26,12133493902880891e-21,18512809792346166e-26,22919986104955552e-26,493968104302376e-23
0.009351516247813727,27340464456798096e-24,0.9626714910593199,6646443218040028e-23,0.02796944197064344,13571580092048487e-24,52714835687056034e-24,1764357529469653e-23,16905823049894597e-24,735608158761243e-20
0.0059913295812303305,10177705235985456e-24,0.9679114900256701,23988432782565026e-24,0.026096980488140003,45816937208842715e-25,25720534376517503e-24,593652087913307e-23,54629185185855865e-25,12403715647738393e-23
0.0067027232725213335,12453055593345299e-25,0.9654398299185891,33180908781837792e-25,0.027857166328646075,5775053737265515e-25,4560231901716889e-23,16060007656984988e-25,11806005869853634e-25,22695046619849214e-23
0.002774051746661582,35620054871106045e-25,0.9687632873404535,4852417850846026e-24,0.02846263213911144,12914189848848697e-25,7492045040139817e-24,1745502371170438e-24,15039094823355738e-25,8325676362010252e-24
0.001107969732447315,7273248970396748e-24,0.9644789692966279,7079206064287386e-24,0.03441296234188271,2082141680306297e-24,21741623341246055e-24,2869854303887231e-24,4093109386578779e-24,5348156773002233e-23
3092958498196047e-22,331643424214234e-24,0.9645830744240415,217487651613883e-24,0.03541661283583211,6631474784290067e-26,1059554749705919e-24,11673494469650058e-26,1470254043485056e-25,15063546388271028e-25
0.0032618873590693066,6554963077822352e-23,0.9528590415404973,7679559925246414e-23,0.04387860530800417,2244425475817045e-23,8519898810246357e-23,3310985222130546e-23,3972714105886101e-23,14296696406132758e-23
0.00393822269448659,6303298472213435e-23,0.9446832741261313,1066895774211535e-22,0.051377331521132316,19993287723379883e-24,5218010566560018e-23,27273217803931896e-24,5266285437962745e-23,8498262011288473e-22
5924418405525743e-24,8917663192942741e-24,0.849719466173854,1153572982842508e-21,0.037026699861576653,500259730819663e-23,19250527237736565e-24,1208083800554507e-23,26969382081436115e-22,0.1132499322773795
0.000208661663651492,4112313443428902e-24,1293946439074731e-23,0.1469857477771209,18589216348158594e-24,0.21616312495871226,37202337608912895e-25,4916630906983412e-24,0.6366424147491453,65741620501718735e-25
2358406536344987e-21,3335296805571466e-23,0.3314830566435818,0.2419002396534622,20255851105150117e-21,0.10920812906735967,232384822262615e-22,26228826178444772e-24,0.31738583100729395,46549766121140007e-24
0.002356292813428247,5664226608336526e-26,20266042787220024e-24,26716873589980043e-24,17950216618883003e-25,0.2554747289375399,2432726334929528e-26,37875243747044366e-26,0.7421689284140804,596879592267162e-24
8514463855005205e-24,10882346835898151e-23,0.31699942822518323,0.3376691591795839,0.1004509249859054,27959594234603066e-24,889688361425211e-22,2459964864490491e-22,0.17808189583682285,0.06679811151574944
20573604299012814e-26,2687005749465396e-25,0.7906742432691994,6780718092803501e-23,0.010299080546026726,8439819031327234e-26,13872225467295468e-26,11008028803819675e-26,11857475349843517e-25,0.19902660638434388
1367767410698192e-24,5407359272246674e-25,0.6631159210706603,0.08945111575344272,0.023393547098861104,4562301005058472e-25,24006466280418696e-25,6461163236823751e-25,15530497107760148e-25,0.22403940911249642
4207098613939324e-26,5875823038751218e-25,0.7951368860834835,5673519661465321e-23,0.027419027959862913,21754780653889163e-26,1875529577006717e-24,29986104504093194e-26,20992660803838917e-26,0.17744402598895384
2383149795010136e-25,679315679501429e-23,0.14302575733532968,0.8569741530580539,17044001837107075e-24,11392286072884546e-25,1074970567049132e-23,12192473412262682e-25,20517208293282072e-24,31905770270010255e-24
10155504363316396e-26,812780452836272e-24,0.6324345830842216,0.3675633302282042,8112640041167259e-25,5329397601887073e-25,1432114976755556e-23,14156734058206278e-24,7146401130749377e-25,2055236496738261e-21
8462056980682783e-25,36563649344676813e-25,0.17418442798570255,0.8093860604876216,3421437319609968e-24,30858151767958332e-25,0.016429490011873802,227801986189604e-23,34332051055904932e-25,4804975212961819e-24
10505164830704622e-25,3220872371234818e-24,0.8421557481365973,0.1578439710390259,8637502691671179e-23,26664325209868198e-25,57962728499979994e-25,140630211646207e-21,4106496177477442e-25,4067554841017214e-23
339247875904458e-22,476372329035936e-23,0.9833551145421549,10316329200018147e-23,420429231431663e-22,17505706710155404e-25,4150545376985451e-24,3227578924675709e-23,0.016644661285519915,2105203135872792e-24
5410907945638178e-25,32435754433062856e-25,0.979148721797287,998481027680149e-22,8408364305113681e-23,3142025121979355e-24,10679265117028743e-24,15033746888447104e-24,0.020851051033583347,10597677816196069e-24
0.011433166389132757,41101222012920367e-26,0.7577526193602315,8838886127748603e-23,0.23081152493954657,4501181721750822e-25,25704558756395255e-22,4752520764112942e-24,23933421037799277e-24,9192780767282869e-25
7937109092079766e-24,3638860559273318e-24,0.17740137908897247,12030147703152281e-24,10760328782870336e-21,33238730136238224e-25,0.8225838865804704,7446616282482229e-24,3936205567710419e-21,34195967379953816e-25
8197176769630647e-24,1991374039166387e-23,10195302932770683e-22,8974310964677224e-23,6067934789100052e-21,3516545785972158e-23,0.999992606357734,6699076198628927e-23,6570509319350037e-23,20461846389842734e-24
14700781518470558e-25,7114384617145853e-24,24667771786597365e-21,31648562447023974e-24,4696574785408189e-22,12411434403988154e-24,0.9999744731167242,7064799909406053e-23,2610138184678196e-22,5147674775574361e-24
14545308671733585e-26,11187200287880946e-24,16118648426773997e-22,12765942248999248e-23,3602987974413902e-22,38850179740400844e-24,0.9999975467761677,7402982246938611e-23,2219437905322607e-22,7244361760236014e-24
2834460764767081e-25,17808960066341669e-25,32324862766357713e-24,16279692047716975e-25,22223367372060696e-25,2048828909050168e-24,0.9999999556237815,24218550176148585e-25,17333194504350625e-26,14929787820321163e-25
8305369620739098e-23,11776601552780326e-23,0.054543011268138555,24950311392194157e-22,1165498505579507e-20,11978459073813096e-22,0.9454359181077064,16278607451534005e-22,37808349248161996e-22,11324660737337022e-23
0.005972383244522668,1336223767883281e-23,0.2337933673949457,10679661092965653e-21,11429794535858622e-22,6331439070037998e-23,0.7602221706821412,14785223692250107e-23,21597778155361123e-24,9911359821886292e-24
0.002873435423143819,1983421412321236e-24,0.2428720235441768,0.5540808015433694,0.20017372326232138,39567669036407405e-26,19072190329974742e-25,68870845827910305e-25,24253341484508065e-26,4811215193967261e-24
0.002566466835650119,2663223328011949e-22,0.22193672976233073,0.4524362473924435,0.32305527659219474,15829910078543854e-24,3504668877392663e-22,4461031971219292e-21,847167416999585e-23,17729460804829706e-23
10437901788213257e-25,49628875723780016e-24,0.5150309252446849,0.09496638038706925,5553132122169275e-21,0.1572479286034223,38453527717830895e-23,0.23274865722953755,28949168818803808e-24,9124656222495551e-23
0.004764398507366807,11078603255585497e-24,4697028402669256e-24,0.10664256423657494,38111918943235005e-25,0.8757479738066453,4366104571422763e-24,0.012845036689542753,14599989552870984e-25,13472927339184286e-25
33854840610681496e-24,28738547717492597e-24,975943786270736e-20,0.2531171764958726,0.24232252597935067,0.5045498462188959,2417887231583601e-22,32660292495983856e-23,4617534125989215e-23,14707439254716585e-24
0.003013741050551314,5970409238048659e-24,6516861804140224e-22,10299756807449332e-24,0.03605843270000701,0.9609268463642224,9948138885058955e-24,26734570805313773e-23,3077201416869876e-23,3864172283355563e-24
0.004234419933398068,0.08624932544097406,12422774805957536e-25,1900307587373611e-22,52926320320243495e-25,0.7801047537108959,0.12940790287416326,3399310735015165e-21,16153247213353384e-25,5488685759091761e-25
0.003537230474755905,0.0055301947368852624,547097465413848e-23,2723979886368972e-23,11166696132514366e-24,0.5444694545745457,0.3959413577869963,0.05052171112865391,45335565539237465e-25,2887162150258431e-24
0.004056712912463456,17278539428942972e-23,0.19509523344407598,8931240454588556e-22,12480734582502455e-22,0.8008391970042188,37530020947325954e-23,5978595300338459e-21,16975325640596598e-23,19008077487363672e-24
0.0012026231807148301,0.14843537530755807,548100653791787e-23,4898302476479253e-22,10607462083103754e-24,0.640401828574316,0.20995887997879167,4979067778207758e-22,285699329085594e-21,34348736382641472e-25
0.006017828106905819,17304968706077327e-23,3230357760634755e-22,0.09253034823970878,25300342764423216e-22,0.7744326369705757,2706318391480281e-21,15063424233844183e-21,0.12699831830191596,7251854976616503e-23
0.0054103597356883705,5424692599941934e-23,10566784893492657e-23,0.07743343956502058,11560437711783694e-22,0.780421886371771,3346048787695862e-21,14606432095039107e-22,0.1367281546638541,37013384041658826e-24
0.0005097498176247382,10113691647840932e-24,17704962264691258e-24,13641257689424136e-24,2726624156812109e-22,0.42520658189484,0.547532335092756,921935174157745e-23,0.02675100837857001,14745192321247638e-25
5820529676446772e-25,0.010214359528555534,0.1810338719958905,24139136105112615e-25,0.5748386143235654,0.2339131011066782,2897708274713894e-23,1863397672083019e-24,18314457506997173e-24,8942766309079047e-25
48321852794386246e-27,44522083074339384e-21,0.10254438094917982,7055224783588799e-25,8444876081745003e-24,0.2674899366965829,0.629921149673749,7633434326789274e-25,2468926059043872e-25,38858864114244385e-26
10436417976753638e-24,0.07211346143394166,0.20550109924496868,5151531476640323e-23,11359961096486734e-24,6676164682195391e-22,0.7223835972090169,8136881832034883e-22,3877175279803207e-23,24872433020037825e-23
8652705168077138e-24,0.04804074487219953,0.7593383488634522,0.01932404340808453,17710892321323013e-23,14986591492546764e-22,0.17326963578200924,148893106424645e-20,23520204726151154e-21,5335732930743271e-22
25046380561839223e-27,0.1342337147540157,0.5018050838440958,34118464021392366e-23,2200217992398298e-24,0.11886124556199364,0.17085123986885722,3609951421479048e-25,0.07424837194168797,2584491579108884e-25
42584206298973987e-26,0.11952905259552775,0.7716928505289777,13028910272904256e-23,4468727606312337e-24,864446608410788e-23,0.10877794129512779,14984684473647471e-25,64134048738848395e-25,38403379624507236e-25
10295342428836336e-24,4127811555431496e-21,0.5447928264350698,0.11558461442700835,2432423046771512e-22,10649640271778922e-22,0.33961638629969143,11967202426910985e-23,20846660407563843e-23,3984269622839996e-22
8797271538827256e-25,0.3513339662874412,0.6072390750995176,16142461517609616e-22,3701827672284673e-24,35155385258705915e-25,0.041425334130171854,1254885280193421e-24,20699427655538503e-26,6785010410469143e-25
10522896879162378e-27,0.45208605316320577,3817121687129669e-24,0.5479138926475615,1194466600659488e-24,8720326250313748e-24,11938401970221458e-25,24275545818178392e-24,6608334759865221e-24,8377229430513232e-24
12723546181347305e-24,0.3107191605827171,340508773408987e-22,0.689221950389631,3020556969522884e-23,3536223260190397e-20,2324593082161768e-20,1393929429703745e-22,1569128586568616e-23,4880006668508989e-23
0.013930207677597646,0.00010749010961168137,22958986064227034e-24,0.691010065678657,36934067733422008e-25,8310870645785922e-21,0.1716377939684337,0.12330575464683126,5806883183478717e-23,29232698106399247e-23
0.008819911194842635,0.022893992238060917,12382708291532778e-23,0.45678472957722205,1408516586209914e-23,0.119470479251088,0.134060498333042,0.25796998019318856,4675885662920168e-23,2245414616798995e-22
0.0034072539413875142,6713655213144759e-25,0.06572772314684186,0.4077745278733194,2833549197680078e-24,0.22782318225773437,0.2952670832904722,22362260593607116e-23,5079502222987336e-25,18547730880860957e-25
0.019743027122051924,7553978022680526e-25,0.00023489530397191604,0.9408949849435385,31914676491106783e-25,0.039127050785334454,10977947637385548e-24,23541489754083935e-24,530729058123798e-24,28480155167432673e-25
0.014467561778729989,27560136065745653e-25,2295839581093513e-24,0.5983368847381283,3643955094558605e-24,0.2820460430844007,36921437045815106e-25,0.10514949529965915,45989859503919867e-26,22513101910608728e-25
0.009609551197146632,3296685941651757e-24,3274880772257778e-23,8504809239613788e-23,1073971843851515e-21,5869125845239784e-24,28876100259138007e-22,8395239469875304e-22,6643421606428402e-24,0.9903855140909048
0.01204950729882084,3498902028442698e-23,1027938421660897e-22,1291158972479263e-21,0.0002043105648339064,2478467496035527e-23,18540870171784378e-24,6036207476444526e-23,7331432373541071e-24,0.9877446421754633
0.005695204213141173,0.09265469299060798,13873436015501024e-23,0.0003617514401111686,0.5162928933765517,4680041432116746e-23,8572545011649689e-23,11006458167209137e-23,11914453254981965e-24,0.38499506474032213
0.011783443875037412,0.028982106571664168,14313877654467801e-25,4014631166071937e-21,0.23337799382435775,1233749554061624e-24,765344612538899e-23,4737917947845617e-24,337942475809637e-24,0.7258524257033359
7553721236981346e-25,0.25619819544466244,22634646364244873e-24,3764964353822325e-22,22951640842468105e-24,7578199930535315e-24,7450861131217368e-24,7560317181832587e-24,1175281322450249e-24,0.7438013579523507
0.01219817871712074,9365724986711384e-24,394131804347405e-23,1761141839698087e-23,0.0780702516288901,201726763275033e-23,4212370411241285e-24,26837645199950738e-24,7480887016833293e-25,0.9097315049202046
1718589073515729e-24,0.000557287461985614,3940938352927698e-23,0.1374925362494546,3386103875115977e-23,1035600484563689e-23,1164803105597861e-23,1100712613518232e-23,1894995758004999e-24,0.8619500664188329
490110075978157e-24,35588123068863656e-23,15085804100369087e-24,0.1971686820553323,3009690146396695e-25,4730143686337723e-25,988208675918818e-24,4702780233449317e-25,9003278355246219e-26,0.8028309441649896
0.009128392504857424,31569999957843064e-25,15665057459218638e-25,11876101708638011e-24,0.8970751222625551,141948082405243e-21,31509976388754147e-25,0.09379566223852852,5843449245566866e-25,6607110280039404e-22
5804597664631492e-24,20750449012455287e-23,12747364457511928e-24,10016918701601883e-23,0.05601004454409851,0.05681121243633227,17599482748959935e-24,29053133720334154e-24,3655518565276935e-24,0.8871783664861359
0.008617571421495657,17400922871806176e-24,4093266628891867e-24,0.32923923630319096,0.01436083608107883,4915224423338244e-23,6973322788294277e-24,3183097474367243e-23,13367117805558874e-25,0.6477822454068195
7779917693629877e-25,28700075633531855e-25,7535410815310536e-25,0.6727079958492348,0.007021280622522094,46477521982786794e-25,15098957559786834e-25,10785034542442291e-24,20416018022643932e-26,0.3202707019798576
3138604264052069e-25,5456774190323478e-22,6981940650474724e-25,1940948013754763e-24,12792900416158492e-25,9675980388095527e-25,12548620558608842e-25,12621609035580084e-25,4077820295157509e-25,0.9999994461982453
0.005395018113314802,14662192396941546e-23,5987423263832615e-23,20355450463279992e-23,12954000543761534e-23,19605811896639196e-23,564880352476989e-23,11210999326623797e-24,10055755535134812e-24,0.9946042193214073
0.006208204661016617,6193199007324421e-22,1963758354113132e-22,15623901335287431e-22,25511148436308575e-23,2990362867729299e-22,1613107001806761e-23,30888220208903864e-24,182290385491417e-22,0.9937887978573483
0.0026029153533287325,6258904838010978e-25,27609151047019405e-26,7721140271666823e-25,4837663625451875e-25,5662295597633813e-25,34856710490592035e-26,34065019309533454e-26,2703017122853536e-25,0.9973970809628672
0.0020215857295985957,3100545106130577e-25,34309482604297656e-26,43486403622474106e-26,39188041134367535e-26,1655527200767912e-25,32013063337055924e-26,21979633722902202e-26,30046696452340027e-26,0.9979784117862112
0.003983955605801697,8106403413251915e-25,28076318784529533e-26,5857218014543742e-25,29397315792470914e-26,28545158017257706e-26,10957562654510005e-26,11406732159431402e-26,10712053919542409e-26,0.9960160418072471
0.002432181888168517,10173050488915369e-24,5251221837183182e-24,11419071087808343e-24,70007221599690435e-25,5710775226135257e-24,6858221138231224e-24,5834837448139984e-24,405260604687885e-23,0.9975677618117894
0.0024774130923077026,7262432087464951e-24,36795726433912334e-25,9260923729202839e-24,4615614671987537e-24,4492720034045335e-24,48643500896387105e-25,4185376825427457e-24,29919865286635497e-25,0.9975225455551763
0.0018349156047908239,3862142885307541e-23,23014845948612475e-24,517232110863383e-22,3253691648584413e-23,29312884762143267e-24,3582579789175242e-23,28371639670624974e-24,2328872483208714e-23,0.9981648216998859
0.003581229057651964,11294256625470632e-25,5219461646539425e-25,4201006213358272e-24,626220508639083e-24,7602809570578986e-25,7580692562838236e-25,7536563921792082e-25,42445479409151097e-26,0.9964187617675868
0.004536018164760817,10777946164547611e-25,7094607679305668e-25,5623916127804188e-24,10274592961370286e-25,1108101416761964e-24,1084884204867749e-24,1143329143108054e-24,8547424919454236e-25,0.9954639692052761
0.006112484128075594,5295745728293334e-23,25890235495915282e-24,1937923156219535e-22,27889283137514545e-24,9568259461456643e-23,44074882989678485e-25,1780651970287339e-23,38814672260050777e-24,0.9938870586314134
0.006080853197349998,16782340991502407e-24,2142311510380096e-24,6075340846495622e-23,34715021777041185e-25,3562430375898326e-24,14119096381696847e-24,3815395801052169e-24,7145025053400108e-24,0.9939190350120031
0.0055335069639058316,1557483464502344e-22,15227782318955463e-24,32783807971948437e-23,2014098821270389e-23,9975095733451153e-24,21939461186560516e-23,3388737306177575e-23,7538148815396204e-23,0.9944656354424395
0.006369791950773483,3611268892052533e-23,2921662829545016e-24,7711781471628259e-23,4027735525503661e-24,4851617855743908e-24,354726559182662e-22,6385206406286336e-24,14840111896778132e-24,0.9936300263190243
0.006994806289589732,6636955166152751e-24,9355149080318126e-25,44796854009390395e-25,1671807049200038e-24,22756089456655176e-25,26340020040584794e-25,1905292603104425e-24,7306957699612735e-24,0.9930051658645953
0.007482778861075805,24571614491352157e-26,10875615677092327e-26,9094615787966343e-26,3912908633627904e-26,12961363074598218e-26,711219208265078e-23,40695809303793883e-27,7653278784572137e-26,0.9925172132954097
0.007128185272665993,3223764382278162e-23,6051661697540545e-25,11570503322242577e-25,7807478584561426e-25,13712608247993766e-25,4990946811707518e-24,8350664126366708e-25,9056413797163468e-24,0.9928717636930424
0.007680096382519639,3181642171141472e-23,39227147270993216e-26,8081758429807275e-25,8398731337237395e-25,6167649611113914e-25,3877616358959804e-24,43517781830534184e-26,11593033139662325e-24,0.992319853238147
4473724551558337e-26,0.008100114315687239,12020166823196798e-25,12317852029684132e-25,4647328313731043e-24,8256304027543361e-24,15256565441929596e-24,11860448400702026e-25,2479060706510845e-23,0.991899829069921
1425528718699867e-24,0.0030663298119970074,31872121096612115e-25,3945186454727471e-24,5026372476617599e-24,8028080497196379e-24,20479548667527327e-24,33755149897499956e-25,3333809896424268e-23,0.9969335913794881
6734979912728619e-26,10234909358295863e-23,10812036874195943e-24,14874356581111964e-24,23038393631259394e-24,51816577423306324e-24,1371375650111379e-22,10299765026107838e-24,0.1453577561808057,0.854641893424033
20590283522878908e-23,30859088530491666e-25,708855338955168e-24,696759291389581e-24,9911131331300128e-25,16709695224853096e-25,1965464189183772e-24,6447003065113725e-25,0.300590696087594,0.6994090882451459
16431274993401645e-26,47175918025280405e-24,27775523870315704e-25,3752145783449505e-24,4651132436430568e-24,8579432397351258e-24,4848714476754091e-23,21827842415023573e-25,0.11962402084256071,0.8803758613870202
0.0458642138577779,8994526509818025e-25,3418727227668944e-25,42767357234092637e-26,36788222791241615e-26,22444520558195807e-25,1388505582013034e-24,3233082485229023e-25,0.95413490437341,8757756933185322e-22
0.03187758443385699,7612182331006042e-25,25777234337611716e-26,34647271527872274e-26,3228060399926626e-25,6753580970038489e-25,23067727295417303e-24,2612356617956797e-25,0.5012713875728182,0.46685100230078125
0.0559433336213206,36555429804438114e-27,26385759378505e-24,36211018505825064e-27,27547984025961355e-27,5068409826478468e-26,54092089750929625e-27,32186260799831753e-27,0.824545098345676,0.11951156776934012
0.06299717981535528,12976563171741119e-26,1297306018558954e-25,9920600743802993e-26,11178357692589439e-26,7775513515925704e-25,4379868289473999e-25,17483894846260063e-26,0.9370027677723424,5055142276022942e-23
