2631702039567366e-24,8785382014062694e-26,16053372363816087e-26,8350404174540314e-25,14714925864551368e-26,0.9999995287474434,6815461429231854e-25,46641493886422165e-23,15841298247948967e-26,13563343439603286e-26
41955790928313865e-26,3264334138332978e-26,5706303059402561e-26,16060625288584626e-26,5245626560301539e-26,0.9999999552133607,18583822385183004e-26,43816305614603984e-24,1530740995204546e-26,45993734875903914e-27
37904807093553934e-26,3012768248028854e-26,5257553427806163e-26,2712762775601958e-25,4084772340397727e-26,0.9999999565866502,18425705883369382e-26,42255650709888115e-24,16282013821488056e-26,3662426117773686e-26
2439346958707464e-24,8160985536203736e-26,15376110585414877e-26,8818006019473583e-25,14077997828457492e-26,0.9999995239777735,6325630480268534e-25,4714170484715684e-22,15006923654493674e-26,12535496051102092e-26
2155078378431805e-24,7666053738176207e-26,14237263783286943e-26,7524920481867931e-25,13223210819807173e-26,0.9999996366781562,604235470019033e-24,35919660885288236e-23,14748881353174564e-26,11427309652680047e-26
31872870388242625e-25,12076999843156111e-26,21989795507845994e-26,10148680587574586e-25,20578078293281787e-26,0.9999993782494487,9887064866372571e-25,6156329671629394e-22,19999735608539712e-26,18011554651897425e-26
1961644248257059e-24,6859905658394929e-26,12894631361644225e-26,6435337063077912e-25,11940469640995861e-26,0.9999996158571782,5739815766959402e-25,3804111703911725e-22,13262443595657297e-26,10388632622566154e-26
17956000969422858e-25,53689708861023884e-27,10309289567447644e-26,530967557921586e-24,9487537446540647e-26,0.9999997519209687,5056682267542235e-25,24481110137940237e-23,10403718310071332e-26,7988139117796246e-26
17200681614382259e-25,5009545499442781e-26,954205111519582e-25,5051972251378147e-25,8816567103887827e-26,0.9999997843261703,4776256426588542e-25,21257054251286898e-23,9341739262210224e-26,7431167450683013e-26
2832930498864035e-24,8386211891792243e-26,15784391096099286e-26,7944100832956425e-25,15432914823399828e-26,0.999999650954873,9472634318949249e-25,34382580726767963e-23,12401535028827748e-26,12438445996735305e-26
198410618672936e-23,5843403066898103e-26,11066673995034297e-26,6333848566692243e-25,10205252287146602e-26,0.9999997527712101,5751269654672351e-25,2435576877128466e-22,12491486548077386e-26,8197155061102051e-26
9519793671490378e-25,38183618631185917e-27,7236678490608292e-26,27554732599240365e-26,6703209620465014e-26,0.9999998919082861,26758365306387104e-26,10592819898599992e-23,4319184585499126e-25,5877882909339292e-26
3083010236878023e-25,12760800469472102e-26,22842566956099263e-26,43053734588368093e-26,20382768000356744e-26,0.9999999579588037,692609822112358e-24,3810441897098047e-23,17758992544934703e-25,169582414133618e-24
2376653817840177e-25,26505504601918022e-27,4864522166979643e-26,1260848817267963e-25,44685313711597313e-27,0.9999999685956802,16860787518419032e-26,3047766988664555e-23,23880938111818167e-26,35892560428813605e-27
13484638384456308e-26,2317402479473269e-26,3987646630995005e-26,11036410051070445e-26,38232559030236454e-27,0.9999999806343796,14103907026623124e-26,18680618919645208e-24,1663725525143165e-25,31155803633429735e-27
47643222070629435e-25,13817168016846333e-26,2637555899931249e-25,15356170283882625e-25,2358456661341477e-25,0.9999995253928424,1240831129370897e-24,4660279137551987e-22,20527018553233178e-26,19508129489836754e-26
7840790533171188e-25,35707689668437547e-27,7158296165727142e-26,33066776183996505e-26,6447349725725301e-26,0.9999999185710085,27157481492562506e-26,7949429960690592e-23,32135845374839023e-26,55165479586231026e-27
485143570507609e-24,32896093083784165e-27,6146468253696139e-26,26958926045148175e-26,5615129896805266e-26,0.9999999789106359,23701705973443047e-26,1959075907320248e-23,3075287225410405e-25,4900830590069407e-26
41678832355309913e-26,3339302862128268e-26,43691756557766206e-27,107603111274611e-24,52785244730027035e-27,0.9999999919678076,21194022438648708e-26,7114855428427378e-24,9404306563243615e-27,4209118386197286e-26
9630847395553754e-26,21679276981157555e-27,32940971930414856e-27,9717844366134913e-26,34785004259021083e-27,0.9999999967431223,13367296835617262e-26,2642605410053207e-24,16991442438398743e-26,27897697762243804e-27
271391897963063e-24,3252246021854512e-26,54644430018281715e-27,18527151830754772e-26,5423707728684797e-26,0.9999999888211917,20570528431260952e-26,9983623210977866e-24,34635861872540953e-26,4503168585655821e-26
2035073874153285e-25,27864363202748698e-27,46382214835907456e-27,1509960391073709e-25,4575341692801759e-26,0.9999999940075762,18173049929418514e-26,501437186152875e-23,28328021080167975e-26,3858229420019573e-26
17753963163250314e-25,6701628660866987e-26,12606344452549453e-26,6003053148050022e-25,11419915830549395e-26,0.9999999336229763,5850905330060075e-25,6289593011902236e-23,11755228387559418e-26,9581703439075836e-26
934319832772462e-24,52501411263003885e-27,9585378841837123e-26,3030560800155032e-25,9718830460934829e-26,0.9999999405432987,4348105965278436e-25,5737283817507451e-23,8287975646499781e-26,8269043218299548e-26
14837260326855392e-25,6297760492408054e-26,11362293117170301e-26,4920231897644935e-25,10109908329379218e-26,0.9999999705128995,494969431891116e-24,26555171859568972e-24,9720139424589652e-26,8615142048311305e-26
13408816767554933e-25,592082224734856e-25,10826848532644448e-26,4262749445367914e-25,9774855884107986e-26,0.9999999534873594,42872930033064954e-26,4390333467088109e-23,6102201866139783e-26,873474368366795e-25
16987983076599907e-25,6382920106007394e-26,1179292196905504e-25,6449315455994005e-25,10589705267793629e-26,0.9999999261059872,509801356443932e-24,7059584137543179e-23,62504302706045e-24,9476456503349483e-26
1981555403324183e-24,557821852340407e-25,11639441444976889e-26,6742577057602581e-25,9694343701506847e-26,0.9999999559339484,4759681496885068e-25,4046915440470754e-23,10840958378969218e-26,8764136307591686e-26
16934920747290557e-25,5043312712134744e-26,10608896207846983e-26,6365320403323805e-25,8596214687445783e-26,0.9999999679872813,4200994758384601e-25,28847055328979306e-24,927160343548582e-25,8047018138694174e-26
106900149584392e-23,3068087789060752e-26,6526566854541593e-26,4398708925334483e-25,5208076419349389e-26,0.9999999790471865,25502693021652845e-26,18926961759386635e-24,6614644858521078e-26,4773993396848386e-26
11651077046060947e-25,3262923090720111e-26,7001331605474412e-26,5212147765975461e-25,5630716366479819e-26,0.9999999731788933,2733113056459927e-25,24586518867779516e-24,6572002415634358e-26,51003422857002984e-27
13433185833351593e-25,41759052945386934e-27,8989739579910093e-26,5846571185695377e-25,7551361620226105e-26,0.9999999675489724,3338755718914409e-25,2983700528620638e-23,8078432857165296e-26,6431459384922313e-26
19209038454603864e-27,26461480845564058e-27,37061740395455705e-27,586289740548116e-25,42304092540106866e-27,0.9999999975418561,16251581942532156e-26,20645764673782297e-25,11810564137910694e-27,35722866430799586e-27
26079120543059794e-26,2788068882274248e-26,4928536041129226e-26,20482241099086808e-26,4893195612607844e-26,0.9999999966568371,16008942360722972e-26,22901498413494336e-25,2615920611761224e-25,39580822282769434e-27
31245535765505746e-26,28453626650226693e-27,5183892508291478e-26,21709138699472044e-26,4855499546189045e-26,0.9999999965349613,1552660727703325e-25,22829242960097745e-25,327042188173729e-24,4139962396693265e-26
7937083424370306e-25,5591568186268752e-26,10649243591468045e-26,46382834138711487e-26,871867669503629e-25,0.9999999883883466,2733221287252614e-25,9200142142575526e-24,5507194776276887e-25,8027847641242056e-26
12335646232298635e-27,10850974826835685e-27,1596161079952595e-26,5288241712582519e-26,16402242836536515e-27,0.9999999991357602,4568434607461225e-26,6567904491743599e-25,3961695038486781e-26,1363423721473428e-26
7578048087986629e-26,5492724772174484e-26,9620036601004622e-26,23210294316016138e-26,8445411287940096e-26,0.9999999966162095,20434822560372405e-26,1892715949896928e-24,6685826652957681e-25,7471028560349011e-26
7963574959280669e-26,5586754737442944e-26,9727217129252645e-26,2453828645079218e-25,8641649700610135e-26,0.999999996376497,21095992972132917e-26,20726667341413142e-25,699068227870776e-24,7621649529056554e-26
6018729474348082e-26,4651830682999537e-26,8161592204438463e-26,2099588081589387e-25,7314765664933344e-26,0.9999999968097132,18553431609146903e-26,20149339724266488e-25,4554314062275122e-25,6295882966337567e-26
23315216242013377e-27,10047547397611583e-27,15635618188949747e-27,4688327318916777e-26,1733923480885975e-26,0.9999999747232013,4248711517574474e-26,2507368740096638e-23,36152837593070704e-27,11459605345485463e-27
11550580656027327e-26,17483668583393366e-27,29785554994163796e-27,11194097571402363e-26,33051129318321295e-27,0.9999999766972026,9972795369035932e-26,22791715087042712e-24,8506494598204738e-26,20250226210300663e-27
11667138228439354e-26,1568924823568355e-26,27605144235277984e-27,10543407566170885e-26,2962193371648041e-26,0.999999981165212,9432845562908691e-26,18345141196694992e-24,8142780675662427e-26,1853619369488903e-26
468158356553341e-24,21205631837243315e-27,4000994045405037e-26,1955829814618354e-25,3960319578676361e-26,0.9999997947378985,12943370536646704e-26,2040117947848103e-22,32818070021838826e-26,2936383485867138e-26
27216808405688518e-25,9628744891425574e-26,181457130762716e-24,8987000389233719e-25,17371699923139416e-26,0.9999994232054822,5934292818393632e-25,5712812113628912e-22,7270329092629293e-25,12053383142834001e-26
16484053993853435e-25,7124135903233419e-26,129282460278541e-24,5304306197603874e-25,1252112082359389e-25,0.9999993876776229,3993989243910621e-25,6087549508334217e-22,5716652698764161e-25,9031146639381203e-26
10744888017094197e-25,5823852271834298e-26,10281991797363972e-26,38023332775352137e-26,996003854193837e-25,0.9999993678298383,29241530273121727e-26,6296198634010578e-22,4701115002015833e-25,7262143350473348e-26
5233962446869795e-26,12161276730504434e-27,21291958991447057e-27,46307221468123414e-27,22903373439861238e-27,0.999999895684301,5698119441931866e-26,1040233889767416e-22,6844652600168651e-26,1391804203367541e-26
1235191019812039e-26,26586331301222345e-28,3852912362601686e-27,7173629979586972e-27,39720085120588535e-28,0.9999999474898176,6442162417742378e-27,5246578573680272e-23,4779810966166519e-27,3288139118482896e-27
5262089456171939e-25,7497488642723036e-26,11049197671726248e-26,22614950365323357e-26,11980146179189663e-26,0.999997021732149,26118143513794245e-26,29767340297250194e-22,12292579744885418e-26,8978116446297133e-26
40991015584072916e-26,28809882035053987e-27,3942111867797453e-26,10696284580217956e-26,51440676790203275e-27,0.9999994079325341,1801458251798801e-25,5911936062612095e-22,28224398527264354e-27,2954407269412461e-26
19426422057399688e-27,36619111518474295e-28,5330517072561993e-27,10562788386554694e-27,56078820198872226e-28,0.9999999424885053,903177717867123e-26,57445733928974817e-24,6738512113786624e-27,4511745691056189e-27
7157173614962189e-25,645766765517372e-25,10976585895391983e-26,38832885689895084e-26,1196036411949404e-25,0.999998352019422,36440904857986287e-26,1645893592848826e-21,2458713651225806e-25,7696413455985248e-26
944970029274398e-26,1918998629021854e-27,2784153806921215e-27,5730231127333348e-27,29633524363246116e-28,0.9999999685595354,4829949776644238e-27,31407039823297304e-24,348182596088891e-26,23901020285025663e-28
6485222784526894e-27,13636985839577601e-28,1997893159336893e-27,4184184675080682e-27,2116516033510767e-27,0.9999999438258033,3420102033912133e-27,56152406555097764e-24,24370795740821778e-28,17205708159513847e-28
11989680978270235e-25,2481658682281026e-25,3626536352223521e-25,7673007712937364e-25,38150788241906925e-26,0.9902456737919447,6356216996881804e-25,0.009754321852902606,4486847749929193e-25,3134660717596091e-25
25161107759997378e-28,35562857729076514e-29,528975618789717e-27,1381633827522408e-27,5549256883372121e-28,0.969890908772711,10867581643151433e-28,0.03010909122001304,640157596645013e-27,45235813648271086e-29
5557378162754092e-26,10836039136504601e-27,1590996652218085e-26,3807737205173853e-26,16789923982360114e-27,0.9816302251007475,28188231924634678e-27,0.018369774699709567,1976202807683954e-26,13934267718126896e-27
13222687836496725e-27,24491599077125783e-28,3592205068632415e-27,8564549389534553e-27,3840940912862435e-27,0.9719185615813424,6542937098973307e-27,0.028081438374078387,44285802858927706e-28,3058331472999614e-27
36374649482693583e-26,18987640803799343e-27,3929246447417281e-26,23397548415636253e-26,39201317679855954e-27,0.934442127610266,1159951510326445e-25,0.06555787151268341,40040547979513694e-27,25874717584609064e-27
540928070370855e-24,305655335759536e-25,6077684001781595e-26,3097852687828077e-25,719821594523515e-25,0.9374079728244402,23756399930701035e-26,0.06259202586359879,19439569300283206e-27,40128256476612134e-27
4404180058879052e-25,8107805322917447e-26,15359621717413524e-26,4474920155518134e-25,16712809978284822e-26,0.9325413942318242,3510519456249244e-25,0.06745860327534335,7314899454916075e-25,12057984220941125e-26
31896466190793177e-26,12160241197793056e-27,26313298490039057e-27,1899399101979959e-25,2587985503537235e-26,0.9302033805164095,8423249490967594e-26,0.06979661877634988,3186748491376692e-26,17543417445655846e-27
19510506021386763e-26,26007680582216478e-27,4105131770943557e-26,13704326638786415e-26,4702685506965776e-26,0.7610267768677985,7323247989434786e-26,0.23897322253582867,4349690137501164e-26,33407533589079176e-27
16352225892835785e-26,2118449834766331e-26,3365498299596777e-26,1160197840515369e-25,385052324490761e-25,0.7665729754277868,6264864000794649e-26,0.2334270240744335,34896707385639766e-27,2734596788868404e-26
7223371132845906e-24,6884032621436589e-25,103060669608051e-23,4820550764320704e-24,11768440707885248e-25,0.7971812294185247,2150846307143407e-24,0.2028187515362197,1079396763448879e-24,8752352325949216e-25
9106260780864131e-25,21900219632149964e-26,33487820361579927e-26,8100365667073279e-25,40208688916896685e-26,0.7937895351100706,5270803450723688e-25,0.20621046092603293,4693349480297433e-25,29085174564757985e-26
5249012201186746e-25,40304089060892514e-27,837935839140222e-25,479216292808059e-24,9786296478217448e-26,0.7936426252211826,1699396658331575e-25,0.20635737311827063,20059991605241646e-26,6392512950306761e-26
6595042246873284e-25,14485040135151065e-26,22558755351373853e-26,5893269632580171e-25,26907174360950195e-26,0.78785013394573,35742855024377543e-26,0.21214986312347608,4894063285572254e-25,1956199652822974e-25
12635866511090237e-25,9594438789039656e-26,2802204724019457e-25,10504115830500766e-25,4081945407765556e-25,0.7730371757917028,7863225263711172e-25,0.2269628200504301,1316265998164607e-25,14158592248767517e-26
491975602290731e-24,4986052329368887e-26,9176532421686023e-26,3704175617361904e-25,12019263484092144e-26,0.8531351552967383,15220581644647177e-26,0.14686484292917326,42119174484542873e-26,7647932538900667e-26
3461964392020207e-25,890873588206172e-25,13729281930549352e-26,2375672402882493e-25,17639470473920623e-26,0.7472320377879742,2096591269722195e-25,0.2527679605415203,3536945445389404e-25,12061268877178666e-26
2156745221368069e-24,2681956085547197e-25,5128496425041098e-25,1369284493209292e-24,6679462239636082e-25,0.8478639758173881,1028128580929127e-24,0.15213601695879023,8418410511260875e-25,37881814012221266e-26
2467774732114128e-24,2376977239611088e-25,5098362393058695e-25,2250481217868541e-24,7255470223662471e-25,0.8358760868606352,8597284410357544e-25,0.16412390550013095,2374055700842937e-25,35074360261864726e-26
3826756036241722e-24,4095353849627704e-25,9268273570403495e-25,20996326470935654e-25,11492314130855335e-25,0.792115726894531,16017797685355582e-25,0.20788426124033108,10955468975919563e-25,7558298206117012e-25
4137607954096467e-24,34829773564023073e-26,7617527777170033e-25,18748090791736152e-25,951538958433667e-24,0.7918879916323913,13225165500972593e-25,0.20811199797320712,3854982041294877e-25,6123769761162585e-25
28961372061535767e-25,3900578192773132e-25,8839316208651919e-25,15436137542385884e-25,1082544199325574e-24,0.740990056286461,1296174576406562e-24,0.2590099341900854,6706889362496042e-25,7603082541624807e-25
36606556287580986e-25,4550983540380835e-25,10667346131633117e-25,2002552626456438e-24,13369658074551877e-25,0.7331675394595517,16033550958210091e-25,0.26683244869993744,8063649666669056e-25,9087811678645547e-25
24709547168522485e-25,2898929611817227e-25,5939035410657011e-25,12165101295798799e-25,7460323531464311e-25,0.7284547809248181,9271458589191093e-25,0.271545211921338,38155238443907845e-26,5278496558035385e-25
32078671349610925e-25,2974954379524435e-25,7742763991345457e-25,17793422032738736e-25,10629251746746726e-25,0.7216704515911055,13908485126426073e-25,0.27832953833811586,9384482518578171e-25,6195788232809109e-25
14821986848180241e-25,15740481877465143e-26,43193536034789755e-26,8706106061216262e-25,6589737096421869e-25,0.7306464805450795,9267897105545369e-25,0.26935351429790155,35979361306971384e-26,2692808400421139e-25
1617368313811687e-24,5048958301767245e-25,8036819230135293e-25,1176329662253881e-24,10353649977105837e-25,0.7481636110155113,11540282932351834e-25,0.25183638109136564,853088052400304e-24,7483673932911818e-25
2117369645010824e-23,3396679270832231e-24,6321817120971108e-24,10350164375166224e-24,8103225471705649e-24,0.8160351316069068,91303669200889e-22,0.1839648004632197,4749511403090442e-24,4704411918835538e-24
4530448801616075e-24,24012733567202603e-26,616502611257485e-24,18222879880074372e-25,7519417664285834e-25,0.7115111917445787,11312164608256388e-25,0.28848879852634135,28117569237050467e-26,35534033495541375e-26
50857470437473546e-24,6725901569938401e-24,13231534693000448e-24,22579414452999096e-24,1745232638991801e-23,0.6715635139316068,19659919435394883e-24,0.32843633683396556,8282409890459866e-24,10445450637362253e-24
23126548053433768e-26,4231157930685813e-26,781836943134767e-25,10749666628574598e-26,10462941092504266e-26,0.5149382724956781,11611681365586176e-26,0.4850617266626309,10185485670668524e-26,598323689719749e-25
15023592779942599e-26,2161589113918208e-26,4436191976532701e-26,7336149777504176e-26,55212492370314065e-27,0.4876882643267333,5976840992186358e-26,0.5123117351158912,11436238121291477e-26,3845577062897886e-26
8125597374248034e-23,7831627975998756e-24,165894513510113e-22,228926831465128e-22,2435866698927658e-23,0.4908303554525506,27625914808446935e-24,0.5091694355292797,14677453952805675e-24,13786399029587241e-24
7783011350647019e-25,13501865808860495e-26,23791781744841525e-26,30107514456302565e-26,3602455068606761e-25,0.5116131911923644,3823642782945739e-25,0.48838680604716855,37127926707020096e-26,19426493864717658e-26
8934458735942217e-25,1703211144694557e-25,29107176785672916e-26,3686288292835937e-25,43485025185518225e-26,0.5226900176910563,4607485082208573e-25,0.477309978971753,4739851548054001e-25,24413953087293706e-26
15940314874844439e-26,19183792653056486e-27,3887772593612057e-26,6154814242745178e-26,51213175416300694e-27,0.4355263649163611,6153602531011127e-26,0.5644736346219615,37037804411503777e-27,32873449374648717e-27
29999403710621106e-26,53264414928428444e-27,10345501373189288e-26,13302465522240118e-26,18666370257220406e-26,0.30161665022345924,2599956447394628e-25,0.6983833485349629,11011821262663869e-26,9506049944423067e-26
25485955449644147e-26,4647373489467531e-26,8919143765722454e-26,11625851894125681e-26,18009152380077548e-26,0.2921275228441804,19781682739192898e-26,0.7078724760947902,9342482338885577e-26,829123248329864e-25
25911990970527735e-26,4772235446447112e-26,911957202402198e-25,12305029168011338e-26,1723629385328063e-25,0.2927153229533134,18284114540142878e-26,0.7072846759885466,9669737935527162e-26,8514779174667307e-26
26385835477434106e-26,52507729422707086e-27,9772562089127898e-26,13494219626868184e-26,18807864560599107e-26,0.3085319562247865,19244614493301107e-26,0.6914680426435416,10744302615670794e-26,9467070380097324e-26
12063994428996938e-26,3448414029551594e-26,5471124235673174e-26,7657123231742406e-26,7733524762772689e-26,0.26465546360391934,8454329647816427e-26,0.7353445358167576,8336088269315777e-26,4767719625474509e-26
2042700077189649e-23,8909058548583e-21,22914077556401164e-24,22792879993460878e-24,5686868513051257e-23,0.26967076176973215,4563788048749027e-23,0.7303290041292945,3064078468059452e-23,2591060871537335e-23
24928397414575126e-26,7144058244036316e-26,11070383053500113e-26,14765847052098802e-26,15352564285471078e-26,0.2373515724365932,17264695939729384e-26,0.762648426374826,18363339857955327e-26,9968835343374228e-26
310646556152268e-24,26418501967422408e-27,58050476041658915e-27,8332961034109667e-26,1297704784199285e-25,0.24092369559717078,15848345917180605e-26,0.7590763034936274,5607369785841325e-26,8642414343566856e-26
4334468580278244e-25,38524967573293755e-27,87282720540618e-24,149036799135491e-24,16310552350091096e-26,0.23302307765850752,18195682864707174e-26,0.766976921058553,12155482895647355e-26,1080287840343858e-25
6669986155517474e-25,6509954453579778e-26,14250378830704452e-26,25804781626047306e-26,2260425614226861e-25,0.27036594164311234,23206289844742117e-26,0.7296340563892062,2325106800898956e-25,14441616662193588e-26
42180844865550704e-24,4948735008961154e-24,1071404742768063e-23,24330994047534827e-24,13597004679316667e-24,0.2802178740451092,1381822595773934e-23,0.719781961463963,4139003795264742e-23,13511039252110432e-24
5607524839008789e-23,7022467360873826e-24,14364614636183957e-24,3198185513851199e-23,19153849065918637e-24,0.2736466682411637,19344134487795383e-24,0.72635310693747,5874210414675233e-23,1813708333785551e-23
5597899168417851e-23,6878748590650735e-24,13723918890441647e-24,29474375387133914e-24,19253016870818856e-24,0.28124467894937794,19187757309075786e-24,0.7187551018011773,5719447442012787e-23,1755815639888916e-23
4930828719383824e-23,6116932792425512e-24,12350453461245879e-24,2764704712363436e-23,16384767571613037e-24,0.2930745313220968,1974257608101721e-23,0.7069252548562756,6547892210791661e-23,167926444179646e-22
5999773275604005e-23,6499252841877157e-24,13195159015796613e-24,3093716150117618e-23,177622488985067e-22,0.27479088744220453,22333885844735582e-24,0.7252088984987899,4537371988879074e-23,17959847962641795e-24
5730753218735094e-23,5955262348252963e-24,12285611762456304e-24,28895257585195787e-24,16420601145118767e-24,0.27285513998552074,2168026104308529e-23,0.7271446550493015,4536059941296306e-23,17060057205763216e-24
4626975472479239e-23,4212385043604078e-24,9002943635850398e-24,23479370592752277e-24,12031684836678936e-24,0.26632477026091844,16590828593498573e-24,0.7336750720147405,3282617425543122e-23,13311204384353351e-24
4223800376518124e-23,3551124952161812e-24,7653152205748852e-24,1975525446346056e-23,9965983565729227e-24,0.2609764960028944,1456022598444502e-23,0.7390233699031284,254995926930883e-22,10870634987903448e-24
4365282767481015e-23,4163980214365411e-24,867599028370917e-23,20375941714824588e-24,11483288588498666e-24,0.25766122669024977,16214397998517246e-24,0.7423386295618852,2737034550956416e-23,11811093976103618e-24
4627226173562473e-23,3750942214246359e-24,835026737203709e-23,2021431919922635e-23,11475086073044696e-24,0.2484415459357909,14021828867860054e-24,0.7515583182326607,20798493844092896e-24,10948367925357001e-24
718072750160041e-22,533384419340481e-23,1178110401677322e-23,31702179388007684e-24,15150821119344825e-24,0.2758645763679114,21085756409634718e-24,0.7241352305641171,20724383134491965e-24,15482605714149635e-24
5910005905846132e-23,4853584229140468e-24,10529674887904933e-24,28961083730080048e-24,14702757547756826e-24,0.28133811191292074,1927634469323835e-23,0.7186617154256186,21763936006780256e-24,13474013622447966e-24
5945534991578598e-23,4888813114309485e-24,10461397774776852e-24,2840068417878156e-23,15026530624197176e-24,0.2590863454611229,19148321653778e-21,0.7409134822652214,2292478678296225e-23,1196777583986056e-23
6558784548393545e-23,556456264620974e-23,11961732922672611e-24,32874884667508044e-24,17213251199355157e-24,0.2548911715420903,21058813280183385e-24,0.7451086366922506,2419508691189081e-23,13309487609175772e-24
10210431167310297e-23,11741482427108622e-24,22819396166390187e-24,6024644799848128e-23,31595557883961554e-24,0.22033006741657316,3698039654716095e-23,0.7796696102158142,32518177137486464e-24,2436184349119437e-23
9938449046943515e-23,10389403736283221e-24,201086875770164e-22,56274207504575424e-24,28033994931985584e-24,0.22600148503246487,34670433542188914e-24,0.7739982110172937,3306470206287466e-23,22024314999158655e-24
11582295987340602e-23,12033830692861899e-24,23082092069447488e-24,6161036862061762e-23,31803410285519006e-24,0.2538771722118964,38686829525339247e-24,0.7461224853533419,3441054525213619e-23,249847404720844e-22
10688061874926932e-23,10527677561460078e-24,2009776784327151e-23,4941577836435465e-23,27805207202358487e-24,0.13569038514265128,3703026962346204e-23,0.8643092814401256,596406207868252e-22,22019275140059927e-24
10025962457386859e-23,14016905157395464e-24,27509947116889216e-24,5857787583461769e-23,3792833927653126e-23,0.14145339716771563,54242640230089415e-24,0.8585462273425436,5293433324484744e-23,3002008107763846e-23
11775970702181132e-23,11231809890547875e-24,2218752053218863e-23,53049244965804184e-24,3048012470612701e-23,0.12936393433128843,43502801571254804e-24,0.8706356998455166,6369076142594982e-23,23921240246377985e-24
11619203510231698e-23,11023434334947157e-24,21683466093170685e-24,5265264759245535e-23,2981446114061984e-23,0.12887659843956825,42230263827987586e-24,0.871123041526285,6270274898100002e-23,2373508788213827e-23
12325561534793202e-26,11988159670048874e-27,2265974518620388e-26,54639326138832666e-27,32384948828860825e-27,0.12040472666815735,4408106618585196e-26,0.8795952729406663,775291446365337e-25,24627057063782763e-27
1167211372854602e-25,11625228997101247e-27,21568813850093512e-27,4694086243970515e-26,30959978684292764e-27,0.11550264373017337,41419381174095594e-27,0.8844973558908082,862671298165623e-25,23523309378869507e-27
13332192468139268e-26,1359380933615538e-26,24413929812475644e-27,46650657574025605e-27,36514299627146606e-27,0.09633016430453013,507746585456992e-25,0.903669835251056,11305858338168547e-26,26085330803094583e-27
6972777585754848e-23,7044127534699935e-24,12916540536037726e-24,2408723934619063e-23,18950741087837924e-24,0.1074401955561087,23359620879754174e-24,0.8925595679693367,6655525572320957e-23,13833265750161224e-24
5649551992764972e-23,6294835597944004e-24,989470160523707e-23,1594458459843824e-23,15980156279437504e-24,0.11168933812069098,23356732225279876e-24,0.8883104688619905,5367236416241392e-23,11378462693804286e-24
3788554007435026e-23,476824502894602e-23,7701721282957966e-24,13748222883537625e-24,10561161543341911e-24,0.1480495590679851,1401116256914711e-23,0.8519503134348213,28416274943404322e-24,10404860149359215e-24
10806903760572935e-24,2921502540198218e-24,405300500056983e-23,4792616127426527e-24,5500474466636405e-24,0.13760148983714446,711006516969033e-23,0.862398465681374,57189077192187195e-25,35780219201503176e-25
299119560154816e-22,4051701448405302e-24,567298821573705e-23,10098634078492716e-24,859296542141979e-23,0.14375900106663209,10567687998718782e-24,0.8562408809545896,4137968260628266e-23,7703169874180294e-24
11253852392740935e-25,3168299217881073e-25,4206362143083698e-25,5024394344365672e-25,5964567722598205e-25,0.16055455499467272,7813627540040133e-25,0.8394454402166502,65901442818785e-23,38652696634947045e-26
7797508976441555e-25,2146681666253003e-25,2821135028393285e-25,33505617974081456e-26,40497504028015223e-26,0.17911623205979377,5440758533406537e-25,0.8208837646513466,4672273777492368e-25,2609781829395082e-25
3521898095279403e-25,969603572644814e-25,1239856557947859e-25,14476652696165876e-26,17777238452734638e-26,0.17011771936069578,23718719583946714e-26,0.8298822791597349,22629604701648574e-26,12041326980575921e-26
3952382208403661e-23,4773885981419955e-24,63767324462888225e-25,11916898992486761e-24,9017845259112847e-24,0.16577772080711806,12096579277943187e-24,0.8342221536465291,3135522606400457e-23,10485369798646335e-24
1236925080495356e-25,45399428276781275e-27,1307509601072569e-25,19413933942993408e-26,5938537023358591e-26,0.15907738346464548,12371402230855012e-26,0.8409226157280854,23319350007214953e-27,10686708273560876e-26
14885332572898947e-26,5169965896898664e-26,8974778951218657e-26,13196503202852053e-26,82075100669133e-24,0.09617771752273287,1442710528088013e-25,0.9038222810855924,6445267935098936e-25,9853996166265662e-26
1609693874205759e-25,24519858651320953e-27,3333804117074534e-26,51340399222327593e-27,4750189753161662e-26,0.17783470298387746,6405388379167515e-26,0.8221652964858737,10729529580557947e-26,41224383701691605e-27
21079092904944355e-26,33058539822557646e-27,40639235492889894e-27,6134600989454309e-26,6223832491042039e-26,0.17093826485459004,9456311768869496e-26,0.8290617345181426,7691093657478402e-26,4771653962621808e-26
2538604837561893e-25,4707756443437138e-26,49917694677576e-24,7377575659931821e-26,7249741963379703e-26,0.16533517168704354,14890842031312751e-26,0.8346648274905017,11287176341963515e-26,6354327185495075e-26
22879826500025767e-26,3823707079092747e-26,4332274013772034e-26,6643613831449531e-26,608656679725907e-25,0.1952421643182621,11826931978638202e-26,0.8047578349788488,9191395766468419e-26,5504455924936042e-26
2614318003438008e-25,3790577039009629e-26,43273352349363065e-27,7262025841314161e-26,5898463901457007e-26,0.19797150294639138,11995060764378291e-26,0.8020284963150841,8948126546885738e-26,54877009846047136e-27
945313837871927e-24,771355837940431e-25,8830792924870027e-26,23882893386391567e-26,1331045189870474e-25,0.3322907174217516,4191953586982979e-25,0.6677092803371156,19968343540186882e-26,13953657864439845e-26
7993991281940211e-25,765506348775897e-25,9964342778123068e-26,22424467149939335e-26,1589171402368666e-25,0.25486791670529996,4111111639656823e-25,0.7451320811702375,2249647876497767e-25,12961653218806324e-26
18012111661696207e-25,12335423785913706e-26,158591594017621e-24,3966482311174085e-25,2530014021791305e-25,0.23330541723003895,5624896806492582e-25,0.7666945789135723,35968476722013495e-26,20140386114603147e-26
28698785608009083e-25,17717151548529016e-26,2467465241843711e-25,6482019513706272e-25,3925554181206772e-25,0.24307690385516004,9546023732107173e-25,0.7569230900161061,5662332101741813e-25,27333442519026745e-26
2120974247911341e-24,140785505770922e-24,19545016915088418e-26,4929896611778688e-25,31213971509779404e-26,0.24178102487932623,7492155658048654e-25,0.7582189703690597,521550039400333e-24,21852108316247003e-26
4536702233593933e-24,18285268151673485e-26,25523710345067584e-26,9323450377322513e-25,43546094851274193e-26,0.2825780280999708,1094168561103587e-24,0.7174219635732318,5661859037120899e-25,3238562526446072e-25
155960981794345e-22,2669633223889562e-25,3928317155711022e-25,17468279128914769e-25,6476646187006787e-25,0.2757099295061621,23496391590867224e-25,0.7242900481931184,7662370880045426e-25,5344493145126562e-25
18716360550223963e-24,3763922933464226e-25,5642898701913165e-25,27931391683223457e-25,9009845446813903e-25,0.2563603063880363,29219853805818242e-25,0.7436396657139914,9127599816420974e-25,7120514531251937e-25
22704739773537374e-24,3588473022970433e-25,5807619655645238e-25,6318988570954866e-24,9498699638056568e-25,0.28309692570299005,2129552917350466e-24,0.7169030394120035,10794289883493926e-25,762872011140748e-24
2543062061907129e-23,27248920250475564e-26,4197608538181728e-25,6043475851552845e-24,688417888866416e-24,0.30114795655097953,20208443744228943e-25,0.6988520071551451,8381053140714961e-25,5801920667911224e-25
50324219333103126e-24,4985783542569955e-25,8263295174053426e-25,1548964473554542e-23,14322624052282884e-25,0.2795926154645767,31356676726582172e-25,0.7204073106598214,11311427055276557e-25,10377136586731199e-25
5977239352647131e-23,5448185380488078e-25,9087651008962462e-25,19357594064636776e-24,16536038100696585e-25,0.2791486591294692,33850742058882106e-25,0.7208512529662091,11400909607937421e-25,11419668460025618e-25
5132440191735981e-23,12936702339234116e-27,2625312125161371e-26,1890589240859301e-24,65802148388722e-24,0.2737734919424514,9402165783764862e-26,0.7262264546031034,190041216008923e-25,2019950159652298e-26
8062763256993348e-22,28615171876164528e-27,46854114115250404e-27,6888528571040525e-25,11658003270751745e-26,0.28354631318768286,1286406286436785e-25,0.7164528794585144,3653030021887214e-26,303096527397978e-25
812454440058673e-20,24124484343922807e-26,38710922780636825e-26,23418844177583364e-25,9668058398887152e-25,0.2738840787978488,10971082128925177e-25,0.726107791076313,30533710020859997e-26,24105464720168676e-26
0.02662060979429235,56003418177227585e-25,11580610129073689e-24,29207560582210334e-23,15710377449328915e-23,0.2562924694049408,3346446868576839e-23,0.7170864073346954,7572924606502182e-24,6068352856276755e-24
0.021159918272803908,32298920267558824e-27,5725497728153765e-26,17471650559520478e-24,4939990468784343e-25,0.2662365452389102,1175277824456601e-25,0.7126035182486317,3562388478149024e-26,31274754922781976e-27
0.004885009914351019,9886792906067285e-26,1906972321973401e-25,2401023124185219e-24,0.004702210778492123,0.29727312349767826,5044480931793227e-25,0.6931396524084955,9967803301156572e-26,10475399885545237e-26
0.08305628920086706,29125564584686203e-25,7730751558257571e-24,0.11436729367283706,544943337540045e-21,0.22025036921389335,9076880797259879e-24,0.5823254766169512,36660778886801313e-25,29658464210108302e-25
0.10228432888422541,6123913794045151e-25,1547906822526951e-24,0.13528954130564064,2902366300936807e-22,0.20076699595059133,9961464030291596e-25,0.561658839593265,392729183409054e-24,4804700978249978e-25
0.08546020036320354,9184398764435836e-25,2806524179087696e-24,0.2756688910108327,13726877130790945e-23,0.13572406058426462,2067275441420718e-24,0.5031467027320289,13106364625124425e-25,9380241710411468e-25
0.06747420376005421,609820113685474e-24,20116325680597462e-25,0.3030692517239048,24198181543649087e-23,0.1133895672864822,14347910125544643e-25,0.516066729845545,7561356815681132e-25,5898387374611239e-25
3423304385477132e-22,2928429324126686e-26,7624369729998214e-26,0.33660715397610813,3412045665042224e-24,0.14085856588035697,8264763292088914e-26,0.5225339341495174,2972561575066122e-26,34613745606337995e-27
0.07512467442387047,1950164779619484e-24,65007697916483015e-25,0.2933930369516763,28012964920081325e-23,0.08846621375817389,4518474228561293e-24,0.5430157734387153,604847673139706e-23,2280030943562951e-24
0.13763972874105654,6523127580851309e-25,20793825703057723e-25,0.28149811740011044,15515360751413525e-23,0.07026267496394578,11510495111420874e-25,0.5105993176999387,15591902618494433e-25,5994027660803833e-25
0.1381412080215566,12356264222842096e-25,4220296892941987e-24,0.2444527889651799,6351139870089729e-22,0.07992390750198433,22179400375187622e-25,0.5374814488388111,2758800407315743e-24,1125819699449101e-24
0.3873876472036891,5149803157794985e-24,19763200900041663e-24,0.3505197966269663,841559018031994e-22,15282448595877975e-22,3653021033665154e-23,0.26209087272137843,5929374870704642e-24,36746086621159956e-25
0.4311910622633064,10120250754276784e-25,32506825419662707e-25,0.24345595670639303,1105268276760647e-23,935704167331551e-22,7352020885683892e-24,0.32535286280092707,10458416022767678e-25,9457032216568717e-25
0.3945858154749565,12144667232859234e-25,37232721844981907e-25,0.26290258190178717,1634534221107831e-23,10711432349795637e-23,6265015221210539e-24,0.3425114654031797,13987830240573408e-25,1158876730162446e-24
0.392825850532384,10689446022615321e-25,30730657491413463e-25,0.2345973697267778,6994659401182127e-24,9351726021812626e-23,5272014519975679e-24,0.37257666727177635,14358351455200096e-25,1107283516158461e-24
0.4031214302082006,767121918126444e-24,22172685828020264e-25,0.2108161029606947,39310807312625326e-25,3363619192453936e-23,4116591704423171e-24,0.3860624200170003,12856020161612852e-25,8602474235579079e-25
0.392663667856964,6454717604691931e-25,16932810122165425e-25,0.20502933178984256,2665563139193065e-24,15644125269554095e-24,40330453237847695e-25,0.40230697397021625,9352611669438836e-25,7662294639880863e-25
0.36119252502588334,5912710130054372e-25,15160574801760573e-25,0.19879425560185604,2309790798548394e-24,54308771948650775e-25,3579768485746861e-24,0.4400132038321461,13131262562257675e-25,799223341963085e-24
0.4087179140683784,39262351396425637e-26,9497325053362595e-25,0.1603149149416032,12247102643989654e-25,2847315378943921e-24,4095225417246984e-24,0.43096715984027,10712548432560853e-25,5688862547481182e-25
0.40732946149112964,3609720518469304e-25,8964020700732253e-25,0.17625642205939832,10101022730235013e-25,35057650342904783e-25,4998709696698387e-24,0.4164141041772774,10316964830617885e-25,4685469033887536e-25
0.38728567178344625,15243441215921466e-26,37746006965586697e-26,0.17515609880686195,38296111692498566e-26,8949253926303539e-25,3193857274362758e-24,0.4375582238024878,40371338214604907e-26,2018522044723306e-25
0.37967416021883843,1555354656788039e-25,3866910429969609e-25,0.1821837781429561,37057586408955597e-26,8824590320287761e-25,2923569792218018e-24,0.4381420561793038,5393768412084038e-25,20069400342240358e-26
0.4410432788611,13969206136128846e-26,3548922433254513e-25,0.10790712833197975,34942322444021174e-26,12296643630063582e-25,26680917111521025e-25,0.45104958657100597,13159903152196578e-25,17816096477441284e-26
0.4719515364558135,28388810062050446e-27,12031731987857863e-26,0.08757531304405299,15488098985009166e-26,11073628877634385e-25,19520179922836356e-25,0.4404731462382531,8519546636582784e-25,4696013750365074e-26
0.4700605457835855,8159659456457944e-26,23023002760968716e-26,0.07245709543566078,26702534175596654e-26,10285809141962958e-25,18499242664807249e-25,0.4574823535583812,164804403927273e-23,11697244481258754e-26
0.46505374006613437,16005633202141063e-26,3858578782497336e-25,0.08437530473963344,3633719690035427e-25,15854089858960303e-25,23246910118851065e-25,0.4505709484358529,1725226889464414e-24,21376630997928252e-26
0.46261486178738187,15781693150086476e-26,3788370869756276e-25,0.09598893443808634,37984646547140657e-26,13042795241100656e-25,16217486458440414e-25,0.4413961977126554,2011672978403166e-24,20767482833962871e-26
0.440088974393769,25956751339977424e-24,6464152369969405e-23,0.10417360164830762,660449925873227e-22,35692652486951865e-23,316724734142265e-21,0.45573603380770045,5233640050139658e-22,36491689400037465e-24
0.5107133842187397,46049488355826103e-26,12019062048449024e-25,0.09099872194057788,13295833551897979e-25,29695022239552084e-24,6638124219511031e-24,0.3982875559999376,29779292869240687e-23,7227253347557607e-25
0.5046008692794799,2160166957613398e-24,5240756594509692e-24,0.10174135681980136,618915291526772e-23,0.009391702977394105,1844259085762672e-23,0.38409184638557176,0.00017419002778241137,24777322312522093e-25
0.40954862621361704,3991696758083096e-25,8319066627764282e-25,0.21685700096443233,9995817299546755e-25,7388042920150827e-23,0.07711673096300432,0.2713181950646721,0.025159370163111167,5200397279407513e-25
0.3957733604824278,29483550231042916e-28,6343985530880641e-27,0.2043951982142498,70893537067330175e-28,20749175456974936e-27,0.13304183888556054,0.25146604901521025,0.015323553361712648,36057107663515416e-28
0.44123823276464447,37741996162977887e-26,8277669778667262e-25,0.22415333179420893,8739518192479934e-25,35686403460436624e-25,0.060853963510501076,0.27372788955759214,2657620453675215e-20,5199483562436114e-25
0.4417937198664705,1723332202222834e-25,37868949126923e-23,0.227797318840308,3512597691791038e-25,13884095970598966e-25,0.02386348968255534,0.25868937547287196,0.04785609358244275,2648014036674975e-25
