6176027771520364e-25,40985118789743095e-27,6243767636317921e-26,39636241851748306e-26,5501728786126276e-26,0.9999997721097166,27825658117075555e-26,22629572683554164e-23,8266327049656564e-26,6004191853439674e-26
6651058600363037e-25,49893005997394386e-27,756003155080478e-25,4717785918987368e-25,6769576151179175e-26,0.9999997104736191,32080265292663737e-26,28769733679431646e-23,10580551118421966e-26,7370559847735254e-26
7453929466682317e-25,5975142151318656e-26,9053216738356726e-26,5560802106249037e-25,8091423419081632e-26,0.9999996296282164,36874338631059716e-26,3682538668455867e-22,1277646619352589e-25,8804793763914129e-26
8194570104073282e-25,6529538040212704e-26,9835313782984674e-26,5933574682226006e-25,8883894496201119e-26,0.9999995543389624,38799757646582123e-26,443381281031033e-21,13260715035043446e-26,9498192392456772e-26
12166729328021764e-25,7782863820170094e-26,12046600592587077e-26,8037948920715593e-25,1078946821104155e-25,0.9999994990789862,550070017764433e-24,4977750796076664e-22,15126132748993685e-26,11706860086634455e-26
24736259594087533e-25,38778198997205665e-26,5401660049450207e-25,16196346722354383e-25,5124192081739989e-25,0.9999925259215756,1390896612238203e-24,74658761280750155e-22,7255652321186291e-25,5519221691509808e-25
10738370661110442e-24,26906402553897337e-25,36388022805813286e-25,8314149820240554e-24,35048915201133316e-25,0.9999559480177501,7226448801451589e-24,4400733752873316e-20,47761914215820495e-25,375499178872294e-23
23043030618782936e-27,5765125036948188e-27,7838471885054889e-27,1798622424603534e-26,7526932764597968e-27,0.9999999065981879,15498073442883302e-27,9330548274366605e-23,10329602539748101e-27,8105776799319618e-27
25734457356239504e-25,3840561827017372e-25,5396907931473876e-25,18179267838970942e-25,5118824777336496e-25,0.9999923813693703,14162164560265397e-25,7610142808727025e-21,6868975337445279e-25,5583981653221852e-25
5628821007505053e-24,13080768984588152e-25,1792727916520289e-24,43105203485272684e-25,17300063129489553e-25,0.9999760607682379,35636436102696547e-25,2391676419963841e-20,2284129872301738e-24,18508311733152904e-25
6126003740814317e-24,14564379454120201e-25,1995213424520948e-24,4738774567365114e-24,19258111079471186e-25,0.9999737833236477,3925494407603362e-24,2619190641927366e-20,2541888622941174e-24,20596561636093254e-25
4844176857496201e-26,1111332700816075e-26,15425970220066948e-27,35506826304343127e-27,14559908261947806e-27,0.999999791810271,29583064216192e-24,20799960280350612e-23,1900914407420439e-26,16255561418206414e-27
4858831542787004e-25,11678853745078936e-26,16187439592243715e-26,3540302281081793e-25,1529724065299854e-25,0.9999919975368834,30397562071095026e-26,8000517756383196e-21,20466275436786164e-26,1642301660123063e-25
2165604291074414e-24,5203737933809687e-25,7211321995771404e-25,15442760012269582e-25,6810245525419533e-25,0.9999698342243469,13577382578715384e-25,30157146538277775e-21,9084369513370008e-25,7316670919671909e-25
3064943899958772e-26,7269622560795492e-27,100586607573234e-25,21119509796929087e-27,9508824973438508e-27,0.9999998718012301,19249724507981954e-27,12807813318833076e-23,1251123995612898e-26,10054152728560651e-27
11879714025765135e-26,28189640123420114e-27,3913820010300517e-26,8246422620915294e-26,3728336125905246e-26,0.9999982505817144,7560405042971935e-26,17489474371953674e-22,5045962388751428e-26,39319159495698553e-27
22427765150771273e-26,53646763198784344e-27,7432143341284007e-26,15727081309885867e-26,7070082465160889e-26,0.9999964569323297,144821770249798e-24,35421726084372735e-22,9665319015010724e-26,7450425245706722e-26
57914676105005745e-25,1285577275221845e-24,17946141056173434e-25,3938144795480461e-24,17163510079460825e-25,0.999975952793894,3607425793711853e-24,24024943535108763e-21,23369964788496793e-25,1792297849625461e-24
1931774672123066e-24,28350898942649757e-26,4065679638819346e-25,11779603092924651e-25,37867882041575483e-26,0.9999941394032198,10120419861027594e-25,5854492160805025e-21,5189013633308158e-25,39300746664361863e-26
17879379280257015e-25,22389189665825844e-26,32492761443346447e-26,10708241279649614e-25,29959054909693e-23,0.9999956393497372,8858824350359744e-25,4355340851177092e-21,40735280473168994e-26,308941331411206e-24
17202217696607229e-25,18382750338582267e-26,27130731064195924e-26,10034073782381775e-25,24666502254183336e-26,0.999996726340033,8108882999843618e-25,3268833031002586e-21,3366600473279049e-25,2533650213250368e-25
28769409765098235e-25,5924265666749386e-25,8224911308909276e-25,1920251367038258e-24,7860986556354707e-25,0.9999881499419887,16916009440999946e-25,11839497927365265e-21,10520773451374501e-25,8170477121201813e-25
4889982605643381e-24,10108605186224002e-25,14066107627320072e-25,33093486477023432e-25,13405511793448905e-25,0.9999814016957691,28581857138145146e-25,18580286997055642e-21,18045310195665052e-25,13977011114582783e-25
10297905100821564e-24,22812752476373926e-25,3138039044788657e-24,6896410556342109e-24,3037559076652535e-24,0.9999624034649742,6225300833630975e-24,3755750225769411e-20,40221100205202705e-25,3133320474647536e-24
22388713321694165e-25,1621754968295511e-25,24318242659602615e-26,9907477707178363e-25,21855730166303086e-26,0.9999976846399976,8713599032746769e-25,2310114013654549e-21,3075723298155451e-25,2146638232010103e-25
25857955444850844e-25,22404269695009607e-26,34032482127445923e-26,14633867134330643e-25,30156171624706507e-26,0.9999964083716003,10197320687264476e-25,35849851961646633e-22,40137577797085485e-26,3057524895427596e-25
36413519990553356e-25,6483474451513459e-25,9067551262680839e-25,23347873944560634e-25,8552946003737776e-25,0.9999879119295051,1868789223159275e-24,12075786622345849e-21,11458217228833271e-25,8834899355283594e-25
3569291701418925e-24,6156725661926839e-25,8626738713188625e-25,22473387138394718e-25,8119944360057164e-25,0.9999885094701534,18112795957220082e-25,11478684579164624e-21,10843126894313118e-25,8432865305310455e-25
13819197345751688e-25,9477640353642327e-26,14880512057030877e-26,7634584292740358e-25,12620675098829427e-26,0.9999991214352134,5247675588028875e-25,8752309295281506e-22,1655565010870226e-25,12781397885059647e-26
981265667263603e-24,6496716673340652e-26,10353523250457423e-26,5951337721556947e-25,8767673278384716e-26,0.9999995496354702,3756044315160284e-25,4479478984734702e-22,12201821295917205e-26,8646929886335111e-26
1438394971914436e-24,8562003868182706e-26,1429354188580983e-25,9096740760061642e-25,11738497179510714e-26,0.999999359605117,5342578998869018e-25,6369019578255865e-22,14964047814067622e-26,1153537491990131e-25
7148776229482312e-25,481041351913236e-25,7910906816247694e-26,4102200489038791e-25,6685641774578371e-26,0.9999996979895335,26623914614846596e-26,30026903616345706e-23,9328942358124478e-26,6358768495152724e-26
15353715598478552e-25,7745722810866844e-26,15344147098870895e-26,8709315942836146e-25,11096158864730513e-26,0.9999995188923038,5450124159929535e-25,4775894682349686e-22,11980198025194652e-26,1048963509678602e-25
7725367469323731e-25,4531422662750443e-26,9566413998010914e-26,4962846242295568e-25,7796815862973924e-26,0.9999999132419827,3179404409910995e-25,8481068050870734e-23,815848046301037e-25,6101542566137092e-26
6380497333557603e-25,41948044179044384e-27,8998754915744969e-26,4054185456610184e-25,7296459764626886e-26,0.9999999464830301,2829436023042265e-25,51859621087297436e-24,6871010110020805e-26,5729670781139081e-26
16516996750124425e-26,14335485238732196e-27,24082571558962827e-27,13130469691497485e-26,20701184269951093e-27,0.9999999768359192,7801454586985908e-26,22685391118445702e-24,26609512092817987e-27,18924201699501943e-27
15325595242771373e-26,14274406094459048e-27,24554577155459453e-27,12201046961255718e-26,2118840455488835e-26,0.9999999841540161,7475854550131809e-26,1538733132758895e-23,29603858795606725e-27,190896645214734e-25
11157225755261617e-23,112914263449722e-22,1994097865327945e-23,943459729088458e-22,18279326849215515e-24,0.9999935279150407,5676123622970076e-23,6119586239925195e-21,2479913358799147e-23,1550822012505736e-23
10070363720466032e-23,10609478727674856e-24,19197785396723576e-24,8953239081015874e-23,1789126619570874e-23,0.9999954848684928,5403675303934222e-23,4182456982964841e-21,2568367393620236e-23,15019586899490255e-24
9926057314842234e-23,10335337572632076e-24,18622114954612825e-24,8770912318440301e-23,17306190689962444e-24,0.999995584193135,5325579877910344e-23,409012093915439e-20,2467044543817282e-23,1452664854476495e-23
31690735315299286e-26,5978820789989271e-26,872932908145927e-25,238760808007906e-24,8736741347649091e-26,0.9999993636122085,18335885671457425e-26,6352054357052441e-22,13103186020613685e-26,7759194168205958e-26
279905358334029e-24,4742027480342591e-26,6949227989287508e-26,19496843272349487e-26,7108563342000653e-26,0.9999995410648278,15311754987092224e-26,4579558066509431e-22,10264473171046645e-26,6081002978612563e-26
29174466700230965e-26,5155978538044833e-26,7509284543491813e-26,2047260400366919e-25,7735477360669162e-26,0.9999994869775242,16179978028387138e-26,5119816903164744e-22,11226032211680532e-26,6614891679083235e-26
1221488669165834e-24,343447638496643e-24,4709814348463175e-25,8766853641906071e-25,4910756928189354e-25,0.999990371206443,7882443197364667e-25,9623444121388234e-21,7023178892522073e-25,4551229684558547e-25
1089853635781999e-24,3103850533654517e-25,42813394673891645e-26,7773132027493092e-25,44608065232346046e-26,0.99999109733116,6995135557163407e-25,8897851423609397e-21,6536610655875842e-25,4124568877126004e-25
11843954934945614e-24,34734697690041614e-25,4754270517467881e-24,861923901814755e-23,4965470491663539e-24,0.999928441324892,7625717113854495e-24,7150560316544629e-20,7223268448955336e-24,4567492453635032e-24
12549789144959055e-27,3692396521154213e-27,50533604683593796e-28,9185804972227742e-27,5287494322806933e-27,0.9999999218493572,8126475487371836e-27,7809387873718923e-23,7725431668087886e-27,485483219022975e-26
5022953141085138e-24,14672968169914577e-25,2007625218926506e-24,3692777023191879e-24,2104702818543163e-24,0.9999687116420533,3237892561617753e-24,3126586370658534e-20,30357039410982162e-25,19258420010348433e-25
5565476949719165e-24,1673568490435011e-24,22590730734800902e-25,4153652225949527e-24,24131409930756617e-25,0.9999461134493055,3647578445280562e-24,53861238452542764e-21,34480842451353496e-25,21511006115684314e-25
2456110988868834e-25,7469337622919531e-26,10043351514553272e-26,1833143796281845e-25,10754496971208773e-26,0.9999925262284397,16088863837435643e-26,747265310888538e-20,1518228183507679e-25,9553362505609144e-26
23309890656498836e-27,7109832011666528e-27,9547074205744426e-27,17372963071049462e-27,10238365060148918e-27,0.9999994853036057,1535132757057482e-26,5145895861132441e-22,14588783086329435e-27,910411457068843e-26
10486632558135931e-24,3166899687859269e-24,4256663080947853e-24,7901169976142073e-24,4610809995271486e-24,0.9999002844757058,6796722481481253e-24,9966781796063998e-20,64533532608635765e-25,40456974210250185e-25
3444993158742255e-26,10478309574912564e-27,14001601485701408e-27,26188321280888004e-27,15244491986416278e-27,0.9999996335560044,22568009479044572e-27,3662852678351032e-22,21259017465707707e-27,13383791019603175e-27
7999751245189397e-26,2407545556979622e-26,3237478114301779e-26,6106191975197247e-26,35216449154212426e-27,0.9999975737453952,52322434336093444e-27,24258885748348164e-22,486456192173501e-25,30922353755989e-24
27257822418411313e-27,8024771907447514e-27,10802270547267127e-27,2091373924369452e-26,11709984434581786e-27,0.9910020958276288,17243854321183684e-27,0.008997904050750207,16138199632603973e-27,10385631283839596e-27
31729835441637723e-26,3904659657895446e-26,6084756087657171e-26,2586552970700643e-25,6687232584213879e-26,0.975167988563138,16457527751978468e-26,0.024832009696306237,7886047843910018e-25,5179862440997071e-26
11332809610073735e-23,2474762741848773e-23,3585701795066167e-23,10777036154676624e-23,3974448329043521e-23,0.9310032290979713,7678330610157711e-23,0.06899593891158247,39836933171103947e-23,35390213167157015e-24
11659307205420783e-23,24589360009129525e-24,36035820481732586e-24,11567621181739208e-23,40008775764674785e-24,0.9368320552582311,79324388570121e-21,0.06316702566667569,4719425360925372e-22,34904927456050924e-24
10622501604555828e-23,25548390919227786e-24,3614823871537491e-23,9300380681614883e-23,4011743755910178e-23,0.9405437849881829,7856827811342194e-23,0.05945536174682742,4389975653286468e-22,34656258996578585e-24
40560889828424457e-26,12151803582148449e-26,16132117019729846e-26,30646022858891475e-26,1787835385993196e-25,0.9155451042809183,2645876589775658e-25,0.0844548938445217,2819024460713377e-25,15436469250164127e-26
6632932059319635e-25,18745542111399325e-26,25258511300492143e-26,5106112654846628e-25,27787094449330014e-26,0.911017888828162,4115364997200113e-25,0.08898210823639856,39225044097072e-23,23983203104663797e-26
843751977043409e-24,23309198277668303e-26,3151213060990072e-25,6614606215383646e-25,3479610837521609e-25,0.9016545806707589,5230968445413546e-25,0.09834541561629408,4887944672114907e-25,2996721608952099e-25
5534451716928522e-25,1613625615831964e-25,21623022439251308e-26,4358764620713924e-25,23891141295757397e-26,0.9012675898855015,3513824670422448e-25,0.09873240757963196,36952687043943896e-26,2081336046802521e-25
6583189175862789e-24,11764644937594085e-25,17399036275743437e-25,6720322577433852e-24,20250051513562544e-25,0.7563725656891239,31676401685997443e-25,0.2436274071936013,39960524684144955e-25,17086985207610886e-25
624246474375073e-23,6584144508636437e-25,10847229712453524e-25,5455350526818391e-24,12855760492997587e-25,0.7443783602730871,214646471028093e-23,0.2556216171094866,4602820523980648e-24,11416091416209173e-25
15681333258383556e-24,24086341770735857e-25,4231726524167479e-24,22581224685324555e-24,487606090154154e-23,0.7710917525551144,8772903444761252e-24,0.2289081780105594,68952629290254196e-25,3987178306472732e-24
4286106114265506e-24,8529330572796816e-25,13154478079567094e-25,5022593799421229e-24,16186412728453997e-25,0.7664831546964589,24449109424076986e-25,0.2335168252959814,31454171952066017e-25,13215095962177942e-25
7381115795393465e-24,9805543314361395e-25,17748639122965645e-25,9163730244490616e-24,22661200665486606e-25,0.7522906453335719,35290649201181084e-25,0.24770932313266944,4610480312703424e-24,1827828741297707e-24
3908061519508679e-24,46011658250213566e-26,8216795852989842e-25,426046955357601e-23,10416557250711704e-25,0.7598552302625778,15884426567203389e-25,0.24014475418340103,25942369531323375e-25,8793589016380312e-25
29591018252259006e-25,6982326156263748e-25,11243004623694673e-25,35171347824608934e-25,14566795292583724e-25,0.7480604706125675,22065016726114414e-25,0.2519395135725138,2781780490129975e-24,10711872557828067e-25
3262342608668336e-24,7659296488718137e-25,11923182854166298e-25,3408377653724036e-24,16041509219806501e-25,0.8175687273287005,2025020891687856e-24,0.182431256305024,29948019661284166e-25,11133337969127067e-25
25325559276716103e-25,8259523231811096e-25,13260129911639893e-25,3054736012733036e-24,18337651825122226e-25,0.7187215586062037,24408861805093007e-25,0.2812784241375062,4014635574641758e-24,12277404588294974e-25
3119288439232987e-23,1195972976647831e-23,21589361006928724e-24,6822665877069278e-23,28484985260550523e-24,0.7776804786087368,4555509624612114e-23,0.22231925961227222,3657059790712879e-23,18199674296581558e-24
2963559308768127e-23,14637763406617633e-24,26997488285118374e-24,9164468294357539e-23,3439246922915751e-23,0.7668646702096221,41481474932620225e-24,0.23313502569687508,388826668273601e-22,26421367347618096e-24
14365731493881894e-24,6593609538371801e-24,138140476221764e-22,3578534200388953e-23,17517923223855853e-24,0.72410595871741,22981085957216505e-24,0.27589380199091673,11107806832502496e-23,17155869573744304e-24
16170465093715088e-24,5717884032845975e-24,1027402477888237e-23,2360410882091823e-23,12821684593089342e-24,0.7260341725257814,1610807135605366e-23,0.27396562028530813,10961889344248832e-23,12873781146561814e-24
2531318372533107e-23,9761673502453145e-24,19503506172166754e-24,3717811225711967e-23,2517221789676562e-23,0.687531969560073,34050071849380966e-24,0.31246776048499575,9564955725789577e-23,2332659541470485e-23
3873690885090616e-23,1456386803268243e-23,27188888650374188e-24,6857844931718673e-23,34182670893682774e-24,0.6847797885327787,4949689921723283e-23,0.3152198649212724,8439237551080797e-23,2940589107553871e-23
4963738215584295e-23,2154728286409888e-23,3928392737384934e-23,9532114219432489e-23,4935354583995893e-23,0.6858804261015059,7119042527422779e-23,0.3141190992791043,10656901680569858e-23,41716663873977764e-24
4523595695701125e-23,15213141016105154e-24,27263903010567475e-24,6724892917219288e-23,3364302593267025e-23,0.687735293095376,49169808228785394e-24,0.3122643456594902,9406418097240447e-23,29406185834112146e-24
1671084720879097e-25,6856117268202024e-26,1178842263391541e-25,2404555767233009e-25,1517531461385128e-25,0.6923168208767908,20983761505852243e-26,0.307683177742306,30957160421537484e-26,11573244568849129e-26
29797319589309456e-24,11812197635001152e-24,23084253513291932e-24,46030410101176035e-24,3035247375528459e-23,0.693537257258276,3766843805433451e-23,0.30646249805276254,4228394337648968e-23,23659942695228175e-24
78475876167846e-21,27505018070553066e-24,4399600271626305e-23,59899136160011e-21,5664835347050009e-23,0.7943540268108075,57622433733608566e-24,0.20564538868209445,2183198901297271e-22,4204038964206168e-23
22713873565333933e-24,4201411548310352e-24,7730025378709385e-24,1134741239443809e-23,9718685306363561e-24,0.6654395952667438,10689298867784192e-24,0.33456026370178527,6552473897531432e-23,910602666427113e-23
3841458079781739e-24,8245806313410023e-25,12399294119284776e-25,17931516087288969e-25,14976488923580795e-25,0.6557758736807842,17512980457377332e-25,0.3442241119049792,22391653318134433e-25,12270047183671032e-25
14879167718368856e-23,28781932823275616e-24,4653379448969921e-23,7181234024997158e-23,5707647299328406e-23,0.5642446898161972,7542428495213294e-23,0.43575438422517915,45247979141047616e-23,4505832977214606e-23
4603358308920678e-23,8837121741023926e-24,15721318371945932e-24,2431388884208242e-23,20543708380837072e-24,0.5652118065317433,24959359006592872e-24,0.43478762748581,4047443185380736e-22,20829156883552453e-24
25190268938223356e-23,2126455266396246e-23,33288712613083554e-24,49943616859240125e-24,414166105263709e-22,0.5676235220663769,5612840404610691e-23,0.4323753635903151,623733129370298e-21,3666559101245769e-23
2281279549769407e-22,24037292748114255e-24,3682175977141635e-23,5793536712630046e-23,4574091563761962e-23,0.5799762269050288,6617171043493755e-23,0.4200223852102806,8887979681410449e-22,40251720095084e-21
21919172830492743e-23,26574336378551523e-24,3992792196407397e-23,5833538479158522e-23,51165873336271655e-24,0.5762888273295315,6992540392545477e-23,0.423710125003518,5412562726383717e-22,4129000798986226e-23
1639512456315989e-22,35360094537656404e-24,5529953365958229e-23,8038610463192133e-23,6599081933019514e-23,0.5250068448347104,8439298370090835e-23,0.47499182413913815,7857993312442379e-22,598460473550291e-22
30330729696587578e-25,7064933830930275e-25,102276516388228e-23,15199467675824875e-25,1316264444839782e-24,0.36663053688580155,16793323696565919e-25,0.6333694499092019,28468541411075462e-25,1080268023629089e-24
44164719867535474e-25,961575923933252e-24,1419330445978877e-24,21449113151918488e-25,186687624745365e-23,0.36014471166599915,22391527774833357e-25,0.6398552701553606,36256692057355716e-25,15046527654221816e-25
7328402771910695e-25,2056658932415804e-25,2938463856839876e-25,41820178162819454e-26,38405582621508906e-26,0.36077605693652576,46270378780023253e-26,0.6392239390849708,11760428612087075e-25,30514601762206944e-26
11210339115553188e-25,30989775718386245e-26,4425839819408431e-25,61841656519167e-23,5760512364250789e-25,0.3418415318478495,697341557848627e-24,0.6581584624571782,14804696965896872e-25,4491768461963839e-25
10030560373773077e-23,3391704692133762e-23,5300427881215444e-23,8141046079087865e-23,6904149725846288e-23,0.2751471012826027,9572724855289408e-23,0.7248521426515735,26619265934350737e-23,5646702587844624e-23
4089141376708225e-22,11232867255712068e-23,1640361156762602e-22,22131297587902984e-23,2090869667373971e-22,0.27020691369604316,2622967581047336e-22,0.7297907911253214,748240271462171e-21,16896273717043777e-23
17581002801261886e-23,53474411621775085e-24,8386185555565972e-23,12292520624384996e-23,1044542731449551e-22,0.26323884309004486,14789277822906527e-23,0.7367599087889896,4678055233712879e-22,9189689075307319e-23
38794862953109107e-24,10633648230966925e-24,18109044065944467e-24,2816676578003213e-23,21826714218710596e-24,0.248707424717496,29405036132021545e-24,0.7512923324678449,7573042050804206e-23,20148171502351267e-24
1345564345913077e-22,2946558346285843e-23,4717338890136916e-23,715494637198277e-22,5874736623731483e-23,0.23848190723151438,7705094956614141e-23,0.7615175078568424,11742485443351703e-23,48943599351945425e-24
14800316049833383e-24,5551439158358714e-24,982524274944312e-23,14507622296163618e-24,120138498867936e-22,0.271200302632239,14805911712242886e-24,0.7287995544666201,6091288287661366e-23,10483877192377875e-24
2419322451656427e-23,759674797687326e-23,14103959434060686e-24,19413776411308213e-24,17827901631317363e-24,0.25382900376941697,19531631463416137e-24,0.7461708229428794,56983331864977325e-24,13637133130513817e-24
32996446549697095e-24,6710048448289347e-24,12229011258529416e-24,1771246020993201e-23,14483341164247607e-24,0.24851127827130096,169353738219849e-22,0.7514885712487832,3731772035891655e-23,1209551601938759e-23
3210281736535353e-23,617877452607606e-23,11327490196586661e-24,16684759695946873e-24,1337992399602096e-23,0.25257182471539674,15404798036417328e-24,0.7474280351343365,3363533594764661e-23,11436366839712943e-24
2007867118915705e-23,3652872673674413e-24,7822021936288049e-24,10603058781233894e-24,11693253230565537e-24,0.25648999314322357,12644543312718274e-24,0.7435099140127448,1847666688344119e-23,7872940921095271e-24
3951258281852565e-23,5198290867833518e-24,10338699256217482e-24,1358528481668864e-23,16027359045446425e-24,0.24729697250553478,1934785081457174e-23,0.7527028939790857,18822816319833702e-24,10682484689705792e-24
43833681687143555e-24,6104302948507852e-24,11890645117535658e-24,15215525637565163e-24,18329878304568878e-24,0.2618904526472622,2205654310137603e-23,0.7381093967179154,21194341589904334e-24,12009903567853844e-24
27225629637280318e-24,48506398691455635e-25,9981394658928292e-24,14888993046691698e-24,1595089294992153e-23,0.2566857631522943,15925887966653548e-24,0.7433141196523021,1744384066888101e-23,10928129039868999e-24
11675207634497728e-24,24112026795698914e-25,5565751553766118e-24,788467046657783e-23,10266523137677852e-24,0.26045004357682877,791853993506587e-23,0.7395498919399338,12249810587048437e-24,6511518915431519e-24
11577324907203087e-24,2494839943999812e-24,5391309374353899e-24,68089846003755235e-25,8692863762736572e-24,0.24920468975877696,7584832741647706e-24,0.7507952488181227,13135277166010808e-24,57376643309534264e-25
14380340932906664e-24,4472038329197403e-24,10688463492817766e-24,1020167877597734e-23,2102511804009801e-23,0.24870977740748304,12917800013198225e-24,0.7512901099521244,2787321165884953e-23,11081752773487081e-24
15934956129676512e-24,8330480978148526e-24,14744387942368624e-24,6773086340855506e-24,3561090475982513e-23,0.24160125545980216,13038188599462235e-24,0.7583986258598636,74411486454925444e-25,1680718636031626e-23
19157353571992225e-24,41648114065161755e-25,785106801756703e-23,6012009010377917e-24,12738331899637936e-24,0.2665220749648984,813312438526798e-23,0.7334778522235977,5549360776159035e-24,9205442818403765e-24
3011475576672051e-25,9147632350279059e-26,13748063229812538e-26,13391064022341886e-26,2044877399297187e-25,0.2757406877667632,22618653552476069e-26,0.7242593108705452,16128873205243672e-26,1067120140098601e-25
17198054307583094e-24,28230180362269496e-25,5872209308877408e-24,4617506313416919e-24,11458754113983066e-24,0.24400564591009208,7945391430071458e-24,0.7559942908554412,709034895680423e-23,6229183467031474e-24
19357581125419953e-24,25915497675026253e-25,5875452904327665e-24,559104938654816e-23,10459038462677545e-24,0.17268740875240293,7004086815550584e-24,0.8273125223360417,10090756197014559e-24,794202715497208e-23
6966343969805859e-23,14977200960600673e-24,25530916027826923e-24,29234827051681624e-24,42371637305716356e-24,0.18267535372386234,3848540628261829e-23,0.8173243523450522,4962280622305996e-23,2404484661069072e-23
3394600969632356e-23,50587671732426075e-25,10010258365199874e-24,970265074421867e-23,17565053681712242e-24,0.17413865388215582,1399403642095429e-23,0.8258612245938889,19893761699899155e-24,11353420820558774e-24
1012729957165161e-25,31750253895197656e-27,46349623854899405e-27,5582734520609553e-26,6219594895152288e-26,0.08747841087254438,6691996838448621e-26,0.9125215886414302,8305132943676784e-26,38799238942973514e-27
22081852588954632e-26,7348063211355566e-26,10725714771889656e-26,12693469523615688e-26,14173126546563117e-26,0.07447891297669491,15500299701060334e-26,0.9255210859201949,18795515203236596e-26,8998385683943342e-26
2405432893359107e-25,8043573489115299e-26,11738194096873432e-26,13900855364002676e-26,15503722429704388e-26,0.0755742570087541,16911061119486912e-26,0.9244257417871484,20425584284515157e-26,9839211469502835e-26
9579368841992134e-26,30299574215476014e-27,44827120712602844e-27,50732669500601724e-27,6090721140368038e-26,0.06934170495223282,6777664975571948e-26,0.9306582945665808,9417875032590228e-26,3681497018469596e-26
12020010782310145e-26,38608345927287785e-27,5680337252220232e-26,6492306160518486e-26,7696159358618934e-26,0.06474474579450264,8498814859187416e-26,0.935255253598594,11740271015561103e-26,46859529452137356e-27
1501708599755119e-25,478533352261202e-25,7032238770416913e-26,8057664465468003e-26,9545719396005123e-26,0.07424329229931995,10381608422098e-23,0.9257567069606374,1342636652521079e-25,5770273908139576e-26
20221198840994436e-26,6473380710060261e-26,9542920634556524e-26,10963581491445886e-26,1280035990312517e-25,0.06913515510591549,1416956933567542e-25,0.9308648438977165,17625271127095656e-26,7835770965115314e-26
6015462336218143e-25,18565341704566838e-26,2817472910207954e-25,32905760953921904e-26,36838468609408575e-26,0.09337930592777403,4328470749437264e-25,0.9066206911986722,4478817927492662e-25,22650370823151404e-26
352984387407629e-22,56877741514974246e-25,10077450795650358e-24,7416174676144842e-24,17900635763483012e-24,0.09629909805451592,20552361946228956e-24,0.9037007668360035,26817594038802843e-24,11359093899184246e-24
7824931503406411e-25,2495261948508616e-25,3759989364721194e-25,42728316447007045e-26,4736410764313796e-25,0.06147513716364088,5498466659933466e-25,0.9385248590804302,593649356768412e-24,3034642634583716e-25
23487185536538914e-25,798382167947613e-24,11820947951381552e-25,13728249224351277e-25,14751186822269527e-25,0.057285183338288574,1694578557340783e-24,0.942714805137363,17056163951854753e-25,9471926532469764e-25
19261068884546482e-26,5869120763600464e-26,8720862763350322e-26,10166694905394374e-26,11364517549901784e-26,0.10243193558876512,13312331612672115e-26,0.8975680634545602,19815289622327812e-26,7164270004915181e-26
6264452670149827e-26,1655919673766692e-26,24966098953905272e-27,2850931661805839e-26,342041186635954e-25,0.12764486737037503,40437507158051985e-27,0.8723551323311737,7051553620422207e-26,207230403393236e-25
54243643289277017e-27,13326809900330553e-27,20749253611589707e-27,22197996720332964e-27,305726074060169e-25,0.1459653078802781,3420630391038522e-26,0.8540346918666084,604115727711756e-25,17341982982844425e-27
5832133737749869e-26,15692990368435987e-27,2336473263288909e-26,2481654741986532e-26,3371823508907899e-26,0.14050532935793403,3533294988625175e-26,0.8594946703655335,6550794390683715e-26,19903976169844787e-27
3599051796206771e-23,7216698011203042e-24,11277613544802502e-24,10783657108823267e-24,19009568680173674e-24,0.14582634324671212,17000960844579498e-24,0.8541734979689265,43058929229489544e-24,14446428504108525e-24
4707046592324065e-23,11366052526126777e-24,17297889821365048e-24,2018821031845857e-23,26476729404102004e-24,0.1763045380235868,27107743917607442e-24,0.8236952437431898,5318157152976916e-23,15544554167284436e-24
4978653844871972e-23,10293580373370629e-24,17263213788982145e-24,19477683912614717e-24,2807924780488231e-23,0.1346498335307349,2864945313782393e-23,0.8653499362510798,6196434626488578e-23,14704148257658566e-24
2345321298125636e-23,44267327237621425e-25,7967915468501035e-24,1081505652762336e-23,11595859936130187e-24,0.25338586241438893,88045720679916e-22,0.746614048438056,14643600453703064e-24,7440611924516398e-24
5603280007924656e-23,10296495665273207e-24,17952332170558218e-24,22960505539594663e-24,29242080931220965e-24,0.29052365632626126,27115230446733454e-24,0.7094761405107246,23487006804495296e-24,16076560954826166e-24
231591478983784e-22,5749483012434095e-24,8833052612645731e-24,12443052976064506e-24,13285536629648412e-24,0.2972518340559019,11710036481150953e-24,0.7027480705237722,1141557811616941e-23,8824451257637134e-24
4368064797531954e-23,9349627430992803e-24,1372651637407255e-23,18344549302494764e-24,20205954296579608e-24,0.31277749797741083,17567832528127493e-24,0.6872223461623136,20838687019804883e-24,12146459376132487e-24
3473711995537009e-23,7340071345919085e-24,10911947886887063e-24,14933282531819088e-24,15880769709201282e-24,0.3085693537646261,13868478193739464e-24,0.6914305218384665,17255075395154292e-24,9470162192989616e-24
3050049642152603e-23,5714788368834211e-24,8986202440524376e-24,15104246728053e-21,14538247873119124e-24,0.4229564427150942,1154020972018148e-23,0.5770434441868946,1869893571092228e-23,801488587790594e-23
6040720835535902e-23,1153739974216574e-23,19681041668424218e-24,30383059968545684e-24,3443862405957823e-23,0.37529047131603177,24043717673874253e-24,0.6247092858521498,4630276568250198e-23,1603800170421646e-23
10784628165459753e-23,1844467207853641e-23,31999362570876354e-24,5007486737841612e-23,56205688833323706e-24,0.36567143215759823,3684158462552824e-23,0.6343281764631287,6448805680858806e-23,2547875643287916e-23
9581416688594763e-23,1520718484093717e-23,30682769767281487e-24,48306147883993415e-24,6215023730744895e-23,0.4011340796008089,3166285724223064e-23,0.5988655610153621,56219869926958286e-24,19340594487557416e-24
5545413124507865e-23,796193527619984e-23,15513757365812365e-24,25798212055101153e-24,3470447530346058e-23,0.4120679666028416,17434779194595817e-24,0.5879318325774481,3362789715717335e-23,10324519939449136e-24
403739643898248e-22,52304596012857865e-25,10340043053022225e-24,19091133884591964e-24,232770911959065e-22,0.42234063532972194,11756701082745027e-24,0.5776592202577575,27237795647880863e-24,710532965793782e-23
5133944809889497e-23,5386406338891461e-24,11085919911435013e-24,21239833601660883e-24,2472590266781114e-23,0.41785614547471983,13222023977604265e-24,0.5821436908047386,29173218130194747e-24,7547791728848957e-24
2714358297906411e-22,315061088550295e-22,6600926773747275e-23,10833251455006368e-23,14646038709499213e-23,0.3897380052712138,7534381073694885e-23,0.6102611442732251,11016153385710094e-23,41206099309763344e-24
1539628168228595e-22,1793013439776219e-23,3931854955207916e-23,8349695745997243e-23,8803946264739508e-23,0.40409476886281565,3980153221439232e-23,0.5959047020206886,8239618196588829e-23,24170859608870536e-24
12282336944170288e-23,13023912746954957e-24,28402924513039527e-24,6737934062826917e-23,6504997268405928e-23,0.41409923051594044,30645246482862235e-24,0.5859003559259519,6835784034963605e-23,17875505687005115e-24
2392150629536813e-22,28387756860673782e-24,6307347560843004e-23,1295381177070124e-22,1463537787373349e-22,0.39002780311243024,5976335439652346e-23,0.6099713835515748,10973720588429099e-23,3726724040218864e-23
24788341748160036e-23,3024190085456874e-23,6644570261332358e-23,12815056340496873e-23,1493151678544599e-22,0.388982923317368,6468394108735932e-23,0.6110162298586346,12075391593431697e-23,3934939335226276e-23
15831754887584426e-22,15658920577622494e-23,42086540110977963e-23,7119979386410423e-22,11971379051573992e-22,0.3828489318658525,32075630220559104e-23,0.6171460572370717,43569404660551497e-23,18468079424102577e-23
14385404225854566e-22,13012545202879968e-23,3599695941485418e-22,6328224631330513e-22,10993980547717285e-22,0.39220876741803173,2574338008650836e-22,0.6077867786010916,38323779732794864e-23,1524532877107024e-22
7465222507568932e-22,754859314654283e-22,21358300276948297e-23,34710241065418116e-23,7167292378983141e-22,0.4105694736121177,1758562197408376e-22,0.5894278733053085,28903563214168207e-23,8876789155398106e-23
11117506686661906e-22,10328254864739852e-23,3253029311291098e-22,5322712222544219e-22,1833881399612928e-21,0.4058454349994088,2212235614995711e-22,0.5941499855925407,33177749572670577e-23,1199182273949585e-22
32447921414311475e-23,31802765135526004e-24,11049731741195364e-23,134097820326579e-21,8783484803231202e-22,0.4451969253979719,5960508920978011e-23,0.5548013888854345,11249347649566378e-23,3439243566145025e-23
2791814480825466e-22,30631669914953697e-24,11002397031749209e-23,9915105065926852e-23,15149875499121845e-22,0.44301289707454966,5914177458187843e-23,0.5569848744467308,1028948660965744e-22,32466417546161085e-24
37018855145553135e-24,31805004287069053e-26,6000301183320567e-24,13672303525543578e-23,29608228226711763e-22,0.4201273109724318,4492246062383987e-25,0.5798695469113493,40007291182892827e-26,38392875659036606e-26
17249692211741913e-21,48755065382127135e-24,11121918821472538e-22,6883924436746076e-21,3827566401910008e-20,0.40895900227861304,6441869750767756e-23,0.5909771827621808,11497366348216618e-23,6533926392400177e-23
6722467540588827e-23,1195598952381959e-25,2995210651922133e-24,31734750404830813e-24,13039821841180158e-23,0.40032847987039494,16657521577931776e-26,0.5996712871416788,1928503784793199e-25,1563005210768316e-25
4784451190660814e-23,5421941550767991e-26,1679008436096259e-24,18609545486010554e-24,16347183194226034e-24,0.4062987544747505,7932757643918006e-26,0.5937011606927819,1318443655317396e-25,8683970827133465e-26
24248215688880133e-21,4939772192712891e-23,16616976995173232e-22,1939562687364497e-20,1427618213529544e-20,0.4080849510052937,7054517188086712e-23,0.5918551388100592,1318234050974665e-22,7669589134755767e-23
346488525535494e-21,8453153802437943e-26,2975132302346982e-24,97183480675096e-22,17621021240115543e-24,0.3959394473512956,131258479966188e-24,0.604060175273272,2196332206814726e-25,1368103036980628e-25
3110087367477097e-22,20747794498045722e-26,6068568844765691e-24,16666181260118514e-24,4120981276904488e-23,0.3938542018530181,31355506331236413e-26,0.6061454218836888,4442610044473227e-25,3443844938822857e-25
3093092998904651e-22,2947613883813945e-25,7682316897341555e-24,1269631614206314e-23,4757336778520562e-23,0.3889623722760602,4441407836013823e-25,0.6110372485645221,6901190362773629e-25,4698049603698442e-25
0.2471963415584203,143960624696808e-23,1779474770805354e-23,23470914829442725e-22,14046603681240782e-24,0.30195654470807576,33426842420538805e-25,0.4508447269642448,13842024272097803e-25,16699336879269406e-25
0.2220151554605541,11130951896736321e-24,12020134290287762e-23,5222513152450671e-22,1120490628754252e-22,0.31246691824649103,2796647811218237e-23,0.4655171073228212,1351698353305256e-23,11853998158430165e-24
0.22093948849533046,6381243457937162e-24,11051479690509364e-23,5638829660880457e-22,11426143794806255e-23,0.3125553233962395,1398001145837948e-23,0.4665043661218911,66930554164397385e-25,6273029554852032e-24
0.2270427489553311,15026032827721237e-24,2676149973230564e-22,6196058808224836e-21,34565812046778384e-23,0.3079087267196783,3719356498009255e-23,0.46504163310005014,14137554434518891e-24,15535860031500248e-24
0.22435726989472637,10153773303268632e-24,20356182114604578e-23,18168073715068265e-22,18822611798441823e-23,0.2936226931781238,2319097851878635e-23,0.4820177731357819,11372804147886919e-24,10478500514873983e-24
0.2371880380668568,28573131665381096e-24,5255836880347193e-22,4155794165223311e-21,4907261236682617e-22,0.2890308349184588,8619637681484697e-23,0.4737757855442776,23621645466037687e-24,309752764231688e-22
0.2390671771382572,2915037748176311e-23,5364637831258421e-22,5248036885944642e-21,5210186050010076e-22,0.2690724254113,10098104341934364e-23,0.49185390376898525,24082373636354486e-24,33948389675896586e-24
0.25317835891219737,27885513290442644e-24,542425437981327e-21,29641838555224833e-22,4772075049856031e-22,0.26051166658199576,13503975981640193e-23,0.48630576463550984,25361696808703798e-24,3776652921210374e-23
0.2525791190636354,40502352932632476e-24,6556145596046885e-22,3308686052121068e-21,637917573590491e-21,0.2586626681646457,18897644048518512e-23,0.48875329287137287,3151632386122513e-23,5668704274782493e-23
0.2463069306289641,2490443686525121e-23,43999815758692475e-23,23148263043055523e-22,36299482083579654e-23,0.2545954991101097,13706166013937723e-23,0.4990942327471034,21533956559328478e-24,3619448968982917e-23
0.24462529018994036,2332775744205764e-23,41914735103914813e-23,2093286668958766e-21,34023197200504406e-23,0.2549397827188906,1291310555612587e-22,0.5004318692442941,19047556845073525e-24,3367451406041456e-23
0.30500663906136144,5196131013942395e-23,7123052197755515e-22,7851081459405408e-22,6164162081115787e-22,0.1949783168422522,2601399584042958e-22,0.5000124482495087,9300968654677584e-23,7690635028925014e-23
0.30922188890208535,5249027881674803e-23,7153093952267023e-22,8408089759886969e-22,617648911575717e-21,0.18795972672503775,28427916631295183e-23,0.5028156971139438,9823801123002098e-23,7848419557447021e-23
0.32439655694728003,4049603294167746e-23,4645028973596506e-22,5779405263892429e-22,42061577137908767e-23,0.1778494735028041,21793913053329446e-23,0.4977521107092851,7960414205140042e-23,5774212747859425e-23
0.37091808052356323,2237660055520437e-23,27906397985500405e-23,12113309392297525e-21,11649945974785837e-23,0.14566317932212408,9098918615837095e-23,0.4834060434123287,4356656776555329e-23,3093679753096141e-23
0.363642792217496,2179021614032091e-23,2712339742084341e-22,1956380007075659e-20,1006732205379768e-22,0.14819185669607934,9258006143069088e-23,0.48814522476471656,4463833688780957e-23,3160582781976909e-23
0.3665494306555397,15376412149679646e-24,20568669270011913e-23,1580966627118719e-20,7389562469179752e-23,0.1487690130468948,6665525116026116e-23,0.48466532882891117,3299041885957622e-23,23197987569881083e-24
0.382037827559336,13426595041410473e-24,15744826446364606e-23,19135366019510898e-22,8311287370968862e-23,0.16118930230158135,7257160168812969e-23,0.4567705739699044,3624121260064225e-23,19832027118256818e-24
0.4402246993560867,3544352211371694e-24,6354143655088091e-23,8399280824254806e-22,4436797797997965e-23,0.12879087907579814,24231228307809695e-24,0.43098342646907095,14230147575098816e-24,5255818152669818e-24
0.47937265805857365,5421981731218145e-26,25598357739533037e-26,10104866175797851e-22,20172623593838302e-26,0.12068639251615208,2885261917502689e-25,0.3999399379134633,15867529193603067e-26,6609882757662759e-26
0.5604934705015885,58112637468167655e-27,2496974148994091e-25,14940700764405235e-22,20649121094280127e-26,0.06325999633068739,33199293642776404e-26,0.3762450379937563,1779323779021927e-25,7967849266037203e-26
0.5220015481122078,3444312488351223e-23,14340143498826676e-23,0.00027697703659746126,11862297336823913e-23,0.07918745451761575,19008842944772597e-23,0.3985333704582114,11355735831715452e-23,49762039890131494e-24
0.5543309624569794,3125595301390128e-23,12408201357871565e-23,0.0002768427366565491,9435598641894978e-23,0.06188469454157595,1766105982931411e-22,0.38350688190413207,141476347218326e-21,5057976055834364e-23
