11443206430161695e-25,1181907638212681e-22,0.16058514185490888,0.08882228508301934,0.22609795607406927,14364085993040131e-22,25480616055413534e-23,35430952974129686e-23,0.022521904484004943,1033852050434747e-23,0.5019705373061318
1718435095967446e-24,7358750265335597e-23,0.1583099544826463,0.08348593318136772,0.21011466306439547,2595482644794922e-21,18741445293058757e-23,4784555252968913e-22,0.022796042317916293,2273800876827369e-23,0.5252900475573262
845024026318505e-23,1643042363074048e-22,0.1436083424890355,0.08037418076524165,0.1968626913458743,21909434523845726e-22,27226438663439306e-22,34946571435622404e-22,0.021170626305206105,140118073389403e-21,0.5579754379776373
11244342292081022e-24,15821763844877374e-22,0.1476181141702276,0.07796442558569427,0.19888850740910047,1998894624648399e-21,18834524789939648e-22,34800663493768443e-22,0.02088821530654049,16879959871132077e-23,0.5546316128946501
3063982265260418e-24,3177657176136572e-22,0.142925376608628,0.07874416830365068,0.20216701871107956,2595944187167045e-23,12332428014202663e-23,18762859479003647e-23,0.019615993577065647,50092810749586786e-24,0.556546734965354
5982263994917547e-24,18909998631876381e-22,0.1481272414885005,0.07970818206544386,0.2041586208504903,21193107494214442e-23,9285633264839533e-22,10602781770404574e-22,0.020634447353678708,6450766296762643e-23,0.5473673459795207
4370232600714913e-25,3852622452105149e-24,0.14351845884026526,0.07740213008088515,0.2115836373314922,4901275966550362e-22,12470413200361157e-23,29144882650356655e-23,0.018676193692015314,2455599437636337e-24,0.5488186670295296
33047874150241304e-25,30214573237853597e-23,0.13717574179227443,0.07619041564859363,0.20204658914199727,22747524029584856e-24,6256833558516455e-23,13009308732972102e-23,0.018204349278125472,45356741571427287e-24,0.5663823379223758
12326476745168185e-25,5611053418936148e-24,0.13164345061434923,0.08189469193062023,0.20071819014498088,1476921430127252e-22,6587880448769517e-23,7085924305049823e-23,0.018349938780433114,7873854205338275e-25,0.5673934364695535
3300916607520729e-24,8457210996757124e-23,0.12581312509892453,0.08937154902827048,0.19085737936813085,660468301075947e-22,1071849400086259e-22,13265588350852022e-23,0.01854534054441891,4499983790321305e-23,0.5754121671996865
40134696300642363e-26,366183449151741e-22,0.1172744629983176,0.08501965379833103,0.18954558140895733,9958880086395274e-23,7830447997522835e-23,10148946832203926e-23,0.015936270390910678,9101251781057024e-24,0.5922237058997857
5129596491337593e-24,4849827542796497e-22,0.12578122503368883,0.08900034850490243,0.1895131355626529,8734720076444277e-21,18871897269552743e-22,137761949837557e-20,0.017932028588118685,8644951642264993e-23,0.5777606862194674
4558046370463344e-24,12484245842787676e-23,0.11765961370222248,0.08952425048769222,0.1881180956974712,8124081185255077e-23,13982735416235548e-23,15803144390245075e-23,0.017490471504059232,6427357760229181e-23,0.5872069958348702
626861142094817e-24,5453554050368792e-23,0.11322832035681205,0.08762351067429833,0.18900745013838108,933337222402029e-22,782726371711442e-22,1001472786570659e-22,0.016123382230646622,1282507184581249e-23,0.5940169968587556
11276968904306634e-24,4115127216007291e-21,0.11284477354642397,0.08483280691652355,0.1858908810666367,17074770972382377e-21,67606945001386155e-22,5146171997828946e-21,0.015566182034813423,14820920824193597e-23,0.6008321001848845
29783107386245753e-26,38967817620247585e-24,0.11487808155512723,0.09009087554149828,0.1978593912693077,13200050992324324e-23,700079815365773e-22,6104053957259217e-23,0.016020239509677216,7479902012412193e-24,0.5811511023298378
546690397194138e-23,38758275509639815e-22,0.10126856310766641,0.08468332762176746,0.18479945883145873,14269453538970077e-21,7765478499002481e-21,5771366503831186e-21,0.014252137748682513,1497079720485848e-22,0.6149646753894205
6788591328268829e-24,4212442699934854e-21,0.09793377557049703,0.09013195537934031,0.18657726011280237,11038442727514836e-21,6379012176080844e-21,567882634159338e-20,0.014654523681277737,12644965086328468e-23,0.6106750432939074
13161828674754788e-25,3697913809208249e-23,0.09123201995535733,0.08887462100048943,0.1860347916178779,8977423827095784e-23,6906817208585327e-23,8572655491863985e-23,0.013422123908152518,20349484220321367e-24,0.6204361403043515
36068787088944456e-26,1173664512327527e-21,0.0878869854742191,0.08585529771275481,0.1777736369532354,3667027759822013e-21,2408563723407521e-21,12882922252898253e-22,0.013581684830649162,15065190257874466e-23,0.634893706468327
3322951024980208e-24,6166788826033096e-22,0.0942246202938787,0.08726404486745273,0.1737555517921277,17233170178090491e-22,9564620560022047e-22,996054334873539e-21,0.015206081388605243,7778350663600954e-23,0.6295453280396981
3058887673315816e-24,4162968400689062e-22,0.08955486753847404,0.08438576215954395,0.17827513464516978,13710955178504677e-22,9380985047855012e-22,6412127427821583e-22,0.013308513657655263,1854976400664292e-23,0.6344723336868929
45967114603970964e-26,259925873321808e-22,0.087167502797479,0.09490687846685351,0.1805348371914099,2010974839738108e-23,1537844569744882e-23,11744316662297934e-24,0.015461963305380041,53038088946336155e-25,0.6219287392502804
8065554914483074e-25,35858817879903915e-23,0.09065574386818225,0.10014432177698879,0.1864830745144275,9142237980850643e-22,3056557848075363e-22,2928032662631867e-22,0.016333527417921642,17256154834609444e-24,0.6063814430887412
1006079478604188e-24,359973374449109e-22,0.08678918759311928,0.09385369867980112,0.18006596154354024,7972750424013023e-23,3621704564485888e-23,3103196353950237e-23,0.015090659687169834,13003502491872268e-24,0.6242002955128939
23218309117159078e-25,46344721853034106e-24,0.0789763978232888,0.09269653003208649,0.1750001072086839,9243778298037994e-23,21923582599806937e-24,269762223868792e-22,0.013680844497188304,32670151564024224e-24,0.6396458977644556
12296805729324387e-24,21650710272600297e-22,0.07348903830189688,0.08742559429485482,0.16795087908656145,33144305888497638e-22,27366930739667815e-22,22687145497099264e-22,0.012708789065902084,25673030351832745e-23,0.6584149453144363
1385377215283994e-23,28818215766219238e-22,0.07547704024905208,0.08913425638370673,0.17483963820223797,4323738692604683e-21,2607294353894353e-21,197919229125837e-20,0.012652041351347669,19329052093652474e-23,0.6478850246224768
9484003213385465e-24,17800821157999647e-22,0.05903129661373684,0.0761603385382377,0.15424261396878786,6097957543009e-18,4128423859462023e-21,2014812040284001e-21,0.00878719337424987,37960059947477905e-23,0.7017641471448044
5872372947622103e-24,14383482992381904e-22,0.051757746591080095,0.08426843324597205,0.16100872878763006,6576261092578348e-21,407923321141838e-20,16932438325702689e-22,0.009481413629943777,20736987691024557e-23,0.6934696774166714
21404828743679258e-25,8323911978655836e-22,0.055900667213797973,0.0847808550772725,0.144129460359849,3080301799106629e-21,21968617634255515e-22,7848647669580713e-22,0.01003693283479489,9288253268486733e-23,0.70514509507173
15561684008274986e-25,4302896473654224e-23,0.06137657873795556,0.08670592890973483,0.12672274356513172,11631625862494912e-23,19754385263437593e-23,38440201652896794e-24,0.0106675207543703,24809634990468713e-24,0.7145268063377032
5676172684827294e-24,4583657603123763e-22,0.07669518588764955,0.08648961632977183,0.11520795721484924,43891616904005835e-23,27134155072469514e-23,4147081524763155e-22,0.014678941113643906,9651299861676149e-23,0.7069266139332825
1203763313142216e-24,4165290703999294e-22,0.06541838216786305,0.0860553319873652,0.10901093175667312,13988504554929438e-22,9795882616673593e-22,6492944577054374e-22,0.01563347089935902,2667675555842495e-22,0.7238781709551634
11027134417684554e-24,2708580969693218e-21,0.07895571906883507,0.08582691883282642,0.10209412935634665,38804812117718385e-22,6723978151407541e-21,25233083046239762e-22,0.017563428459783547,2456638077782602e-22,0.7155437112426296
29524623996787535e-24,4249358079740311e-21,0.06886322330997363,0.08423278197430788,0.09659910715932654,21715410742966407e-22,3160835307433412e-21,13920451217395994e-22,0.016155499382689717,22142893235899216e-23,0.734138163440563
9450407630972026e-24,6987970783781349e-22,0.07658386607924783,0.08721322727550641,0.10006702845365417,1051038928721254e-21,1011639395465045e-21,36331672439962795e-23,0.01804282752826736,3317270489730145e-23,0.718089883248082
19457519145040587e-25,39992636752217e-19,0.07499693582630271,0.08739493229283697,0.09358277904076022,8510362957777838e-21,5661659180224078e-21,21250762062343356e-22,0.01829784591056729,4991844202959724e-23,0.7257071587033187
7421112538950388e-25,18199835492380643e-23,0.0789598266396097,0.08901268198348126,0.10120769219837798,20009465808146993e-23,13405638311778957e-23,5967318282024147e-23,0.019504006924786082,1271426145971278e-24,0.7113152144176305
33546528344176555e-26,2473654492702807e-22,0.09318452513825418,0.0988527852592642,0.1543041783630303,5309889126286075e-22,17485702058118952e-23,13955357751919206e-23,0.022016089827940104,4630475954977356e-24,0.6316413236806205
45493933223793037e-26,1733281178977635e-23,0.10279054522676909,0.10470710015675738,0.20426201168219368,1475488745234795e-23,14133909244741223e-24,8767672480029861e-24,0.026129694032123403,36906861478008773e-25,0.56211058976725
26217906231034953e-24,5147205258488682e-21,0.11524179366687741,0.10809999729024194,0.24828795374728121,34753148745933525e-22,34555897476532646e-22,10459774786643134e-22,0.023612067052314598,2729154901127663e-22,0.5047447650225428
7232948351191116e-24,20934274072822654e-21,0.09328986979691065,0.1059574947642716,0.26606490470430333,9166738059173087e-21,1415139174398211e-20,33890447382375232e-22,0.02075027590338975,773383832489688e-22,0.5138897288111924
15252303531873495e-24,2895607328132186e-20,0.08627817228593111,0.10986319905154657,0.259441617722622,12346943165424718e-21,2438614336896733e-20,4570306241236039e-21,0.020893972299090152,10243794205080761e-23,0.5234526614845126
4794443255275029e-25,13375431509827657e-22,0.0782983274588639,0.10303541376566336,0.2523963134545012,5903834410032161e-22,15415117135041502e-22,252373162290849e-21,0.01826843163244606,36357290109215306e-25,0.5479977877618805
15460395533930506e-25,2588609542404634e-21,0.08872226777670744,0.11666107321218218,0.25895379178334166,5248679166797798e-22,5044127860774737e-22,11163514301826314e-23,0.021958819644918384,12547330055410223e-24,0.5137003039640927
6257960214717644e-25,12650128059559361e-22,0.07838653963961402,0.13345644685224134,0.3160144141410532,3872047450481238e-22,2113963234359471e-21,1174030880329149e-22,0.021695252896835004,8444782639796752e-24,0.45044345381581014
3612748505661388e-25,148354974874232e-20,0.08009045892397208,0.14154777520336054,0.3540995610970003,7913667151294218e-24,22915863524687356e-22,19786443402499933e-24,0.022455454508264267,7510837594489921e-24,0.4018029395590328
14071006108338063e-26,1710186197693387e-22,0.080147123702547,0.1500303404640835,0.34905817833131186,6258211287626348e-23,604661000228765e-22,21445001769587125e-24,0.02435157813249513,4796043594779122e-25,0.39641246323737506
16478755491619772e-24,4250008947098239e-21,0.08730724461712833,0.15576791145641647,0.3372367222763155,1600433812512342e-21,2779295037359141e-22,5442956005208837e-22,0.02555627547812656,5721168959670642e-23,0.39412509981371374
50533769645286736e-24,2596025130911227e-20,0.09005164682231595,0.16840378536470746,0.4089967162222159,89610767640555e-19,11338809069804702e-21,4487914774132735e-21,0.02572126336043448,8497567209246429e-22,0.30677493988790167
36722008068712554e-26,1375712297891816e-22,0.09025932276461562,0.1837084619844677,0.4390428417895779,1517353592515929e-23,9827721921939722e-23,3218771458005938e-23,0.026420371403968083,292627519378306e-22,0.2605686892176952
2167031285648554e-26,7615708761392949e-23,0.06827451167209489,0.18777273997783606,0.4264435486187429,20150139724794995e-24,19096792848936348e-24,14563572181662292e-24,0.03169042771336764,1732218649956284e-24,0.28581864029646353
15424341786182937e-24,12807572121544458e-21,0.07121148724334928,0.20431735442328794,0.45428854880424085,16341692043993526e-22,12688195602621925e-22,6761816226093534e-22,0.03571025391957097,18439872850545982e-23,0.2344557690453576
8264172271423435e-25,2100290456237104e-21,0.0784722793810834,0.200227011594624,0.42661550909864177,7071594769601134e-23,1218901483405955e-22,35773404540288815e-24,0.03545494194707145,4732017792391455e-25,0.25922792800871
3826909422259636e-24,7159874273509381e-21,0.07672709681779719,0.1954400542816494,0.4042782639650111,7976798557543678e-22,12396992253860094e-22,562743654344555e-22,0.031480166355461706,4112110148244491e-23,0.2920651201043493
15464147674686464e-25,6998349637130509e-21,0.07536757168982093,0.2082656069987019,0.440342223864297,3445167866000195e-22,13092545219577994e-22,1870668771964264e-22,0.032802148893976577,7584107956607915e-23,0.243213531977888
22702737265845813e-25,6766049879842539e-22,0.053945197804156735,0.21592588926438352,0.4528561332908763,6779507999707675e-23,5788589619994975e-23,6449926650830798e-23,0.038501509850422104,19007311611472872e-24,0.23877038172475976
14691646185125914e-24,23114673782653748e-21,0.06083210857852919,0.22800165269150696,0.46186070429588294,19032289188906572e-22,17850227399524992e-22,21788322704046282e-22,0.03954705897519058,21079831726978478e-23,0.20972926821157695
25673923135221912e-25,10852033567144875e-21,0.051033977938913504,0.22079852826429963,0.4518130935567003,548593625595453e-22,4784271135818476e-22,121797406547833e-21,0.035423724459320495,20076320988451292e-24,0.24091914602032685
1354855523695942e-23,3426944610104669e-20,0.06275971368719947,0.22919177650325076,0.47949034919178823,57695719865638745e-22,69515063255171215e-22,5363648209110054e-21,0.036671360160862324,34706290204925955e-23,0.19183408567276913
18936616813360405e-25,36997418800531897e-22,0.061950090608433345,0.22297841511944208,0.474479539518963,24478032355753086e-23,4262821560689456e-22,17846556956957767e-23,0.037621018660167184,2139134883615282e-23,0.20296636353800154
4382587842460943e-26,16147792362713504e-23,0.04987717164392028,0.27823343592836075,0.5932692097150525,1848216996459945e-23,26963404930750148e-24,19711788761141054e-24,0.04521494586606709,11686635287849016e-25,0.03340500899891412
13257197054891509e-25,3763431413348762e-21,0.06192603802937579,0.27499434561475017,0.6158745262368713,10329682804688755e-23,45280026595322974e-23,6755401482755581e-22,0.04719983988542085,16037480119937136e-24,23780173370642544e-23
21441989866449524e-24,5194230922427618e-21,0.07716439578923871,0.2711170079347552,0.6048355228794539,1104648654827425e-21,2118949620462156e-21,15165267934374486e-22,0.04686819341157794,21996206655998512e-23,4704226456763596e-21
18794578414039053e-24,5537677627522627e-21,0.07132061896240399,0.27422806069297756,0.6084184455307539,3910418121792893e-22,18029275549573017e-22,27310520167176753e-22,0.046021197838830366,22412875423022937e-23,9713532060477007e-22
35609619279994325e-25,9668778296412772e-23,0.06056139639382222,0.2799481972784885,0.6114338540331831,5352900885189256e-23,30186847368916343e-23,3119813781543218e-22,0.04805569096974799,20131997759229744e-24,735651392322393e-22
5622034392777475e-25,19995960552452838e-24,0.08257707481940785,0.27278774980395637,0.5936433552840167,77049706295235e-22,11757538262596597e-24,18250778022548637e-24,0.05099173004559154,5903461219798833e-24,2587212793785108e-23
1442501474723416e-25,6893776146006801e-24,0.07582792410169237,0.26713450163203944,0.6085225095630207,13619770910544432e-24,5923921778679169e-24,21317733761251866e-24,0.048515008980863895,18112842972803512e-25,6011631360717814e-24
888326925185046e-24,7992053986887396e-22,0.07870095725693645,0.2643790375667964,0.6095408614336121,2741040881667021e-24,13041562757739122e-23,8015840261538383e-23,0.04737809825440635,1498356660531054e-23,1709588792364329e-23
9379155021017925e-25,8182625691565924e-22,0.07315401883268269,0.2502255327209463,0.6327338587832818,5663915572486441e-24,13047659351103633e-23,1333032756542605e-22,0.04388546258429792,18818776036228267e-24,19615748130560058e-24
5119341738304129e-25,12796180148463338e-22,0.07445048859842798,0.2626414173202006,0.6229131541509494,6780256149605563e-24,20767982045985016e-23,3963506101617777e-23,0.039993290649009854,9671439159082352e-23,18341716734686417e-24
12272426358360395e-26,11782886789834012e-23,0.08840169112496288,0.259964275657635,0.6125336791483004,22912543266813315e-25,3305013491231838e-23,29276417048242253e-24,0.03910015473289856,8337282031131155e-24,8429521651383963e-24
19964313856968585e-27,19444955034460995e-24,0.04592246538702326,0.26025962118507134,0.6603727368443242,935290052278092e-24,12028694465638692e-24,3303440315167208e-24,0.03344513348572423,19621084103096775e-25,540335924152106e-23
951842621503563e-24,12516741573077456e-24,0.00028534524956662653,0.29395293412168705,0.6709658468751583,13654765812672268e-24,16708459047673258e-24,28216382369627895e-24,0.0347957315286676,14987215515511544e-24,55189059308422445e-24
4884445814758279e-24,14981013338925753e-23,0.001933988039948645,0.2797783589383804,0.6845999322820824,5769086193572754e-23,7938099249269118e-23,1251437763486802e-22,0.03368703692202584,7096981577915693e-23,19593669113234938e-23
10825448530764795e-25,18744790617522292e-24,0.0005239495738656857,0.27902655004284993,0.6879039346955654,11573101853768655e-24,10299893646890952e-24,1499431117187971e-23,0.03254545715216947,14907225646602497e-24,36933771488466485e-24
17294659659557033e-26,12195345105488353e-24,0.0004500869664113885,0.2776751009149425,0.6924411587624945,3094056444741931e-24,5762386509453489e-24,8903515806819918e-24,0.029433608549307325,4898403582678671e-24,9782841002686224e-24
1464081383492458e-24,5474752720364082e-22,0.005395345052898545,0.28096956461379724,0.6824709018968694,3269203394537552e-23,1968671643664499e-22,20210415391642945e-23,0.031162993328597965,14351955838112207e-23,7098555687292795e-23
7602723322030468e-24,42827440057014945e-23,0.016110252207799068,0.28270314972634925,0.6676968888924844,9077715130276412e-23,12573072746751403e-23,17040981605049788e-23,0.033488568997357984,1163543615788352e-22,20101802437948308e-23
4516899411016044e-24,4028427653119303e-21,0.018009012961715493,0.2909004762232033,0.661567835872544,64842901400028e-21,3046088029690654e-22,35143991062406346e-23,0.02951725278843407,3487881815001798e-22,3195297810355315e-22
17326366290526272e-24,55149773415429706e-22,0.002396137423333892,0.2961322802577322,0.6698200427139078,12747720162847456e-23,8302007525078278e-22,5911838604805198e-22,0.03164369964278338,5701273550985292e-22,18866920652963044e-23
8800490437550298e-24,33478049742751663e-23,0.0004894176965352771,0.28850794827011333,0.685288626900989,12575166273401328e-23,19127547938895791e-23,20058258328670799e-23,0.02571206923276185,4303119177516078e-22,6464128731769183e-22
16404303630291931e-25,4824717679282562e-21,0.0007249058308706468,0.2782816733290129,0.6978293559593475,7729912777888244e-22,33271591018494837e-22,3154745673695504e-21,0.023126889196375296,22435888125236298e-21,2658542382703042e-21
11725144719724665e-25,3303422050522582e-21,0.0010443782270306912,0.28680184904792205,0.6841292301975634,4942906700979253e-22,2330960929454892e-21,20736778138223682e-22,0.02799719454531416,18189122146917572e-21,9553361076124442e-22
35546820720149015e-26,31536953254217995e-24,0.018940486693643233,0.32162952614822227,0.6195915845329621,4610434469250375e-24,11417892469555603e-23,26084626261029255e-24,0.0398380841837449,13039352568075402e-23,1128191628281208e-23
7749751151706776e-24,44079792213552375e-23,0.034996036929871285,0.30786363512907694,0.6215719912066482,10136720737782689e-23,1568998409445037e-21,4085699554976557e-22,0.035560993924737834,4561783644607112e-21,2535427742115766e-22
18985025046566914e-25,14046085726015387e-23,0.02604758158904532,0.3178177010979381,0.6212955284963574,27332103131775046e-24,30459243452999237e-23,8020170445235301e-23,0.034837474208653,10884219430740505e-22,7170064626259166e-23
1662881804303038e-23,15605308753593914e-22,0.03380676448403487,0.31903736499906177,0.60972327654443,14880498812537342e-23,35061018574811868e-22,13046657367937984e-22,0.037417534022806544,8227124043392653e-21,29609334435711746e-23
5000731963171916e-24,4105925314349671e-22,0.03872304477251722,0.3383569109907068,0.5800345781641176,34501778009303395e-24,357636990714649e-21,16871831310857243e-23,0.0428838153671669,5806265097871511e-22,9362862092696429e-23
15596293870718874e-25,11878868932574452e-23,0.04937546284856946,0.3672224960109761,0.5351456689204064,27398615792860716e-24,2205692459681316e-22,910141734656279e-22,0.04825566655418583,17533116282035461e-23,7100430602606411e-23
10222609808849852e-25,2663609234046905e-23,0.012398184852597093,0.3629146717076262,0.5841388736702505,15130571097043672e-24,41681850082852615e-24,4756399224794778e-23,0.04054804441481018,51869294388420504e-24,41449533367898e-21
8150080664779041e-24,21291663940672859e-23,0.004347585082436838,0.3561211454397773,0.6035232069774273,1084648960640941e-22,19930856304854624e-23,31054007734270507e-23,0.03600673834369165,2392163170081532e-22,2455580577623127e-22
59210031823548734e-25,15514354368700562e-23,0.00021339502360014773,0.3572316501226355,0.6078185751600244,7778785054976397e-23,13315326445490985e-23,20834164175627556e-23,0.03473550660561246,12754590389832925e-23,165197975827919e-21
31002426610632103e-25,9164647429268417e-23,0.0023552179321216045,0.35921430213302413,0.6022999212738839,39731358733052033e-24,7216769135229013e-23,10916323332477522e-23,0.036130088504474224,8064899496001236e-23,7370448295507989e-23
21446131041311433e-25,355971590463465e-22,0.012387315302669906,0.35261115290008826,0.6007613053226085,27140512680257812e-24,21127425532109083e-24,596312998744856e-22,0.03424000090651112,28850846312820936e-24,51073438449289156e-24
21019490952704434e-25,549326982229033e-21,0.056340685770699325,0.31944073533752243,0.5922522812802904,3261703806066322e-23,6790698417701546e-22,2679513813123994e-22,0.03196124190573726,35137958544398466e-22,10842680207397917e-24
197071545272792e-23,7250855986317815e-22,0.0580168526807218,0.322897942982108,0.5872401516802217,10881116131825078e-24,37134832962526265e-23,3826785115348262e-22,0.03183651013848242,7040110722783759e-21,10443615037400074e-24
10589632940374892e-24,1011405244581599e-21,0.04891370096293769,0.32863122302805237,0.5906443057643621,8804482967090728e-23,5587221635992026e-22,1277020973748278e-22,0.03180380340923282,5026309330668858e-21,14406211295905074e-23
32167576930784447e-25,14739854661878162e-22,0.05815498679736304,0.32684807717761194,0.5822693603343398,935331549283949e-22,964402855337378e-21,22866805082584933e-23,0.03270384825536459,2094138344905521e-20,22245422548788366e-24
10366044102624285e-25,29551695041863016e-24,0.04016303613078907,0.3395952419851023,0.5875264658725836,15893626407706577e-24,2133040442077019e-23,3539618379268359e-23,0.03271508474112904,4700483959772266e-23,21058371930507185e-24
3555492198090254e-25,2297103767366879e-23,3369278598494973e-20,0.34793378035568745,0.6216852599658818,50212349263891456e-25,23639177168332295e-24,3033833976504298e-23,0.030343139197856858,4039128174812143e-21,6241508334292129e-24
5120635799769265e-24,8928093166436896e-22,24676761508204594e-21,0.33501412090478977,0.6348091279886524,6897023132333405e-23,7255898547026099e-22,3250076784171712e-22,0.030126079345649405,23937382239215816e-21,40119433334721255e-24
8460361469310875e-24,14140461130831107e-22,0.00015296763438308388,0.3350965312684526,0.6336019829403853,7068919793843699e-23,11407284945862188e-22,43994261131968003e-23,0.031019392225638903,0.0001259676974777625,8436689056229723e-23
23931881495475917e-26,12211984050956387e-24,10374456166878213e-22,0.33313262949234546,0.6415755772187208,423961761239389e-23,10862527372056635e-24,12157772344990773e-24,0.021903362168074435,0.0033873496604401184,4302806660997995e-24
10487196712671929e-26,32290942354088666e-24,5506770523801853e-21,0.3277352178351802,0.6457919039880612,4025260586390791e-24,32541558173721083e-24,2613507292893274e-23,0.022903918144862652,0.003563355682930869,2485015032194849e-24
8473366578470312e-24,318573503067446e-21,27023611662378857e-21,0.3287216481962141,0.6468603363868014,1301810370058643e-22,24433993801422503e-23,4093750687091064e-22,0.024249828901493176,0.00013990160301797125,1503577987255137e-22
6619207868313503e-24,6767191058310865e-22,6509481363962962e-21,0.3472471112006755,0.6255576755627671,5373670620258461e-23,40067301385811365e-23,1917088717106237e-22,0.02715069460656844,3661790349186815e-20,6178821875478773e-23
17445091606357968e-26,6820303947939334e-24,3643361284523549e-22,0.3621827145894956,0.6074599642960967,10004619948004474e-25,4546763882738761e-24,9961301591036134e-24,0.030354846150125608,2087385037032739e-21,7396976349089536e-25
19100897363112886e-25,45384703554417356e-23,25538866337803194e-21,0.3625508023148157,0.6125379065163256,40951176259142706e-24,17168336897261117e-23,8161869066165754e-23,0.02365655197383655,0.001228402033195102,48284472396710557e-24
7419347396352463e-25,7786509312499384e-23,8639273122195384e-21,0.3767017143400718,0.5970221617673002,14492830516760587e-24,32908833985324724e-24,4719403144099893e-23,0.025457575952806264,0.0008097157221855633,19743306964673077e-24
14964674679895656e-25,628898778089709e-22,2757159981789117e-21,0.38005841379613664,0.5845968206887938,2285440736320071e-23,4047376777383227e-23,10560451902174064e-23,0.029276823306107886,0.006064913236395239,3849376655130519e-23
6899783436649977e-25,11268078745927498e-22,71706246974738825e-22,0.3677584723987772,0.5890625021088144,9439040036661428e-24,1472957040254393e-22,10799398068267764e-22,0.04316681423663673,26729828316566476e-22,34763200636512403e-25
5442973275601709e-25,12826493643252909e-22,0.00010523398785906004,0.3681700833786251,0.5703650233625949,7534399982793795e-24,53843479492554084e-24,13983925490286922e-21,0.04847663536759319,0.0128676852748226,10131450619487839e-24
11168377649177012e-25,7384167603341195e-22,0.00034475948766088643,0.3786814802793405,0.5616895325981999,24272994779104223e-24,8851513299374998e-23,16475655756333565e-22,0.059278581903659325,3117048819721106e-21,28795092249575535e-24
13409060720352397e-24,5689966773810953e-21,59418202873923714e-21,0.38397029081790557,0.5522622453505098,20997260224103253e-23,8349831209086855e-22,0.0002572870918124169,0.06343718372573981,655617986131561e-20,27030008354875693e-23
1191934591609876e-23,13291229653502965e-22,37953624635186905e-21,0.3784454167952189,0.5574145176695978,18797527754988732e-23,5152390810806475e-22,5519341871389774e-20,0.06401341179540093,3124153217756051e-20,22090718019403307e-23
10072619029781547e-24,4587893767169814e-21,4699019918751567e-20,0.3831686554553978,0.5529101490774064,16402633740430994e-23,7660542045740141e-22,0.00021191601744019668,0.06358287382360503,7370518813527601e-20,18219205096870266e-23
738572163861939e-23,16053775241995487e-21,571970109415038e-19,0.39623369218549553,0.5368542051421005,1262382373166799e-22,13769621014248603e-22,0.0005039750144806717,0.06630231745455893,30909966983312696e-21,138864185435705e-21
18455228605417225e-24,69166774267284e-18,0.00030818708261072037,0.41123099239082245,0.5230810927425887,3098893326635449e-22,36478515263382723e-22,0.0006700869007664664,0.06442093019858619,0.00021523616481358167,33154906695005897e-23
8050856905571635e-24,14433576201258433e-21,4104986130013422e-20,0.4163936212853221,0.518225195600142,36890412199226235e-23,22939855675492456e-22,0.000337361239472871,0.06496697422933964,1854256941022306e-20,15069832608081127e-23
22744229248550054e-25,20685289598260434e-21,40315508412509686e-21,0.4174579533119743,0.5158316884626916,6779400941029318e-23,9157608022048815e-22,0.0011288774568146641,0.06540696663993054,0.00011247539173975004,5210963964812037e-23
4058085634858746e-26,1066842677899845e-21,14567819000481146e-22,0.41281857566723623,0.5095139216687921,4679867544744781e-24,19501538032387777e-24,0.012061653172962362,0.06552418927028222,7911137075926812e-20,10053700381734803e-25
14733148309402078e-25,7772342413232571e-20,41395311499333434e-21,0.4137127934493113,0.5073271664592358,14814652785882956e-23,8337818518372487e-22,0.013307385890847912,0.06519903182409556,0.00033347845721868827,4178195829689343e-23
16456144174542012e-27,1053066522199587e-21,12107597093568663e-23,0.4255108188568305,0.4935079038890914,7569418312667066e-25,5015080618531876e-24,0.012363117827937468,0.06861648593782847,4931624939833101e-22,39450245296778273e-26
5116586888913747e-25,17235668315238958e-22,22446511413123705e-22,0.38328759812404434,0.5086087587846347,21714215174622093e-24,20616675050422097e-23,0.03917474671605224,0.0689224134919691,2271446361082622e-21,14826343458725522e-24
14189956025715151e-25,4681391220353584e-21,8615369021764629e-22,0.3743567796640891,0.5281743507533653,28324812839815032e-24,107127681847461e-21,0.03101686594407003,0.06639018856493177,560993572455334e-19,3591707124562232e-23
31055183632947774e-25,21223824781611522e-22,3780620120946801e-22,0.3654603336088975,0.5255822640838419,3529492446667759e-23,5754826121624656e-23,0.04452912479887919,0.06442340136949859,22094462780429835e-22,7029919839065159e-23
5564978932354326e-25,12628036713364348e-22,3496168210944173e-23,0.3515108473427366,0.5104796496128551,8657900934278309e-24,10269951289415246e-24,0.07073293763766456,0.06727017730023195,5057083938972966e-21,1377298253093309e-23
2060054156521522e-23,0.00010807075046174689,8396751934003542e-21,0.3476814549745089,0.5274570887180452,14923046131302781e-22,6218053829612751e-21,0.058696674317196426,0.06517896361221412,0.0008612150436696637,40487295886724917e-23
1757758187226169e-23,0.00015155306561992,5754816179331515e-21,0.35963814442324354,0.512364228087554,10544180719339034e-22,524179018117153e-20,0.05859580504030293,0.06845718685440279,0.0007806786990929678,3352276960152906e-22
9739491628204955e-25,0.00010424132167582463,30378697978038616e-22,0.34298831062496166,0.5112308537252068,37356648363635164e-23,19533236302336087e-22,0.0708930092943179,0.06338050947755464,0.01139770037361496,9448774296964184e-24
15032602875679751e-26,6046036164198654e-21,14053625482307682e-23,0.3353148041698077,0.5131938022292875,8185287130231581e-24,5795152878348459e-23,0.07817010085607717,0.06065365624534128,0.01266138106076828,25792260536077904e-25
1634163766849787e-25,12380614867350017e-22,1138182243876439e-22,0.34218466479761217,0.48626366544239424,14731750272810445e-24,6704520892513046e-23,0.09447558270307448,0.06681539698520764,0.010259252560678184,36909489290052694e-25
7282577928008305e-25,9520782844054973e-20,9360382897334096e-22,0.34175507047989667,0.49486204202371786,6828663894541204e-23,5621278841655058e-22,0.08615719153929488,0.06566140261622255,0.01146750484243165,13488996877900596e-24
4007340450522435e-24,0.00031294424629216695,7314564958311234e-21,0.33263315747713457,0.504988365721073,36272733056187096e-23,34651000344949336e-22,0.08654874611669647,0.06257885449640911,0.012926719009529453,6653312717328726e-23
15127912524470362e-26,53956826863844914e-21,19065444084461085e-23,0.3341597711090855,0.5089938316823455,7986219290635869e-24,19843712115847018e-23,0.08710559627613243,0.06310073037935791,0.006585713998815273,24982483690461537e-25
9258542218814188e-25,0.01328645247059878,5034070901936625e-23,0.3439592467994729,0.474463040440353,12872120644482865e-24,3816947232736323e-23,0.1000301287951579,0.06749819889344233,0.0007628158165641049,14476170349031799e-24
4679064392831425e-24,0.00012635352871182608,5594457853409204e-22,0.3272814666858988,0.5161512436775925,8402757171490406e-23,37778091194080654e-23,0.0710337351541731,0.05880229059690926,0.02660382349486076,6092804957417262e-23
8626971675391365e-25,3236383364785429e-20,8914004470221043e-22,0.3110664730817421,0.5026077389563145,5941325982538444e-23,46156096746416995e-23,0.09057941671278921,0.05746012881245704,0.03825245788687043,7478785260964645e-24
15056530165175688e-26,7156026637602006e-22,14473925186014818e-24,0.30820879059961154,0.5320999032144721,19229182001027454e-25,6291994461059163e-24,0.058357838993792724,0.05328994435977566,0.04804278308254341,13077353651681015e-25
3362298325876885e-24,0.000132727394127279,14696127500329078e-22,0.30949783209378745,0.5147684809110066,28140817346165215e-24,2854694315403644e-22,0.07485134925049704,0.058719400523499936,0.04202840996875331,13273031346106745e-24
8448181101387915e-25,3682884658772494e-21,18227385297484487e-23,0.3087638107193518,0.5480903097810161,14673990946728872e-24,4070207667252976e-23,0.04217266171347065,0.052867417569710556,0.04810187103316353,7803888547970138e-24
6410383352670328e-25,1382151740571102e-20,2796354359369797e-22,0.313584424638639,0.5177847401266763,22117592674608802e-24,21229210488665115e-23,0.0681886520868583,0.05717046590701756,0.043257376758965786,4278251013931244e-24
23101343715402038e-26,16515700215392003e-21,10479261570789547e-23,0.3134156452150208,0.48724314684644654,7017115152478321e-24,26307476549904653e-24,0.10132159584643252,0.06089856208827647,0.03710439463202234,1323350578331315e-24
32926544486679116e-26,12134776158863642e-21,19930745643712447e-23,0.32073931891165114,0.48557470789095,12970957463912954e-24,4703740364697087e-23,0.09571206748390082,0.060052651062433564,0.037908858548119054,16817047123810884e-25
3732418937475856e-24,0.0001516580233558449,2896249658307002e-21,0.3135865839819696,0.47991335788427825,3368137037126794e-22,9069414719370994e-22,0.10724346131273087,0.059610005040113885,0.03949076617677884,23843526700123513e-24
13444492760910668e-24,40166553349492795e-21,9581776530024474e-22,0.3120282545956136,0.49773630418230225,18311361572212927e-23,3621397803073886e-22,0.09546469256573774,0.05485687008616209,0.03987205431987859,1408211146733538e-22
6381110287864173e-23,6467870975592404e-20,37163990135969285e-22,0.309445962677831,0.5214917240193895,10232396399634696e-22,36003910810617013e-22,0.07816148911953506,0.04670792070614531,0.044119301225950716,5197005580158316e-22
13580673817382865e-25,7706976987411136e-20,22069354199380436e-23,0.32419248851944277,0.48433683874703937,7304354296873732e-23,1174227808596249e-22,0.09327793869292646,0.05698410038859198,0.04113114363840023,7725788493500112e-24
4075719441699899e-24,3688933741855794e-20,26084081593181375e-22,0.3277533446251788,0.48088985476157675,6321540178326862e-22,9393453697570033e-22,0.08981251480044944,0.05469987127725241,0.046803314727579204,26487301050849926e-24
7044419890394839e-25,5268753441314907e-20,20418320437119074e-23,0.3167004960246641,0.5060198857387123,4554849751739253e-23,6032131322963266e-23,0.0792615447490117,0.04790134651558808,0.050063726237032945,24431110618936654e-25
6101154258145397e-23,0.00151646230965587,6772377066699708e-21,0.31483560706336544,0.5273123821609222,5199914047059662e-22,12554701681779911e-22,0.059148469021982564,0.04684995955330824,0.050328046875160376,4641654228329178e-22
19441729403168372e-24,0.0018945423315087097,2619550141716904e-21,0.3029239375683307,0.5393880590608521,3278638776115429e-22,29491616049197457e-23,0.06877778433180255,0.040393871616131685,0.04661850950778619,33811676783289444e-24
3290561868613619e-23,0.0003415755438338137,20808349365848247e-22,0.3111837150562922,0.5314259954067995,4545072545677319e-22,6189529873315725e-22,0.05230309555025179,0.04308126335461806,0.061660887279248726,2806080960740002e-22
36470918284934224e-24,0.0010921233344796922,9378749345217491e-21,0.30341307886302393,0.5426810967882103,6635673036311475e-22,9740654359317536e-22,0.05345277907040427,0.039692760164185874,0.059656891414437245,21751225382966717e-23
29600851706040706e-25,0.002601543900016072,17950683203066947e-23,0.3170778035523128,0.5047943376744357,18890804806153907e-24,4370693239534634e-23,0.07667232254186217,0.04370233547022392,0.05515138656599057,2523049181865409e-23
5988824791151512e-25,0.02329469909710198,2537160489606413e-22,0.3282092187225842,0.4718008589231599,51450428007481006e-24,4022145269393631e-23,0.0913331407864239,0.04404757843530922,0.041314153484947096,4563649496425796e-24
2242894566745248e-24,33923230110466337e-22,14109949037147005e-23,0.28348761976152087,0.5118282776646356,29913293669813904e-24,7840493084180946e-23,0.11758306344877249,0.04035158705591073,0.04674577928662684,2879891578366031e-23
2460131163920812e-24,6764006056010596e-20,39512114105478023e-23,0.24152111017407615,0.6163371588962776,13168412788788687e-23,19471255394272525e-23,0.07314642399170221,0.030357115535251524,0.038569796896416084,30467762179158283e-24
2394889270954301e-24,13854637736167702e-21,29877546873511846e-23,0.25469319663271234,0.6093018083393891,12053368478479676e-23,2481707316449512e-23,0.06369151467378298,0.030732895916343164,0.04156625022972717,33049192627785955e-24
922941686793099e-23,3507604068412293e-21,99695550474339e-20,0.251896154674081,0.6225665362377247,32858753396123475e-23,6145115774062139e-22,0.051910976264638496,0.027049714544133106,0.04657105574032895,10565099398841413e-23
37981995441222384e-25,416849498385448e-20,15912590559755898e-22,0.2648850505662547,0.6016970458278288,37824090792970594e-23,8426633475811499e-22,0.05746895874942836,0.03218480482907433,0.043757093651540416,6191937847086719e-23
10144922105404898e-24,27040095497119114e-22,9963716742359868e-22,0.2506848805187576,0.6146158386956305,3148105290452244e-22,5165641059913399e-22,0.05527306843946757,0.026186831208397324,0.05323472747417939,11176278509108978e-23
5139722405399731e-24,1808378832542077e-20,16525092400205726e-22,0.27382048568988937,0.5797276542692746,5245487433496282e-22,11240321054005037e-22,0.06879449586722743,0.034956791408442794,0.04267912836961025,5437741928406779e-23
17759722230947387e-25,20443491224124468e-22,26208432970645296e-23,0.261891962395733,0.5830358314050643,13069622451543243e-23,21075560572297953e-23,0.07291042588174926,0.03719261900304232,0.04496648839562069,23257535740322274e-24
12206027409716617e-24,7269477312968179e-21,47285254826852345e-23,0.24283004640286895,0.6090078167870094,25578780222554376e-23,342800996682113e-21,0.06730383501978028,0.03398894111847944,0.04686092550858686,8203858578486385e-23
10650667300234815e-24,23298873176292866e-22,585960643765304e-21,0.29237437558316376,0.5264884773029419,2664926602262937e-22,401345016290855e-21,0.08313523451315893,0.04012428691670158,0.057873958692792465,7265493587220049e-23
2421275547920148e-23,25583970666100624e-21,6697173173674868e-22,0.31354696060522974,0.501727303794177,23780876542723553e-23,4821134319177375e-22,0.09582897021236743,0.05310998534563591,0.035759628114543085,15410511033838333e-23
13616945607053814e-24,12935776094797846e-21,4119008490812133e-22,0.3234658046976434,0.45639065723494865,29047925524824285e-23,2766549806649191e-22,0.12001863763185709,0.05870961203353845,0.04140127608333035,8389055718680432e-23
14563398657084242e-25,30140127961301565e-22,34935643675619013e-24,0.3382748046114536,0.42575427447505554,14973928363000846e-24,2498637692389038e-23,0.13067884702919338,0.06433101552103763,0.04095795844526727,9552906980506584e-24
10837318261586507e-23,0.0022805677333889315,16840350766246918e-21,0.3556237973622032,0.3846820742901726,5330467634860929e-22,10295127882806792e-21,0.1461505895120985,0.0674570814444231,0.04377727312850869,8396306103035949e-22
33194114427443566e-25,2900363150463554e-22,15820746363660365e-23,0.34469202339724564,0.39631989015529717,10097171601522158e-23,11982342464998087e-23,0.14718832559256464,0.07081538367566294,0.040983681945526686,22875373369637682e-24
14469372482145072e-25,14010209217197226e-23,31697371041946036e-24,0.34608435642358665,0.3741579247627546,1729978529758648e-23,29539224021750138e-24,0.15370093061748916,0.0942759013106806,0.03178065756813029,9231947597046066e-24
858821012631715e-23,0.0026087803520133666,25057230658345673e-23,0.36222163530667323,0.36934867511008584,1064521383373007e-22,229245838096529e-21,0.14733416518364914,0.0969364330669994,0.02154966179103066,54331056346594047e-24
