11465424290470833e-24,33567527577020474e-22,0.05350541601298663,0.029851065762869743,0.07357683184199888,6434676080805722e-21,7251215394456341e-21,8578534378918526e-21,0.007783129130449087,454252536800773e-21,0.8352574703551229
11035516298588522e-23,1266509247667405e-21,0.052811766804513716,0.027868238110809452,0.06996397967154383,2858574669544416e-22,26282585345886706e-22,21549020561130596e-22,0.007625640051176742,6623462781607222e-23,0.8417238632448752
24744863398144456e-24,18891376873116646e-23,0.04838120785263164,0.026856220668006272,0.06621537966519811,5218878689329612e-23,37620385597819875e-23,2326073595014476e-22,0.007109207060070816,24145026843825595e-24,0.8514370859504173
3969670766915793e-23,5394500495137437e-22,0.049042325532778305,0.026085230385336444,0.06685524815385378,346057810047009e-20,3955856250185357e-21,425069618310441e-20,0.00690112331039468,4079828336261437e-22,0.8511034183576074
8520052256878925e-25,34299240286910195e-24,0.04759979671040437,0.026232099025278264,0.06733292473779456,20883731255100715e-24,11019646935956843e-23,8901247617614293e-23,0.006532449699543251,19858210943886366e-24,0.8523024547249117
8945206647312582e-23,10754018904740661e-22,0.049372673456384186,0.02652016104362958,0.06795344455092674,15418027877889666e-23,13238680988769712e-22,8446768420809562e-22,0.006872833492305401,6997703490976391e-23,0.849277329900627
10679109726970063e-24,12268406978171165e-23,0.047939119931026376,0.025835775061356744,0.07047802145472908,3139568512082497e-23,18451406693382112e-23,13672444391485233e-23,0.00625668192494876,20583775963845192e-24,0.8494898950466395
26108075209549317e-27,3085111354150942e-24,0.045792904355317215,0.025419880962378953,0.06736558597771337,4166654672083997e-23,20859595474663578e-24,22737242053118298e-24,0.006081003572208775,7729539032456811e-25,0.8553405359848345
40787299468628895e-27,56216752432852395e-25,0.044171707251917866,0.027387938233625418,0.0668641253020402,4697141353457004e-23,28562128306028576e-24,32647437236085604e-24,0.0061987632756513155,9447340293474768e-25,0.8553773511485921
6191133141666205e-26,9473345509196151e-24,0.04174791798701841,0.029455964918181636,0.06406293947556414,5935092205936557e-23,33484945930930314e-24,33211871581563e-21,0.006013794573491413,12171788075414929e-25,0.8587192462455747
1100907638161009e-25,19290175123744306e-24,0.0390472934311564,0.028347528105058112,0.06311634196946049,10910124362721306e-23,7182963696235559e-23,55840534682299777e-24,0.005312870096464509,2200376156496019e-24,0.8641757080257975
8936256303313739e-26,1552255011045816e-23,0.04184445006726664,0.029604018033669084,0.06316337332744101,1059879570270087e-22,50665669029909913e-24,36943180657588026e-24,0.005950553202660658,15910863599762583e-25,0.8594373945691531
9956964406641334e-26,16631352615019702e-24,0.03887447253733481,0.029415864801727296,0.0632961733729709,6499537899569021e-23,4434274036838696e-23,3228599219699602e-23,0.005613447840558345,16588709352658364e-25,0.8627998814335063
19829610466072985e-24,4194509899031671e-21,0.037498992115767876,0.02913531765406748,0.06280600329122632,30404089111492794e-21,1921233346441844e-20,11792307409957988e-21,0.005347411622657851,42431394294031825e-23,0.865146227932846
2276100716162412e-23,4442610345411633e-21,0.03723195189958996,0.028245341211292376,0.061647662344696756,2762493412454922e-20,1755551845635811e-20,9556117419393198e-21,0.005150860435973175,4126404461578988e-22,0.8676645695266578
516725499841745e-25,11000195525611466e-24,0.03838133075110002,0.030076541605470398,0.06595457225415978,3499278642255503e-23,27598762299563748e-24,17546436392598878e-24,0.005362918948549259,11137379510045748e-25,0.8602245441371142
68323607485178425e-25,17698757702565737e-22,0.03359587738853985,0.028176651280890374,0.0613516016236088,7035876984172618e-21,7038267564104895e-21,32444437388231795e-22,0.004727464633811594,13614279500558393e-23,0.8721291736339362
6535102199263419e-24,1928175086562965e-21,0.03252485607586384,0.030013805408285424,0.0619709914983249,57142137100987135e-22,6092907782305027e-21,33693320745557194e-22,0.004868146056720402,12388487002884534e-23,0.8706049659121774
8784243006165309e-24,3161294043053832e-21,0.03014146133111017,0.029491165567361418,0.06198634199887698,9402447827709488e-21,8602372729837238e-21,4220401159061624e-21,0.004422046831461648,2056791230479604e-22,0.8739333832920649
231382927279343e-23,27080974786257887e-23,0.029563151064075373,0.028593733189661123,0.0593022675053956,2015980058462153e-22,20245876143030452e-23,28121458165082275e-23,0.00458822241564428,3981125303734218e-23,0.8779516276190468
6825094453803215e-25,8809159646437226e-23,0.03150301116053557,0.029182843248803336,0.058055419566490504,13005316026572753e-23,1197664969015818e-22,10142577851821146e-23,0.005081423540627248,11766144093129291e-24,0.8761768506978518
13269751798831254e-24,31312235194038052e-22,0.029755016490486248,0.02814718646269033,0.060038468701993954,14934427153067965e-21,8606359329090373e-21,37234439512779916e-22,0.004353663833284995,3027101120225492e-22,0.8776749530799602
9905102216119114e-24,34477954849501787e-22,0.02889011448971366,0.031624813410083344,0.06007817920277102,14274760282095473e-21,7257251688409931e-21,31063657312403053e-22,0.005132025143997981,2029488701622597e-22,0.8742465687263001
6192707576733367e-24,2923171328876133e-21,0.030157066557715072,0.03335984246672295,0.06211826032770717,12503350452217354e-21,5061983385977505e-21,19775513871452906e-22,0.005439399110558967,13836485928537006e-23,0.8689028209233186
10568842177365385e-24,2868915710610286e-21,0.029597618791830566,0.03137788373052175,0.059267972673933314,1254115448403694e-20,5167281479481282e-21,2336563257687202e-21,0.005194177775763567,18255876652856453e-23,0.8745392399883678
1293565314625521e-23,29231566965629646e-22,0.027282080330746233,0.03111543006821288,0.058533342911217166,13319893266731966e-21,6102601518035735e-21,2238472463976548e-21,0.004767052211052715,2872662050352154e-22,0.878277210153812
7375650514336527e-24,10039302955040491e-22,0.023830941225727282,0.029291801887345644,0.05703615179215033,22962197563939815e-22,17034427192892968e-22,1045376697684347e-21,0.004053718262241556,17549009599325007e-23,0.8857811549973208
1917869168692881e-23,4222783193767432e-21,0.024949142787607834,0.029792452474323432,0.05896702072048999,1248692257473145e-20,8713322184704796e-21,38511800812133e-19,0.004131710362846802,5121253376924094e-22,0.8821298681426736
13562722760124342e-26,4971251952373008e-23,0.02011466556053819,0.02514684101002039,0.05101935463411817,2834421508323289e-22,12562133897105484e-23,9383017177196365e-23,0.003019585896227355,13317604681283679e-24,0.9006989868396812
29504111311118662e-25,500043148468948e-21,0.018086935113134247,0.027190566691614685,0.05149522536292751,2748747098295501e-22,24251831893471924e-23,5449195834654127e-22,0.0033668589104147396,10497879057682319e-23,0.8998587436369477
8285985581719149e-24,29394471684859934e-22,0.019116290953996553,0.028652397688172935,0.047086227690668836,11719743889883555e-21,10931707553400113e-21,35304307232114e-19,0.003525073066156976,3662833332880338e-22,0.9015905147023584
1497967585601721e-24,766975951133415e-21,0.02043129434149662,0.02893387652127614,0.042241587806189064,36852284567248855e-22,5830811634510382e-21,906663867717309e-21,0.003499376061021898,6295599990808416e-23,0.9048826111361385
3524591819799078e-23,6518822496891662e-21,0.02443661233270629,0.02849653683413967,0.03845976067097999,1919704949202843e-20,3055987520848125e-20,7023955669484786e-21,0.004649950967234334,64214083834192e-20,0.9038931621053217
2440287332595854e-23,5692825716428236e-22,0.021131751599914348,0.029345501594044806,0.038383251909334656,29218296031317567e-23,3175256575990496e-22,410668174173696e-21,0.005086803565821435,26731109231948936e-23,0.9060508099575607
13556274818089872e-24,742597069061121e-21,0.02630831263341808,0.028605901013306657,0.034439264183892856,2104967989754877e-21,25991992936766704e-22,7897375298808637e-22,0.005875024812681953,10421030082720144e-23,0.9047651430882426
16531797261541636e-25,8309639771103407e-23,0.022587121209628525,0.02822058765456714,0.03199658559301382,18657459130733758e-23,5609246033947447e-22,9033205803008542e-23,0.005306697760549787,24154675475244156e-24,0.9118880610467354
3120662115831952e-23,6531059932828111e-21,0.02606481265101378,0.02920328940291373,0.03364488052805684,1456902586652499e-21,924078670946357e-20,429638720942328e-21,0.0061239429351639205,11051679666845828e-23,0.9049452744640564
13097622777022292e-24,7463836763295394e-21,0.024731341417013362,0.02917844258956011,0.031535741240940086,6859255220141598e-21,12915072851756013e-21,97463633599281e-20,0.006039138187971499,14742165653871592e-23,0.9084869632440713
8754819657467051e-24,11377210315639612e-22,0.02623613038097651,0.02976925648095785,0.03393343708309127,33468700927978974e-22,18846685082267823e-22,9066097992043447e-22,0.00648866377654922,28796703179600424e-24,0.9035651988574704
8809273186774375e-25,6078625077816289e-22,0.032075382755331686,0.03320604531716478,0.05137888585062646,9210700279424855e-22,9671945312940227e-22,26661006810216044e-23,0.007591129767957697,7521825892060148e-24,0.875745785169025
8211065975407882e-24,9626388372447792e-21,0.03456225898130512,0.03489951147936606,0.06748625129458113,806432741635018e-20,6612715934518984e-21,4266385661401723e-21,0.008803620723699697,12971328547427624e-23,0.8542196497793507
7121250730355712e-25,3425016340421898e-21,0.03836445329087641,0.035996463005632494,0.082782017228442,34078433259159494e-22,4115484166048608e-21,3830200211387831e-22,0.007853348687580489,4318395799642431e-23,0.834992342527528
7067149045860606e-25,21459969347695277e-22,0.03135205417493307,0.03572097808935346,0.08831898547473917,20781669660012368e-22,3946073452251611e-21,6151899854596693e-22,0.007070516938589973,57444898184433486e-24,0.837528621743431
10595708202598827e-24,28328095177773733e-22,0.028442506474990036,0.03711756835554637,0.08679673248668243,33506753438500983e-22,7219136254799963e-21,9156836145163334e-22,0.006987115549297295,15537059356201348e-23,0.8406415928625506
2697651156719628e-24,5599384573655599e-21,0.02702285539455702,0.034429226290137234,0.08352119969799222,76127008009993705e-22,20301637665142644e-21,25365460894107652e-22,0.006344619311061005,15724508302812693e-23,0.8486458890943847
4889114985598363e-24,20144605252298697e-22,0.0296419414367356,0.038746374302168644,0.08601302712439339,22162063931370413e-22,16555549693644693e-22,6525142826013625e-22,0.0073216816396894785,6491535243074212e-23,0.8382703669564237
17624664085809182e-24,10465392037096858e-21,0.025912058285351515,0.04467274047350852,0.10540955780310518,20593750198196652e-21,16174025541822588e-21,3939929931295114e-21,0.0072324723323624355,36666729375392334e-23,0.8167216137159617
5105710698894132e-24,9399633242152717e-21,0.026608729944694817,0.04714417782764235,0.11813438576961675,9970639858881992e-21,10855753708879343e-21,32059816134061934e-22,0.007384570910574631,16944143109224913e-23,0.8006945289918719
15409706566677796e-24,10006730263822473e-21,0.02662073608434005,0.05000812172071435,0.116409116261095,502888651487841e-20,6418242233929043e-21,2576789882430044e-21,0.00809634815361497,31824582538479085e-23,0.798841313475819
30161430164180687e-24,2090252620806288e-20,0.028453027029472708,0.051736686290383686,0.11281182212658447,9860900679506496e-21,10062624276113464e-21,4088229761070723e-21,0.008296440499145494,5525895696945114e-22,0.7986565270224872
4511466304128941e-24,11141203233288677e-21,0.02977279694947896,0.05605605336014737,0.13626636277378762,3949123457484028e-21,4991316010450762e-21,12389818913607486e-22,0.008257564734394662,10788900497714194e-23,0.7696257891571511
3925343896840681e-24,8594695439933472e-21,0.03011901815095607,0.060458046090525276,0.1465772469534995,20254277346831216e-22,24834344899423266e-22,5092655960683964e-22,0.00857997047738315,921175002426891e-22,0.754252009461472
10126052264488856e-24,11593864965495623e-21,0.022561874665199013,0.06276751538791232,0.14241960285538097,5897896966040645e-22,11303247196578145e-22,3053092839612012e-22,0.01054685059655527,22407917040450867e-24,0.7616905046723175
757682125034142e-25,8064545379924714e-23,0.0237718181812709,0.0681329884251832,0.15147383031872758,21881127949296896e-24,20288954874384067e-24,1115995746426017e-23,0.01190176890872857,2183390514636931e-24,0.7447194579314368
28617719360308947e-25,1591299324674591e-21,0.026009597774430602,0.06720340291279184,0.14350822956156634,4454664429709534e-22,4877010175652978e-22,4272623421759067e-22,0.011853730047088335,5314835029116827e-23,0.7514220319648733
1674200188128632e-23,127541989495012e-19,0.024629069966789038,0.0654232531385239,0.13515132853229428,2265928177898952e-21,17357375525324898e-22,13625541252896163e-22,0.010344933147668798,2221522059687793e-22,0.7644330579014486
298505717889794e-23,33880573572211146e-22,0.025537108739185636,0.06991283126657374,0.1482055090237006,37743235943163766e-23,5746766194504178e-22,4258477422567123e-22,0.011089733510857253,5272497646490901e-23,0.7452499957357668
165806538641778e-23,7444949371110278e-22,0.01789707610360297,0.07183793209061773,0.15050165252477227,40552270747996126e-24,8089043544510559e-23,4157422034507269e-23,0.012801165775994725,13617193728740709e-24,0.7469612507178959
28039231507642774e-25,18892529096158565e-22,0.02105362409217665,0.07599471487232891,0.15403533617194373,13984152617162488e-23,10533978388443461e-23,1387761430482623e-22,0.01329723130467084,12069372781262202e-24,0.7356168054752206
29017989863386805e-25,2025221462135707e-21,0.017256795731540812,0.07363025218533471,0.15062200991870542,32964541466616084e-24,1498371387366907e-22,29901321448774e-21,0.01186166797396154,10301063955786787e-24,0.7466270230631312
1598631811312317e-25,6797093481008539e-23,0.02129850259995438,0.07603165450055552,0.15957155088340774,12082252162373957e-24,17247378846534578e-24,9284487819192412e-24,0.012282629128679229,963003787003397e-24,0.7308155551794921
1135918583271869e-23,16367071622176687e-22,0.02121544140077327,0.0738575805405623,0.15726818612174223,7238506126549866e-22,5653172196285808e-22,742254808272718e-21,0.012378640519521304,11957892264235897e-23,0.735276352349486
5587315234362817e-25,9003804904232938e-23,0.01684032393287358,0.09268435418878024,0.19761206841586215,5111317105201689e-23,6368886378772618e-23,7613416655272302e-23,0.015071876434162143,9571337884473676e-24,0.6777910859240016
18371763710521126e-26,2692422024427846e-22,0.025479424002404043,0.10880850051791777,0.25176499447779144,1010281129359202e-23,598898973119584e-22,1299818495006525e-22,0.019199913739659843,17575554381142706e-25,0.5947466961045097
11263449664066423e-24,25196406455367025e-22,0.033946478951117534,0.11421478406459251,0.26361830860536345,30933321271008136e-23,8531162723007859e-22,2415904649333023e-21,0.020500938811063685,11030381739211724e-24,0.5677133692793358
10667628509571354e-26,3497127257192574e-22,0.03552976291061772,0.12249582469029452,0.28666447646455534,7020509601063913e-23,11404115062153852e-23,3173104149157058e-22,0.021838336999189283,6112184408598329e-24,0.5334707418916491
32334253402821753e-26,532918375265862e-21,0.029756942196698614,0.12407329162082559,0.28694227769832575,15722921699395073e-23,2293049546744664e-22,6033482205956484e-22,0.022429758552291942,2592431690120749e-23,0.5367961819065387
10175305462670793e-26,10831654599443569e-23,0.04003964441192072,0.12032973460450652,0.2783781599984569,8560156978299997e-23,14098915067220718e-23,744557209273207e-21,0.02375168121322307,32041488480573426e-24,0.5374996681641683
3059413003227835e-24,13628855839650384e-22,0.04163340818823789,0.12562526906593613,0.30181286867093077,3767246542111486e-22,11093080019188057e-22,10902274425972344e-22,0.024670087263557523,39372217595454674e-23,0.5062540308894233
1691715128045176e-24,4122403407036307e-22,0.04550257554019703,0.13368186610053887,0.3199820521168903,4050098307965029e-22,14839396472525565e-22,10482495127352708e-22,0.026013993519472572,16648071040867016e-23,0.4748159951142853
9400352778776335e-25,7161451412298309e-22,0.043714535815856846,0.13693459037926592,0.3603548080798496,45743131338145143e-23,21332217660190393e-22,7149933716982349e-21,0.025870818062358778,5574612434002787e-22,0.4331142325294936
46013470756396047e-26,5420384443218998e-22,0.04325358651488376,0.13661894869702115,0.34168048014865504,1211554874754168e-22,14127153564727429e-23,5311025460505519e-22,0.02272341520731229,10750609431737366e-24,0.4557222226539001
7794888475329933e-24,1242827121304857e-21,0.047093414176685305,0.12472817467689527,0.305514139843255,25669511551361736e-23,1093536762929309e-21,13702986852948514e-21,0.02037975853950414,936384254596674e-22,0.5022681152844938
7777048182845187e-27,47873869751398795e-24,0.02423190143843104,0.1117059494376894,0.2912281266258658,3869673114019374e-24,13680393314381829e-24,4894007602458589e-23,0.01558818450172351,5061525289703979e-25,0.5572457231183509
7667345537631114e-26,8200995663732774e-24,0.0021267891033655817,0.12859799999633892,0.30204567796195003,1990989784123568e-24,33528345712721076e-25,1175342326629518e-23,0.01616318626330773,14408941410232208e-25,0.5510663198600154
5404083572856539e-24,5433878476269718e-23,0.007219196493549817,0.13030237045531254,0.3234076621715841,10143595296594653e-23,1324067606353028e-22,5133864294429498e-22,0.017489854432265757,8597879014247642e-23,0.5215800234964904
1894228889858444e-25,406520816719907e-22,0.00588959132525216,0.13621821040811471,0.3379684887068052,2224264348462688e-23,3351712662914945e-23,8755729351513894e-23,0.017731938042311123,13484534359520795e-24,0.5021915738750782
17105977099094004e-25,4936908872273677e-23,0.009586545596379299,0.1384526166601903,0.34823673223211926,23219702677216258e-24,2714478259750292e-23,5611179556988991e-23,0.017218472229565452,2644797551270288e-23,0.48650544927769335
8162659286747681e-26,5732324589296896e-23,0.011024334041120961,0.14014312359452608,0.3467707664369456,8167498562073891e-24,17359806528929955e-24,35101486656807215e-24,0.017838824195707707,5713114388843247e-24,0.484222827984994
300315637547214e-24,6945837693743417e-23,0.017640436481909414,0.15292040037653484,0.3620834942518629,12975676990335373e-25,63227946395732276e-25,9422828247022616e-24,0.020743721819609748,2018048913288253e-24,0.44661185825022787
2665596932391118e-24,5067297044412341e-22,0.019363691759585442,0.15353857039546406,0.3577026161408579,6278550449268798e-23,8833343776135108e-23,36924882596797975e-23,0.018168661916008546,7162619271553416e-23,0.45122535839881833
16017521306006044e-25,6080094631994825e-23,0.007450404071237098,0.13381335839208414,0.31188908955669015,20202740527721053e-24,19939525421991916e-24,30813256775363254e-24,0.015728457601850585,2672980704731373e-23,0.5311185302903009
22461211956639695e-24,52554543973563234e-22,0.004371994611440763,0.11703497897707398,0.2822871861896972,6126263743378101e-22,14088691571729698e-22,33305971657297724e-22,0.011246247883429194,14873077768753483e-21,0.5850340892521625
666511091149059e-23,10622745386008265e-22,0.000813652072771107,0.10934990288545252,0.2777216025634564,1746403547611789e-22,5215606158269718e-22,3101592660988295e-22,0.009509882347630415,5830934453201333e-21,0.6025970538963623
6642867987983254e-24,1611458647800612e-22,0.000926177699988983,0.11583550413183286,0.2834583145282167,694405858208793e-22,9135680168607262e-23,15679208512018027e-23,0.011679334801393364,24646617010527596e-23,0.5880999369942249
3786429744817893e-24,5303770389171784e-21,0.014910244744541543,0.12465202811607572,0.25055437629241023,935305617877363e-21,8996444245970407e-21,8159306512234142e-21,0.016168136306841108,12169077704848816e-21,0.5936796468508349
4908337359794669e-25,1428505532652683e-23,0.025381229300630262,0.13110464511154962,0.26977663116063255,7368420060959567e-24,15653338842729156e-24,16261992493370044e-24,0.01637433560770508,30947529578803605e-24,0.5573630738123246
354161706996918e-24,6684968307743821e-23,0.030035628145532258,0.1464158439268123,0.29218419544990626,5204202329123756e-24,423154608617238e-22,49502398053876586e-24,0.018187391748946513,19744418715130057e-23,0.5131765790587092
14431353426632217e-26,2936479442435459e-23,0.028462264580988852,0.14373149218237033,0.2843751964524955,4785871372628271e-24,22793319057272507e-24,31589020138331345e-24,0.018193897034470167,53628170937171954e-24,0.5252370074441453
7322994664566752e-24,16260232738371314e-22,0.028503224106933244,0.1465256148229713,0.26382052247525917,45975949655706404e-23,1907469068109671e-21,19035207238798974e-22,0.0197467481258372,2484452175021641e-21,0.5413955019208041
6903050294465309e-26,2289252970076561e-24,0.029991294612451785,0.15503820338536933,0.23720601677341882,1544975438064822e-24,28896357908467827e-25,50646946433073715e-25,0.021316011363314617,34073411706026346e-25,0.5564484586005101
1507964838290379e-24,7961543862075855e-21,0.01921551871211265,0.1639793621153083,0.2796980890888771,9742866406480458e-22,14770873952852052e-21,21204198106710282e-21,0.019615565010447224,15684496980273603e-21,0.517430868165748
2203076861126777e-26,1892003237298047e-24,0.01649044467815757,0.17053884874528286,0.3121073199263819,5768774283660612e-25,28100469843043423e-25,13145859259739381e-24,0.018387744625324262,4429669034693832e-24,0.48247561914837767
34647912437055397e-26,21709129702845947e-23,0.011011150399274137,0.17730236203152494,0.3280895124641617,15260772551789856e-24,25744519315913557e-23,11362300959660794e-22,0.017952504980024694,6873126007897401e-22,0.465642156438591
7374726362272475e-25,29223747828824186e-23,0.018545627784397306,0.18695893460641874,0.3422044544125991,21047143679847522e-24,20082469555092993e-23,5933218231049815e-22,0.01997764803714632,577189422044313e-21,0.43231164980140396
9128468642646955e-25,2647244574949026e-22,0.02437878829592822,0.1849502097765954,0.34281019103737714,3502561715494231e-23,21791573844965465e-23,5744152113605971e-22,0.019226499414212898,4720681047221805e-22,0.4286327464139106
17592106307077334e-26,21232366994457105e-24,0.0552920382578886,0.18814143142707204,0.38491571700463056,42781268870368815e-25,23812354706786296e-24,7148662654880387e-23,0.020135743515816543,5850826527731737e-23,0.3515148903009321
20368640514582533e-26,9308864431158281e-24,0.05191089691322913,0.1814257247286864,0.36466157653662934,3668032745279209e-24,26414484791972156e-24,13663770348859946e-23,0.018837955673467424,79769366235935e-21,0.3831635901458441
26019978191189263e-26,7088692917349497e-24,0.048252422318151196,0.18673358556778277,0.37202769290189375,4879778278257405e-24,1707364801053307e-23,8702148430417147e-23,0.01922707414044689,934661940612542e-22,0.3737590152817346
19069653760855567e-26,9044574427418019e-24,0.051500939560788446,0.18665985370450794,0.3711924551081136,36935971627735096e-25,19656304709180653e-24,11722294782309149e-23,0.01938883556071185,841392765055932e-22,0.37125768211848154
2841274198877848e-25,20237094565230067e-24,0.04566357031264415,0.18968360162948267,0.3710986779013573,56614005956584455e-25,4817557309159827e-23,3984256091258597e-22,0.019158260093436068,17227243505604779e-23,0.37439524500684435
3025608005346832e-26,1249256421052672e-23,0.004354495818990877,0.20220528032386859,0.4123919209805724,12321909464701889e-25,12261470489069095e-24,3742757280715958e-23,0.016643381147102496,16471991893235945e-23,0.3644046935643721
2414327620373265e-25,3831277601210945e-22,0.0002919953077122023,0.20906307548336067,0.4515316224592552,3874076939782363e-23,4048392647417892e-22,21396821138002986e-22,0.017792720765116468,7350699736011183e-21,0.3213102686534722
6853567479399817e-25,8495877284461806e-22,0.003179150013543442,0.21306471695750687,0.46326796318012015,6862967125341762e-23,9162417623463626e-22,4216137960359047e-21,0.018261072695253348,334553342777111e-19,0.30218759053687455
16279692619832769e-26,51860970803976735e-24,0.007697537442293654,0.2185655260256793,0.480339909293633,671936009490022e-23,5451117743530611e-23,25647304542368334e-23,0.013286706848792828,0.000205389938224101,0.2799045607241964
11411373319413877e-25,5747202103755849e-22,0.007599367588315269,0.20577193549156092,0.4566985763771849,5199637132441959e-23,8483087160108176e-22,9358548144081839e-21,0.013495019754113874,0.00033603424397997097,0.3160882318302516
29137140093991037e-26,2996068770980578e-23,0.00010505621239959894,0.21099553811103608,0.4651242507136747,6067881793166759e-24,25652219403198255e-24,2723208607543441e-22,0.014905732125782981,9166040673465845e-21,0.3088599225033753
29459141069319703e-25,2095261058072346e-22,0.0006334956235157485,0.21910136602646038,0.45683418359436095,5639260706200136e-23,16607973611911614e-23,8164198333634278e-22,0.01608446237892909,6123458159769915e-21,0.3073391175546196
884377435372901e-23,19401269463233925e-22,3367180928291092e-20,0.2138594246338137,0.42686328542117774,2558401748939133e-22,15248907768344448e-22,6580232762567518e-21,0.016254287600918158,15416433018125577e-21,0.34296360416737026
1661295355321577e-24,3176647640439789e-21,0.0008807920801130425,0.2140475859940411,0.42087737425925,12705753221416187e-23,1089614416642859e-21,5885984680755125e-21,0.013059424226773314,0.000659945434615416,0.35046459703998295
28248638789452313e-26,4453854129369624e-23,0.0010715873697894071,0.21067728074196634,0.39591845165452044,59523444028467296e-25,16964581784792618e-24,970720196425764e-22,0.012673877403969466,0.0007317068158432858,0.37892693120390497
8561268419328169e-25,8498335855980073e-23,0.0004900950683640669,0.19525415671315913,0.3557549387166523,1602294581591194e-23,53885557777998106e-24,20377105477693125e-23,0.013824053311515752,0.003126466490390808,0.43154993018085736
3098429423907216e-26,12109204003739346e-23,34439762654872457e-22,0.208351530763543,0.4094080884385032,3902863460312936e-24,17918477103179395e-24,501016482308893e-21,0.02377919615836111,280314092940901e-21,0.3584568163885485
5872416875444495e-25,52444994832892e-20,0.0017567436291666065,0.21095495179084783,0.39416500826055767,11359060609713295e-24,6067346986885156e-23,0.0041556933940105805,0.027853156260357167,0.006960207947825019,0.3541536416475446
4233365486446844e-25,26741134017349196e-23,0.0043954164991006454,0.21358764793160104,0.37476360853252144,35168560768669616e-24,16014526421665913e-23,0.0007193080406719787,0.034206069310965224,14815235547913535e-22,0.37232600501317975
16391379528790968e-26,14421624930401951e-24,3761685457942423e-22,0.22015311194779405,0.37756378681965996,3134636207562838e-24,5201905521547203e-24,0.012235667172283908,0.03708350450452041,2490508012286559e-23,0.3529635055599214
17892006343148294e-25,37436087729789215e-23,763318392421043e-20,0.23640933499538208,0.424836775450853,34207092631457007e-24,7709078028098024e-23,0.014161801728340393,0.04125080885765378,1592141501504634e-20,0.2833172369212988
9070494036539163e-26,5651411313436045e-22,6992717435208389e-21,0.24413391401535448,0.4316809224533339,11713682454630131e-25,22543576927838193e-24,0.01710601347771058,0.04187357368302217,22199202731481483e-21,0.26517579550369513
5540514339187155e-24,4342864699058547e-20,0.00022428970263509734,0.24029686150405316,0.4067345410846992,991435569092137e-22,37153034997137764e-23,0.018828366077261113,0.04169363571986888,0.00020645908893986715,0.29197194196121
20705264359557107e-25,14250212734596444e-21,0.00010190529198326892,0.25627861369676863,0.4160568953197796,4481438011044886e-23,20411686352849631e-23,0.01586536896778909,0.04169608744164218,0.0001846623768662657,0.26980196569063086
8419265880867522e-25,20778141862058237e-21,0.00010590177414174089,0.25745155638576345,0.4131311494106119,8672179171589162e-24,26237581190304337e-23,0.018906183157715344,0.04170215634481647,0.0002573561615336976,0.268424646733585
1768786222568438e-24,7707987030217633e-22,9198697784245825e-22,0.24856451444189984,0.39576180300159713,4106858588813581e-23,16700301085392326e-23,0.018867274651495285,0.04021922033320462,0.0002684834282362985,0.29631680363473556
6170966281127757e-25,8361676834809877e-21,11905213115172847e-21,0.2372068494223312,0.3754888036354821,15605442707678126e-24,6212169201828175e-23,0.024873564862089952,0.038576025160369405,0.002216075749554233,0.321618335936059
3522780342726892e-24,9392337853045556e-21,18550990866938342e-21,0.2365175578905817,0.3656882079851259,10006347008092433e-23,9379227122460105e-22,0.02329391272049541,0.03834972314681443,0.0011175619607366946,0.33500405145859075
30549034575066687e-25,12022933718818686e-21,26751472688729707e-22,0.23386485911815566,0.35185254301732133,13243054932834132e-23,5586167066235459e-22,0.023697517658805282,0.037985768295436866,1810199248419491e-20,0.35256581773455375
32059286116172606e-25,29599262359058153e-21,10762411306746252e-22,0.2105185173220122,0.3401024525681951,55646716367950746e-24,7255317151122542e-23,0.03402801154643277,0.03893669547106522,51517011630389436e-21,0.3763319991707923
9353424906754012e-24,29995547364381122e-21,909596752165031e-20,0.20392138995266032,0.3441179889832855,1523224536580939e-22,28902659236546614e-23,0.030093230904879153,0.03715813728895667,9102084957570317e-20,0.3845786898032174
18748903419312053e-27,1831066237634699e-22,4044540382116205e-23,0.20201852740430698,0.3556851308645493,9308282637139244e-25,13740532359531367e-24,0.03487442153919981,0.035725170706404165,2406491912829835e-21,0.3716941047514938
14567777759121305e-25,4687157941777958e-21,16296735811248882e-23,0.21823866844242762,0.3866826550145079,3435081680762246e-23,55917301336106826e-24,0.053310981745101946,0.042125318595198684,8361523081963229e-21,0.29962907282946416
12271653598057185e-25,50630576422543453e-21,36980323420197196e-22,0.235725567930212,0.447234566697175,1014019799682086e-22,12905853472003272e-22,0.05448443276356494,0.04514172961211255,0.007785015131105831,0.2095729660425349
1239123052730038e-24,21635453370225503e-22,41467227215004863e-23,0.24151949065699788,0.4402215264647561,3265405195776178e-23,15368240614715003e-23,0.054446825430460366,0.04653836961005586,0.008464210028040077,0.2088068120166094
26894880051854403e-25,3939746486034936e-20,13840703607961416e-22,0.2277306503624422,0.42897676296240705,7104471389208478e-23,30437752459249123e-23,0.057305154225462666,0.042299425094729844,0.016212812157519213,0.2274340355507221
675613093567774e-23,8495792855638256e-20,8209429480760345e-21,0.21709185208309292,0.41443577055333763,3341078216602465e-22,2270719532973093e-21,0.05751952911233717,0.040011966077824486,0.01643132182163217,0.25441378141031673
38693639858568576e-26,1338651917693498e-20,1646117922391267e-21,0.2129047779310587,0.3879426581806001,45893180723778825e-24,3600782314672972e-22,0.06260138213235811,0.041296140522779246,0.015709467260465865,0.27953013497719065
8225077008690283e-25,4973150865725557e-20,3623094144693741e-22,0.2250165879995409,0.4167458197238224,19337128482789676e-24,7865941824465871e-23,0.061758287882068,0.042674620855830514,0.016819814972275283,0.23693467592940923
11684664729175278e-25,8600476507642116e-20,1198449479025582e-21,0.22280041022792357,0.4242297946309142,3394176584730216e-23,2271791471439305e-22,0.06124963693766616,0.04144264406767806,0.018478423822391187,0.23171162480943536
8429838651092397e-24,0.0006896778593377577,32386377197229273e-22,0.24521731435351007,0.4668011042747425,16641246550755272e-23,7395601273424807e-22,0.070099759995498,0.04713617058671743,0.01767802039242276,0.15237379949885888
2069971834184404e-24,0.016454387109783922,443873385392971e-20,0.25294408868456064,0.4288164717776627,37481712168931396e-24,10581264206458217e-22,0.07157772909647941,0.0494479919192279,0.0051785418470817355,0.17557525315324596
3940413928636325e-24,0.0001475990823417665,6201863811457226e-22,0.25610462114926597,0.5057681320069413,7714866193146233e-23,2152116383127727e-22,0.05834315864093856,0.043881820203828414,0.03136963675019488,0.10438411567935588
1134155955895177e-25,9440678201075452e-23,6710558413452505e-23,0.24926422554154334,0.5186093759742872,35435064754939786e-25,1923172375150544e-23,0.06160252496963507,0.04277142773522452,0.04159850352854353,0.0861537578497799
10817405195086033e-25,13459831642976044e-22,1680112641248041e-21,0.2678169691241936,0.5815073117644928,3757050154288105e-23,18561732028499084e-23,0.05360542899011472,0.04482420187526471,0.05223995065127785,28872292878313113e-22
15481344327475912e-25,28310927019825352e-21,16406455771621162e-22,0.2622767192114637,0.5792524385463375,25604549356647003e-24,801873217018313e-22,0.049172777952911265,0.046365186901949317,0.05000970414199813,0.012893114332445896
270204561343628e-24,22802411507678566e-21,7721220212739895e-21,0.2634162613070378,0.6071885189271802,2177510280775792e-24,10162204006518106e-23,0.030180465294704084,0.043719545746484345,0.05545985480883305,47262142588339035e-22
16120497962732115e-25,1529653326357745e-22,22918838468128296e-23,0.26049542087360616,0.596566903781904,2481517308866028e-23,6031687235386858e-23,0.03782304191219422,0.04477664217955516,0.05431994856924264,0.006017573785552857
15999174270435408e-25,0.00013623087431592282,1090396883872273e-20,0.25289839642764006,0.5604771758024304,21988366349276275e-24,11255300203680816e-23,0.057453270615118006,0.044818914399601326,0.04795931412704863,0.036245657643955716
7317004581790288e-25,27768229168852788e-21,3588025032050005e-21,0.24596059163600117,0.5264953630637095,4756239703238548e-24,7668676432284403e-24,0.05654213324993124,0.04171673429150381,0.044294403384959005,0.0849594049630756
8161880501916765e-24,0.00011744295445409327,15989382071017177e-21,0.23844360846401025,0.5121782926871461,7424047498117654e-23,11781941355715454e-22,0.05775602467263495,0.04129476503001436,0.044256273619681444,0.10593634259352426
16233565275678935e-25,24930487712395494e-21,14034880586655905e-22,0.22926930840678386,0.4978619926720565,7318001611958778e-23,22224548282245225e-23,0.05000889027201006,0.03785738636817814,0.04327793456458898,0.14169785669176166
11538659390770751e-24,0.00029426704043281646,27089315173558758e-21,0.24713123309217583,0.543227227750405,6918169429489997e-22,26654385833137146e-22,0.04553417258329293,0.03534009608258551,0.04741371475095522,0.0810288305907612
2195606296961772e-25,6079263394857699e-21,4157509570507691e-23,0.244293658705999,0.4767609783623182,34408080705580273e-25,64736055291048236e-25,0.04934531353311241,0.04136799542331256,0.04399831435088467,0.1442276086519134
15409830028580237e-26,0.0002446120462414806,3225731920764031e-21,0.2557668948622578,0.4878491142629566,12922245370139484e-25,5320148110420566e-24,0.05344710199180514,0.043139444008636584,0.04646814299287968,0.11308145733683554
14338730592289957e-26,0.00015495138629282478,3372800966009798e-21,0.25490901731588766,0.4997040937857169,14472086806443128e-25,42635697723921096e-25,0.04753744061106178,0.04066683716419962,0.04946260295771296,0.10756167812393931
5245304738362263e-25,0.005627889406634491,60093903913690495e-21,0.2666953264448558,0.5196369570180208,7839628591332236e-24,16153770233357173e-24,0.045795350753888256,0.04428526647696368,0.04889652131415406,0.0690025701636451
9726991849694015e-25,0.01769279642418973,8536762066644807e-22,0.26989874111943374,0.5153368645122637,18546447029940252e-24,3055696907421255e-23,0.05187951814545052,0.043521020378970196,0.04080724510990341,0.06086291055746162
19895788098960585e-25,0.007880430728486982,5785473319234287e-21,0.26041433574157546,0.49041433952955577,1996064374666409e-23,4252368118471289e-23,0.033175811612686415,0.042430101048247,0.054253623019432866,0.11142550837281358
103181547197171e-23,0.010286244265742933,0.005202832213795271,0.2561196778008627,0.4801901188704702,16682024999195323e-24,2828246956683231e-23,0.03759262284677248,0.04233978842321626,0.04890620296664683,0.11936246661619122
1026380354718291e-23,0.0215707627406668,0.00036537511987192145,0.25483391233399844,0.44207141954131235,1728705515596815e-22,31355182605457047e-23,0.04694502955351499,0.04303011418184014,0.040992451443226094,0.15019043839938814
8020184199925418e-25,0.041444342171090574,0.0002817259893336923,0.2749025808019027,0.4288887190523345,8528125874302274e-23,3115616436718918e-22,0.05491145820298648,0.04512006455150968,0.029797450387482324,0.12465326119843195
20505512541254697e-24,0.018499484258886686,8782046468854151e-20,0.21586215724293217,0.3762596674330862,8994709724777278e-22,4122434708356348e-21,0.055940123128417896,0.03474205294248569,0.031895862338794385,0.2667077897795128
20354060138742462e-24,0.007313992426217966,15512166664187527e-21,0.19534563835998298,0.5185899627401065,3111559073919649e-22,189381039308937e-20,0.030380530333094607,0.032314117134031844,0.03286518046563979,0.1831728410538775
6610784813252855e-24,0.0032869928996862737,12028245635571626e-22,0.2018895866075736,0.512536609827447,8392470402093248e-23,27673036137376166e-23,0.025502898279433934,0.03194041857640857,0.03594341506012119,0.1888985086589221
2269095897521141e-23,0.0005170158665198193,25019558381872067e-21,0.19795123594424044,0.5174924320655454,7094461589002638e-22,4784922470018046e-21,0.020345459975336197,0.028970575663342133,0.0413720732069656,0.19332067065999833
4283037887692784e-23,0.0010053871378954745,8213072712400389e-20,0.20551120668032202,0.5082021896535222,11906859368166242e-22,2065778492049517e-20,0.022482205508567946,0.031684877112016334,0.03909004235971841,0.19192006951959334
16648168142534114e-26,12907908730002173e-22,8803984841064019e-23,0.20666352426319057,0.5219909581202855,21617438888112424e-25,11993534533003345e-24,0.02415473174655488,0.028076380606696937,0.04861815653740205,0.1704948555733802
20574796008914967e-24,3196325038097424e-20,26094821355206133e-21,0.21650716441660503,0.49610280017109426,3666368723162647e-22,355326345502726e-20,0.03270375961117506,0.03404061268348115,0.04065757876563435,0.1799260858051583
14095035491936662e-25,8444937840772141e-20,26250344917354636e-22,0.21112345991019119,0.49232606655528544,37079725472458607e-24,5395163470290017e-22,0.032641487140923534,0.03485766409506306,0.04063721140055325,0.18832645847951157
11133054548406857e-25,46477873880487676e-21,2847060988179099e-21,0.2317016423216304,0.5616184433891774,28702360391745423e-24,3899060524418532e-22,0.03241667891164506,0.039089460954673395,0.04810468002343748,0.08701934974284971
7433567743108836e-24,0.005994310944493671,18363511689526774e-22,0.25296418309663443,0.44604707377806807,873324149019205e-22,25838798584912805e-23,0.040503049549610565,0.04268406193889215,0.052771365809619455,0.15903376537815545
12722808229602166e-25,0.043236892350749644,4232673327445396e-21,0.26498609423913855,0.3946258982154462,1532467203949841e-23,8985570093981608e-22,0.048875830402827156,0.06044741610617584,0.014547178696855189,0.17327554216151725
3100410782380465e-24,0.05284696472177968,2986123912617809e-22,0.2708367359668968,0.3652037535515616,5228978922387778e-23,12064584635433194e-23,0.06324511557489201,0.06499847151378775,0.014881848257053246,0.16798663576559292
33279405242876194e-25,0.05154816408486377,4827080760835815e-22,0.26068130498527275,0.329595719984579,43078933159668e-21,6941685681497077e-22,0.06909390446457511,0.06413053456312619,0.012294960147620444,0.21265418848644252
15558442171541952e-26,0.06535905146791154,14914492889111312e-24,0.2646021672274247,0.2986155211008253,33714733858640206e-25,6952552319383477e-24,0.07445687388440915,0.06664706191726434,0.008855344179617928,0.22146395482769127
19062215289499584e-25,0.06355080568231374,14004624604399273e-22,0.26765608189452483,0.3107486909259555,17952570023549125e-24,17146582903510403e-22,0.07852520350886953,0.06992707134816005,0.007568626441565927,0.20202038521905558
15120092383826793e-25,0.05114889712177365,3254307821854901e-22,0.2721695581596474,0.3251099759271914,26179197078295513e-24,6220738010173697e-22,0.08073820610446795,0.09077968306200992,0.006116684105610891,0.17393602032350522
16130299482520947e-25,0.07114514775765117,36381329389007202e-22,0.2849238867630946,0.3189622361681394,28058489100926023e-24,6310910491526305e-21,0.07841101506631959,0.09524279433085439,0.0002615217212661817,0.1510434194778355
