22971673788582974e-26,58782493557050405e-25,0.040577491021781265,0.02240449227899929,0.05564497186670711,5289127346700543e-23,23345732382815654e-24,38611203452738795e-24,0.005846273458549751,2960331420326268e-24,0.8755266474574558
11271443381047201e-25,1190417116535317e-23,0.0396744573495803,0.02087328340001874,0.052607411331087914,7032531520558256e-22,125446403711423e-21,17096375962134607e-23,0.005705686449667602,51688557703231255e-25,0.8811381436061644
2614983808056053e-23,989800764741347e-21,0.03701472800225749,0.02025224012502978,0.04925401072412333,262662475429032e-19,5468543220837228e-21,10375484745190416e-21,0.005513151488578311,8208046387346764e-23,0.8879226613534354
43680591331378355e-26,7678756758662548e-23,0.03656191291428899,0.019629235688992712,0.05032863599933828,20016388071489447e-22,38070259176550273e-23,6404295284532234e-22,0.005147514388311249,5148118884802802e-24,0.8883295958656496
3878149288466287e-24,1838070942330112e-22,0.035358220796532065,0.0196671983447066,0.05043827717452532,2644656351631663e-21,6458120474679334e-22,9278690926535563e-22,0.004862675487265288,4139306905236413e-23,0.8896691807811677
2635612687206578e-25,4629119905834063e-23,0.03705722192587958,0.019894948247997923,0.05102912482208596,8462432891240413e-22,19601424183920583e-23,6623182589890745e-22,0.005153341898764913,8016195477311329e-24,0.8868636039585258
6132553987407133e-25,8185031907902675e-23,0.03587662361054999,0.019371039810269924,0.05282887234510936,30140788444413618e-22,10345068260389379e-22,19424865624323567e-22,0.004684095423809958,41214129915364385e-24,0.8872332540603248
31529070531303603e-25,17741054775399724e-22,0.034904356581923465,0.019147394839096367,0.050465608322334835,7176882303746005e-21,35412559463393425e-22,38725793590433615e-22,0.004682525533998771,947863576365418e-22,0.890783651960296
361783597061965e-22,14102344424373168e-22,0.03355288641157937,0.020499148514556906,0.050004867758237016,3062497523977371e-21,35045857841003323e-22,32949763001334833e-22,0.0047229588839144835,827330093946379e-22,0.8912087472262924
9555345566261202e-24,29927471403684594e-22,0.03115961501776613,0.022355537853118227,0.04784896197137901,2257667105206095e-20,7493861108492102e-21,9113969295996144e-21,0.004363462314431602,457735226973753e-21,0.894229778304116
27754309024742504e-26,28020700631040062e-24,0.029331822786541808,0.02127774209320245,0.04740004205675559,23656687932022333e-23,9411222545223707e-23,6925488578364283e-23,0.00398877059487605,7421993076620765e-24,0.8980011868143982
8493935891676924e-24,9488734716104304e-21,0.031253000449135725,0.022254728864155623,0.047256164150088036,7244766746140289e-20,21831885497558296e-21,26874956259501827e-21,0.004480856699162067,12056606290920072e-22,0.8946233924389582
4381639586463485e-24,2106248035195135e-21,0.029131589857135078,0.022450596744495014,0.04725638884327411,1784768822197322e-20,6382242253913034e-21,503559818293191e-20,0.004123180661205563,28302825488376446e-23,0.897006584707303
6856362853507103e-24,2668462226818542e-21,0.02823310189081749,0.02226793398964329,0.04715821525103036,17219775347190764e-21,6608224430709378e-21,57928635433583725e-22,0.003941365302891231,3742118301841515e-22,0.8983667131718358
3300768028457605e-24,15322901947556132e-22,0.02826664540355347,0.02129214157410807,0.04630249673344809,11077213305807847e-21,3868658517798492e-21,286403322174427e-20,0.003941660315877823,19355524410162696e-23,0.9001775169217688
9507661075975045e-24,11598369134060781e-21,0.028586021914932393,0.02255779161069862,0.049364468649578615,4831173224660872e-20,1955833800063172e-20,20785905140020344e-21,0.004013133598249396,11666708308338746e-22,0.8953771537035369
8690643218076619e-25,9971437879056627e-22,0.025194750200959258,0.021193212356256562,0.04598611407179936,4758527122699057e-21,22352084395902393e-22,2024065514945006e-21,0.003561248964821328,6804025466191494e-23,0.9040545905519815
13885746283213612e-26,1219264877621365e-23,0.024771048597055246,0.022649710346244755,0.046479477082173405,14954196400811024e-23,10635930765352068e-23,7737939041305512e-23,0.0037357970396341956,33989551669356687e-25,0.902363617923773
3976200943522921e-26,5817017551951476e-23,0.022721315274739598,0.022075830315939772,0.04641300278496427,38361346052613905e-23,18541122533055618e-23,11177860165797914e-23,0.00333778304183927,4321326764473656e-24,0.9054513252479647
11519156031683609e-24,3757439860189011e-21,0.022226696484019957,0.020922733988706584,0.0443911415457105,16947036237701844e-21,8194806226740243e-21,46888254157333114e-22,0.003322510502379871,3675411547291259e-22,0.9091029503111331
39196788343200155e-27,25533083612647695e-24,0.023561212190885594,0.021849327809968837,0.043440322761984826,2993536425866792e-23,18500290358804708e-24,10301039430662894e-24,0.003800879175224364,1397580512778502e-25,0.9073481736132054
30532460874827837e-24,34551693990181744e-22,0.022085605467779847,0.020910872050309948,0.04477687768382916,12252251727058239e-21,8318014881936706e-21,4531683009887697e-21,0.0032154093663520566,5775322263158808e-23,0.9089825900270271
13379766822870872e-25,3778592695445812e-22,0.021791983951551682,0.023904907526349932,0.04555998037293376,15176995131617578e-22,5563007062237002e-22,38720745886119764e-23,0.003881234638197147,5611396669605617e-23,0.9048589969920766
33840637553286528e-25,6458176907181346e-22,0.02265403264048558,0.025043821322996866,0.04669873931430206,4058418723771904e-21,11252884478849724e-22,6308922091190493e-22,0.004077152864757827,7114202031555799e-23,0.901519718914305
22967803394853248e-25,13625864370696133e-22,0.022303138692566057,0.023604524521948413,0.044693061526426874,5731741977000198e-21,1816983632411726e-21,12680528981461642e-22,0.003906886206805373,13141628959988626e-23,0.9054820759742387
12147388466352178e-25,1916076695394139e-22,0.020121574240154528,0.023494015476934228,0.04488048031118448,4327169727550773e-22,2492830575147662e-22,19575336156099125e-23,0.003492466732702892,6430405886139302e-23,0.9080103283591643
18111085802734488e-25,10231713223098202e-22,0.017869232423195842,0.02166075824481352,0.04075127677399958,1184566044360015e-21,9111561894281848e-22,9381373282465592e-22,0.0032118854512688663,14879668793056517e-23,0.9165026394680411
11774858717781685e-25,4054573211412775e-22,0.018457060545822163,0.022054355912566492,0.042942941378645336,21473158388658398e-23,22184709582841483e-23,33577709099335983e-23,0.0031009405455200215,6200126316613554e-23,0.913443460625605
5488566436131218e-25,23063253061517948e-23,0.014950541019269277,0.018787078862887056,0.037632135744991246,18916095525057008e-23,15399354649140666e-23,2568622668989024e-22,0.002289693725078339,39546678011441595e-24,0.92633967990294
8356106410805864e-25,4568344920311843e-22,0.013295710291456061,0.02044968530313715,0.038629504694133704,2573390451388678e-22,25310407266579766e-23,4674155131057416e-22,0.00247759310164694,7662061012669466e-23,0.9251459944602827
17499560180169013e-24,251126773723791e-20,0.014026083521272608,0.02143484519089389,0.036058786823189796,11792646830600885e-21,10201262272094472e-21,318178955954203e-20,0.0025593083021980675,6251816320427123e-22,0.9258926465148499
3128899594808049e-24,3658777429304676e-21,0.015512534533470377,0.021499007089057755,0.03169218214032323,7061359959501363e-21,10451021001566975e-21,26091092248522047e-22,0.002669804387507066,10479789429807274e-23,0.9286025836552315
3269612842186697e-24,726172233586487e-21,0.018324221204426474,0.021315759118394097,0.02870398480217684,24369189411174097e-22,19146080717411102e-22,20812747280635077e-22,0.003474697649457787,45543950950234223e-23,0.9281737195424483
11359129353615863e-26,18362082484920042e-23,0.016424203521799987,0.02158436660774511,0.02738114741615808,3310443621092964e-22,5281892134297182e-22,14947317184192033e-23,0.003920993765102425,5102450635258161e-24,0.9306880911455798
15773019449997618e-25,6236292004023313e-22,0.01988226585414231,0.021415268275766706,0.025561392428389073,17127013142184835e-22,183783269597712e-20,8063660558434252e-22,0.0044480642242586054,3690883313856902e-23,0.92868799020204
3748329342682501e-23,5551652692913555e-21,0.017528821691681542,0.022663116859962185,0.024781823669603742,22531401070803984e-21,20121372377548596e-21,3753005177265149e-21,0.0041042350438520525,1741827543857934e-22,0.9308698336375658
5124541955493918e-24,6518556090953038e-21,0.01922023187454918,0.021859120674234546,0.025069959354315843,7975730324529806e-21,7078293394122205e-21,4255299118915637e-21,0.004536404092959628,44113367183192203e-24,0.9292884068871032
31451359392031174e-24,11255957558157129e-21,0.019594535094330016,0.022076298136664296,0.023033602544221442,9496262600706292e-21,7721096310193403e-21,33760409997364262e-22,0.0047903305923813096,13871362753525428e-23,0.930473214109948
6804504078980553e-23,7586111715247813e-21,0.019790633527261667,0.022092664606857215,0.02517490852369202,61525991475794685e-22,29031941001417787e-22,2146840723983315e-21,0.004847834062260951,5760411393259767e-23,0.9280750448850849
10857846582129656e-25,10511563054372344e-22,0.0232074779419693,0.02472092589414735,0.03835827970240527,8453168587826244e-21,2340036021984058e-21,22918148239208217e-22,0.005503251046603982,3156846450438679e-23,0.9081958965848858
2670494294542876e-25,1561654262558018e-22,0.025317358704569644,0.02591832998143004,0.05030527267587404,11153143108170601e-23,7684660277696428e-23,9534274989067965e-23,0.006427804270618065,5699833722735501e-24,0.8920307885144151
16214526470403242e-24,33732422847030376e-22,0.028444795776043228,0.026629446385227153,0.06076493798054138,16520660560563958e-22,18250237303967327e-22,4861126664674697e-22,0.005790243090050461,19487721903991413e-23,0.878363029231653
1250692203217585e-25,29437032335869492e-24,0.02313347791335674,0.02672879193176444,0.06661175429582791,12814046966249722e-24,9761899117191137e-24,6476858128410298e-24,0.005184518874028245,6378437416659342e-25,0.8783413977322737
6234705954312617e-24,4316096782653489e-22,0.021470417455502853,0.027740915721034858,0.06474223396771836,3754323011065664e-22,3151564619547617e-22,16586889343770324e-23,0.005253726811588024,54883077819999246e-24,0.8807913568590366
7216876931379464e-25,210327489011925e-21,0.019861884841856137,0.025903756828435064,0.06387719240372411,15996948902695473e-23,18953103109721576e-23,5286840544824247e-23,0.004636335082394896,5425505314152864e-24,0.8857202119999821
4744525577646088e-24,8005118759318837e-22,0.02212484650056772,0.029018643261080813,0.06420313492481848,29572700686776133e-23,2934123764624951e-22,42733707757752363e-23,0.005471219657581065,2135966738103744e-23,0.879180312563419
8844004791322499e-25,34935579301921316e-22,0.019711978522741543,0.03346229445121088,0.07888622588765122,4099654098129042e-21,6528632677430389e-21,7579521422408155e-22,0.005470656542508163,24579671676046436e-24,0.8624539393349685
12841553432800645e-25,3254700534503933e-22,0.0200069287761688,0.035385680502460506,0.08839508438385453,3180292715621363e-22,42705930284299935e-23,2574595612776509e-22,0.005613159991943893,40587543133343046e-24,0.8505977764556852
12627110821091062e-26,18461471922982638e-23,0.02005051233117858,0.037455310311125,0.08713781073423496,7214826252213057e-23,1111522088861057e-22,45534839655238564e-24,0.006084611712825366,47147693647023815e-25,0.8492713366195658
2098778222097263e-24,6547586644339759e-22,0.02188020529367091,0.038823416255146306,0.0840886215843589,248076867616059e-21,2326374384064951e-22,2093358868347352e-22,0.006394266351311379,37699331348651144e-24,0.8488121059085457
8897986091500544e-26,2888469717038414e-22,0.022421866210311583,0.04228279602442212,0.10177450495425842,6700322663126312e-23,16773237630958458e-23,2376116423667304e-23,0.006369206683906458,1931968507920107e-24,0.8271510767623996
6460096324775446e-26,6247358766914317e-23,0.02259189729131509,0.045642918972908904,0.10962631934213729,14970597304756306e-24,2989176207046888e-23,7472490903870709e-24,0.006616427708683814,13291986730631166e-25,0.8155223204827604
4227460852863864e-24,19441076460538448e-22,0.01662378516476475,0.046864110932388285,0.10688302724513155,452482746563647e-21,5292188218939664e-22,20420894722777557e-23,0.007788446329264342,6121471223505733e-23,0.8218374348679245
16900272979734535e-24,12177589010644287e-21,0.01773460591064343,0.05139026163695289,0.11344731872706122,29011703116092605e-22,31704237726446797e-22,162368440760956e-20,0.009011397993559595,236983472669281e-21,0.8083962889804995
1232579229195091e-24,635412658376791e-21,0.01970061428374276,0.04944367384296189,0.10552365034338235,6185126159834412e-22,4418535679322878e-22,4145544130405497e-22,0.008752497700513333,45508400931538514e-24,0.8165774067551644
13201452253431273e-25,36061828728881784e-23,0.019358598935915097,0.04885892997193922,0.10097943238407307,3091202163194923e-23,8071567125164711e-23,24412912334839218e-24,0.007896761506098395,6196645482480358e-24,0.8229057730262912
28832414972768765e-25,15433837598041228e-21,0.019808778237720107,0.05162162536984888,0.10861369139666759,14338250232817043e-22,29229917431405753e-22,14383060532756306e-22,0.008369419234865474,16342772730057453e-23,0.8115650905399736
8034902849546532e-25,4169693507563496e-21,0.013455005366245417,0.05404742739266058,0.11347679617246674,28440897705099126e-23,2506489044202138e-22,17172114631803848e-23,0.00962494331447726,11191564859305421e-24,0.8093909392865768
2325490165807412e-24,16996697884958833e-22,0.015820643513070623,0.056756541176581604,0.11528182320938024,2482784618447559e-22,2767793118977893e-22,36283555423137404e-23,0.009916225698565258,2699210444130596e-23,0.8022221495217405
6196417796651376e-25,10687300751067688e-23,0.012993774099039804,0.05502694316955392,0.11251980328323608,15100014752130414e-24,25481451236395265e-24,205207555124063e-22,0.008871449835182331,7573616936219565e-24,0.8105878534445846
35940178855203366e-26,3040849161063973e-22,0.015296714541280156,0.056962340433734875,0.11987182690656227,5600331490612908e-24,4404600602058162e-23,1758509706289363e-23,0.009076386860871586,3534424291927784e-24,0.798792356047375
631144448722692e-23,7941847989128983e-21,0.015347041948635284,0.05577377051968024,0.11894085563614021,14086693960706526e-22,20280930873440365e-22,17018401033521684e-22,0.009371852788766712,9742119872710588e-23,0.8005532949235591
8749359389943207e-26,6749787267142677e-22,0.012563926010074956,0.06963664736304413,0.14811481058789527,17018772545078277e-24,3122282567126698e-23,31116910587868795e-24,0.011336189860572672,2639282875622032e-25,0.7583476714897766
1179190805406274e-24,6316040242907767e-22,0.01909886293852852,0.08166358806839473,0.1888978183254172,54141674419000284e-24,18393559883736532e-23,39270355507404634e-23,0.014410118187854225,15169149447927122e-24,0.6959283337472202
29458038178424792e-25,7860179802453796e-22,0.025524913908983933,0.08566575802903384,0.1976126923094122,7230163631986272e-23,26459336524173367e-23,10173452915395338e-22,0.015401119143322851,3470778334829068e-23,0.6757933386975964
2713366498357195e-25,14067759444164298e-24,0.02621114265463504,0.09185131777152157,0.21506970805591974,10810010449503803e-23,9332992760073534e-23,14684404531279523e-23,0.01629931618852643,2980521945603505e-23,0.6505681229114835
1241992290502849e-24,37224923040138634e-23,0.022325518683122488,0.09303306258271025,0.21522678476927817,2687567407813553e-23,9437967623147336e-23,4192742468431447e-22,0.01681891467493003,1106930643933356e-23,0.6525947942000137
25303375419447227e-26,3818962898842799e-23,0.029950505237624245,0.09026749842630202,0.20889081481285224,52250232335903034e-24,5674752635219123e-23,3071141063536919e-22,0.01780369337007577,9315809646107837e-24,0.6530870242828168
9194570464623475e-24,23667057524591455e-22,0.029605785618319263,0.09402245578991725,0.2275274162972372,7155169581696393e-22,1374028939086864e-21,484501525697081e-20,0.018151880182983176,1591033132390271e-23,0.6306831379629403
10926028967811007e-25,3742285583065968e-22,0.034660857947856054,0.1000992821848063,0.24000666317165126,7804545183859625e-23,14246694644386937e-23,17694119998505316e-23,0.01957263246461768,5889538333617869e-23,0.6056597325657022
14279395586017774e-25,6024410671153893e-23,0.034131901503448046,0.1028532658232996,0.269568621680531,28299731006249805e-24,4039257223108609e-23,7379517558007846e-23,0.019681166286796618,2325821560203445e-23,0.5737648172881795
11429410832676959e-24,4347860804729476e-21,0.03101921462077561,0.10286768101915102,0.2582143065982261,5681417585691974e-22,17138859121120309e-22,416041602046644e-20,0.016851111083759557,41195438198343065e-23,0.5910364729898536
14937783710599657e-26,2895965332602677e-23,0.034733336126480815,0.09386886038451203,0.2296276468736448,22728881984091232e-24,8464659356865423e-23,2652114510835612e-22,0.015159018209227073,7394727684384331e-23,0.6266106627628778
9381532361421426e-25,4953344683955725e-23,0.01817698491608034,0.08382136445398142,0.21854264977485519,20105259150103122e-24,3642827141223476e-23,8493057645388514e-23,0.011700037415010989,18497699034718208e-24,0.667758753006679
1082944327343274e-24,19538900184904085e-23,0.0021226401343425317,0.09621263607233026,0.22557856062926324,365000997685269e-22,7317917547538155e-23,1916899362043536e-22,0.012157068576251505,3562560007794407e-23,0.663928561120897
9240939430067948e-25,55088252250542285e-24,0.004293931776071426,0.09795199752613606,0.24310053497108414,13716031843559568e-24,17131726213324258e-24,3891265996674419e-23,0.01297340355551519,14049999876945702e-24,0.6416799923484354
1349269246375438e-24,2857770569603092e-22,0.004177881933950708,0.10221392152531314,0.2536646278891219,18726156360787786e-24,6928160363324931e-23,9205342724974963e-23,0.01326868987389824,52578177799762344e-24,0.6266743590120881
54906634432929594e-25,7946784885975943e-22,0.004969618955954047,0.10433083898028404,0.26285173764873176,4148998445540059e-22,7620929860987578e-22,19591641219086817e-22,0.012618430885022779,38334131746325693e-23,0.6152250538626876
6133160635756282e-24,8889748206934875e-23,0.007505808171459663,0.10538352653767961,0.26104288736323356,85043449039289e-21,8276606517878908e-23,16304533868757814e-23,0.01329349701214529,7541099191784699e-23,0.6127737796189809
18349449773532257e-25,2498130335169469e-22,0.013120166122071784,0.11469501888527461,0.2713314008109403,6200474261664074e-23,11443511650259574e-23,23302128865393473e-23,0.01553537550577869,22722763726203586e-24,0.5853173548440396
37558286158617886e-25,4668730681154456e-22,0.014770909027407958,0.11494933766403431,0.26797490072824875,8159973828252536e-23,81153962425831e-21,2886846066410083e-22,0.013637680720421774,8198939446186113e-23,0.5886661678033424
3593099433810234e-25,45352622102298357e-23,0.005026104141049771,0.10050584346329512,0.2344463083363926,8737581117864609e-24,2999699352269042e-23,5253055751921283e-23,0.011726030280227574,3608058917655987e-24,0.648295165062709
3292084062874668e-25,6293554959542235e-23,0.0014439724452135299,0.08832132091365547,0.21327717959587336,5454945371687689e-24,13341260084552209e-24,1542269894861588e-23,0.008289533362319806,34489637675742624e-23,0.6886675513028385
1628761824277881e-25,55305430370736874e-24,0.00014402474091100573,0.08210950913447668,0.20851700272372709,2459074686909032e-24,1025569772354814e-23,2559362052147253e-23,0.0070934622409399945,3194616670075385e-22,0.7021355879215219
5840253580191744e-25,883714667495693e-23,0.0003477847477000467,0.0869426305718977,0.21292522533398975,11348513776147653e-24,1383656231838469e-23,22233424909113104e-24,0.008735669947982734,4336726178441376e-23,0.691048589191578
10981468957597785e-24,5994308416385253e-22,0.010572242901586447,0.09439448233680446,0.18540485345283064,16747969479140797e-23,17332703952538143e-22,9641790475170816e-22,0.012331599075370663,252259073558167e-20,0.6972908243011217
1846569584351806e-23,25293010019121577e-22,0.019243213154905993,0.09812739313956718,0.20273705858205734,14912594788055367e-23,1410221420884704e-21,13942460861809047e-22,0.01227807443479788,3697667901981294e-21,0.6676050616606172
15996537024624683e-24,18560760308016838e-22,0.021999583839999944,0.10964746116047148,0.21955613106780697,20293315963439115e-23,7605751852815692e-22,11746922259570488e-22,0.013600737730813979,9961838789002102e-22,0.6351910797438896
27570615985084848e-24,34686924491214785e-22,0.02186869433169474,0.10768698835964559,0.2125796595819994,6305278445978293e-22,16564597520719517e-22,2969317314033783e-21,0.013744673166489824,16151392057067048e-22,0.6441096168529896
11006374377729067e-24,35272133526876442e-22,0.021226003868730317,0.11013974731821324,0.19833837143875863,5411008988292548e-22,21595391882872442e-22,3241793856425623e-21,0.01480463796402051,23093093141588362e-22,0.6554794494472923
8879738094393816e-24,1122474656362859e-21,0.022773171976372745,0.11633188280705775,0.17770500373927214,51427004757193565e-24,17555015304504998e-22,6658697509147216e-22,0.016009410498654644,2669683148980403e-23,0.6671769001291455
15631773920771282e-25,12265251113823597e-22,0.015211078432176122,0.12263790648983075,0.20791561616130755,4251540052465407e-23,15518096245262557e-22,17962356618214847e-22,0.014817571745543684,2789545858258809e-21,0.639410418976261
1125125343793583e-25,2514598216296286e-22,0.012089257934575371,0.1274127831360203,0.2335136029030192,68989415902178306e-25,190799064717701e-21,11200668605035227e-22,0.013721114397372638,14650203524529727e-23,0.6132615257897811
3653619395361181e-25,30919549234028463e-23,0.0084727547334262,0.13299335036355736,0.24517829943655423,468216011960631e-23,22791148435031548e-23,15231934687830355e-22,0.013566151241925072,11874066366587068e-23,0.5997872601358676
960423900587257e-25,12475340987340239e-23,0.014060555483433953,0.13990224001169446,0.25636809255866305,9878970070781258e-24,6997686789345099e-23,2686684869494497e-22,0.01496307484336178,122273938669416e-21,0.5747054414551293
44773876264991554e-27,346656463255359e-21,0.018734205404615397,0.1388560310217841,0.256683011184688,31738896840534865e-24,1514623424734009e-22,8222882523462988e-22,0.01451759596503589,10607125049775341e-23,0.5712076981622155
11601386951187591e-25,15384646032243394e-22,0.04138508008635367,0.14092402155561926,0.28882297805250756,17088780809898904e-23,2120808321907836e-21,8782801425952059e-21,0.015030041022474292,4169327690332277e-21,0.5138210958329839
15037569386772284e-26,10162981731754604e-23,0.038940185553379754,0.13606047745108069,0.27349059451999813,7012087810016006e-24,11051760294568753e-23,5173765245642305e-22,0.01412707615282052,54767678564150936e-24,0.5373808748686372
6928385891059761e-24,23593200258771222e-22,0.035892277120821915,0.13954825130538367,0.2793581331539791,35318181527561283e-23,16135532888378554e-22,675236402637839e-20,0.014220560060510352,1562521959928781e-21,0.5309681304898027
6473883144486318e-24,24236978206750365e-22,0.03859161110405149,0.13949635203419508,0.278470628043304,3620279063323026e-22,1793252650999496e-21,7944241782244844e-21,0.014392276982465037,19040590800579332e-22,0.529034698082861
2891200832641185e-25,38457481179062e-21,0.034220704719621305,0.14245219816288768,0.2783648944749862,7294760112190835e-24,331360400143932e-22,18164413874119817e-23,0.014411440257338494,2445821297814564e-23,0.5305504771054124
2258225281424484e-24,27476053969125687e-23,0.004123864872392225,0.1514928636662457,0.3088986033077032,4183775233792558e-23,19216065176238834e-23,10112678380775403e-22,0.012538434597245721,35021662806106525e-22,0.5229412091050419
5533668208741655e-24,40853961852653884e-23,0.0009218279185167451,0.1564540353562783,0.3384239963921693,11940493727896544e-23,40960040115730147e-23,17082463496662616e-22,0.013278777457309153,14683116874614551e-21,0.4909040284339072
45611525294854956e-26,2953549391286608e-22,0.0017304661489254457,0.16015291897395034,0.3474852712664795,9718847449900445e-24,32887406465295925e-23,15548274898157037e-22,0.01378771492954424,9668271437370911e-21,0.47683177117774467
7406657391272906e-25,30697544868424493e-23,0.00537425579548194,0.16322039796815793,0.3592871601768962,18073752551191683e-24,35482411159049974e-23,33652859431012015e-22,0.009878944163757607,0.0006797577630763981,0.46155543823252365
13381424574347629e-25,406398551788232e-22,0.007047738844590903,0.1541194384171218,0.34110697954824515,2581581150308766e-23,17219938587227576e-23,13719242943905294e-22,0.010336683560826832,0.0004139118195600333,0.4869736358924179
5238534414390273e-25,8226011079403513e-22,0.0009725509511580389,0.1571751851553615,0.3471112260141571,43250399032768275e-24,7946653505692656e-22,9952864189795217e-21,0.01116054612910524,0.0001600887493912008,0.4834087890958337
12115606032912759e-25,4799372492200775e-23,0.0011095938212480837,0.1633030537635365,0.3422429213913093,2247709306812293e-23,3972529604987936e-23,10554939051758766e-23,0.012005328341030953,14419441884736514e-22,0.48133744378198723
536650472420714e-23,47055197537883703e-23,0.00019739156384676018,0.16043388197669067,0.3194801603257971,10648914227807257e-23,509368777150719e-21,9071709105389373e-22,0.012374463727445615,6521040422017153e-20,0.5074468930541107
3282804891870477e-24,3651750628352237e-21,0.0020784960130141835,0.1596355120573061,0.31350171163114643,6972870985697475e-23,8857420445522505e-22,4685313412154249e-21,0.009931528467609118,0.0007714968398292397,0.5140719591734909
7654078794062103e-24,8031317663837954e-22,0.0022376744349321357,0.15743277004017892,0.29553952275548534,13618175558444398e-23,2816458130470062e-22,2889895827465528e-22,0.009612276330462416,0.0004735480901251697,0.5347026907456456
1702342403498524e-24,8202599066195081e-23,0.0006641133610323631,0.14619167807538702,0.2658149498550361,30225548011697654e-24,3016069973796389e-23,6016690963728129e-22,0.010400708509025174,0.0017273862324666616,0.5752004181832192
4132287665892057e-26,2958209719422478e-23,10782652148866937e-22,0.15648581985720417,0.3069581510360528,6229837253538426e-25,4447462138762941e-24,9609731883525062e-23,0.01788205840964255,3542042446592531e-23,0.5186727262202635
669740435423316e-23,1606317816608584e-21,0.002852610224154049,0.15802843786692516,0.2942717774110736,13723057212089124e-23,2868810359886254e-22,0.0035634800761889423,0.021058919489242756,0.004817728769580035,0.5154050090359462
8522267897449008e-24,14242239944190991e-21,0.0031252736334312064,0.15983272089561873,0.28097864431940245,23561929702495905e-23,15780960615815821e-22,0.0011581565215189815,0.025641386690985375,28105461858987212e-21,0.5292196479991665
19565929729112976e-26,10962342398877912e-23,12640519304262584e-21,0.16467777398728817,0.28325001044700254,4147492470220429e-24,3532569348523709e-23,0.00888289857933391,0.027755010997407927,2349784371044419e-22,0.515421281198971
26311013275154572e-25,152504801675025e-20,0.00019484287583582712,0.17799409097940386,0.31876925064713196,54591140268655326e-24,23124516768138218e-23,0.010338074396369157,0.031205586017589774,8732876586205296e-20,0.4614090128023826
18484586365909765e-25,46183340985650736e-23,0.00015918333943240904,0.18247108371145135,0.3243270895032173,7898229223739802e-24,16754575460669314e-24,0.01269106559424474,0.03126482906275084,8709374966095407e-21,0.44907755107925534
3145049426065782e-24,26893157530019635e-22,57211719167075296e-21,0.17982052442483748,0.3057694550225413,5684780768496914e-23,8123686424740079e-23,0.0129754282365125,0.030974908089897012,27660043451036334e-21,0.4703719819169665
39758810619950133e-26,4566536384103762e-21,7023939140263365e-20,0.19123497807322384,0.31143330543734776,15436884573820912e-24,21080604240398483e-23,0.012050904815518019,0.031033374728768555,7699447585961449e-20,0.4540954099010282
5547944803599678e-25,20503587896805205e-22,16248096293234695e-21,0.1930326052896195,0.3099223949176609,11505615353051068e-24,3442941551128754e-23,0.014108816821953227,0.03125527733076055,0.00032836253577453385,0.4513341981592403
15369077010871177e-25,7396565452242401e-22,3073018798588126e-21,0.18694058322963067,0.29832631254009184,3227640364023701e-23,7521429493420694e-23,0.01290072873048538,0.030090951770233944,0.000562204802951257,0.47117529722362855
9569235847786418e-26,9088670648394436e-22,29841120050404058e-22,0.1784571515799974,0.28163705606821976,9578185488894079e-24,7038028738537843e-23,0.018047606032141086,0.0290836966433858,0.0016983453357411217,0.4910721713073038
9725488845755293e-24,588472485844133e-19,42576953324339555e-21,0.17689699039183854,0.27450517112536377,3673990740872207e-22,14725875308030279e-22,0.01809988208762472,0.02858053659812625,0.000751439220454744,0.5010627066625094
5590496073798129e-25,6897371781336521e-21,23019005465018192e-23,0.1758940126813484,0.26210114805873563,12566301948407923e-24,3296319799513365e-23,0.017446859239467594,0.028769779621623453,9401629710335154e-20,0.5156870104513146
20901572748790958e-26,14278955514199515e-22,7182756070996455e-22,0.1580981945975635,0.25507454351758757,12469808021726936e-24,6970979667307781e-23,0.02548606481483571,0.029263638563081402,2863629966219973e-21,0.5320724663171815
5428449453220235e-25,25351340307451045e-22,43933916782260024e-23,0.1530062163427123,0.25757644526385937,88218340627188e-22,34063448312003146e-24,0.023351838617818275,0.027952305255199483,12559348533160123e-21,0.5380976172704073
6116523920842306e-24,5049112459776611e-20,59052293697068384e-21,0.15229028737040312,0.2657577179723554,8345252201503918e-23,13122658077366858e-22,0.026112519334103863,0.02691764823993256,26987043716209215e-21,0.5287838947863467
822492407566866e-23,6100260734341038e-20,5042594140321987e-21,0.16353601946512708,0.2899183292292222,22366060558609024e-23,11640068227215033e-22,0.039883328617262515,0.03157843469835973,0.00032932665700116377,0.47468712023912424
3154785926988487e-24,0.00021226500491655992,3987132040912224e-21,0.1764611900332822,0.33523669098345166,13533675585213476e-23,7190402207345349e-22,0.040991163014531484,0.03379488356401554,0.005894708695201123,0.4074042540408931
24677195254905052e-24,0.00022916182676159438,36285795745643006e-21,0.17971243663374398,0.32938712105931756,23709001775647308e-23,12566406548823502e-22,0.04125709688187874,0.03470292384818061,0.006452833525608621,0.4082206233414028
23524674183408365e-25,10737849994221067e-22,2705187141593252e-21,0.17045849689528478,0.32148762182200774,4537145681537124e-23,4798894695897222e-22,0.04348090081502812,0.03172148316383322,0.012268417093780477,0.4205787736247945
1405598242637712e-25,28742614182071564e-23,45763739224862463e-24,0.16296588433773976,0.31108955431177376,2951104868442342e-24,12140944220951939e-24,0.04305694204033831,0.03003302338190335,0.012641719368229748,0.44021252813752487
13503790690654944e-26,5849123845016222e-21,13367877614163569e-24,0.15994677099027424,0.29274752167882445,2327977117818191e-24,8135838734487518e-24,0.04622522668211267,0.030839685226247433,0.010739374627192268,0.45949554770477685
5358881784693906e-25,21871090449032475e-22,25792536304947286e-23,0.1683703256058902,0.3125779870352147,29617607299499643e-25,298394596555683e-22,0.04630266982887241,0.031862862994007514,0.012346028179809315,0.42853764798468685
1855631581230915e-24,6242675205423025e-20,2624671632541087e-22,0.16679836345142554,0.31789108040131514,34885624305424925e-24,7852692873210303e-23,0.04658454837739794,0.031144333799056796,0.014749528167578635,0.42276934131584915
14787587346070302e-26,0.00012680880829943756,11665298432194285e-23,0.18434024980822558,0.3511311272537392,2199322830580459e-24,2863955961137331e-23,0.05186033210442274,0.035330781863982495,0.013578829157136872,0.36363172336444033
14707823725428761e-24,0.009659803635613765,15156886074818904e-21,0.18883327336225394,0.32548059129621987,2624472633621603e-22,2040518361052022e-21,0.05253663744916214,0.03641633773787007,0.0051940029776158915,0.3818618789817566
36388337050199276e-26,5752034016542087e-20,3758736736109487e-22,0.19147159956264767,0.37871952597120734,61865535846971556e-25,35111993634621494e-24,0.04428589646348503,0.03286153266001565,0.02393901190032961,0.32866449556604554
26125382917538336e-25,40653314301676555e-22,4509924514235616e-22,0.18671130562729135,0.38935445559892606,298321182638982e-22,6326706253819991e-23,0.04522693122850872,0.03181514536906526,0.030287419650738015,0.3166001304898749
3407435911023765e-26,7171964407692617e-24,7995166349182951e-24,0.21243453499705944,0.4672919882100349,6949074781595343e-25,15463272587552396e-25,0.04298103774863728,0.0354483230081657,0.04157456712635467,0.20026953146733978
15977993082396039e-26,6879566936941281e-21,790005187626415e-21,0.19675210089263054,0.4342770788549872,2246019958525838e-24,51489956997350265e-24,0.036904259539886554,0.03476035414288689,0.03737042313550486,0.2599280599660973
4805737320988192e-25,4453620974251002e-21,7784800342520897e-21,0.20803150382010924,0.4839802044404347,4360103623227862e-24,7430438004998317e-23,0.02325722061563664,0.034275305061364426,0.04367195429614214,0.206771494200052
17376117707381445e-26,3700217489664942e-23,4365096223449604e-22,0.19708862330529775,0.4502823464529186,4749671875063339e-24,8531454391046755e-23,0.028092971496112062,0.03341543535326021,0.04100943880449048,0.2501106208381567
777050074304858e-23,17831291599458707e-21,28600062186628365e-21,0.19060249552182937,0.4223852492819454,11995708575017776e-23,2987684687801025e-22,0.043344464586206215,0.0336959730599478,0.03585683724905355,0.2740681224530551
9175115480020413e-26,9964863983239222e-23,2597869763191767e-22,0.18430541447072854,0.39430104750879347,17769211440139977e-25,29869065082205075e-24,0.04279181331760145,0.031353598595481445,0.03332189764297918,0.3139258372910622
2970888674455574e-25,3992973044967518e-21,7328334953496417e-22,0.1787585246035692,0.3840816060379501,3399801244319274e-24,46951961046933555e-25,0.04353372459597069,0.030976347122914156,0.03330518415401739,0.32933987928705116
355903478464914e-23,4067332789475318e-21,10516611272683605e-22,0.1718726214975385,0.37405302194457624,4836951421822298e-23,6961881415048611e-23,0.036193538489533376,0.02811025022031608,0.03183445269843353,0.35793087460756895
3154236875897892e-25,4392938061527868e-21,5876627138519833e-22,0.18491997542206673,0.40800466699228916,7551290355861622e-24,8770039235223196e-23,0.03368076117106604,0.026203442554070665,0.03513072896976647,0.3120553487227145
10973313531529858e-26,7415591648597447e-20,7471864626258339e-23,0.18393658770354177,0.35751129278165406,20882624725693843e-25,28283379787097274e-24,0.03682251545520195,0.031147323810782068,0.03236024911967214,0.35814777001264314
9535245374112842e-26,58638166246547646e-21,13629232020688106e-23,0.1921276629012748,0.3661485247156206,12617378844444868e-25,3358651543208514e-24,0.040012229260083854,0.032392862683836454,0.03483878611856629,0.3344211551466488
6337977115883142e-26,7717092257526147e-21,1727849774074011e-22,0.19126061181636733,0.3749326101640854,10961182011415975e-25,2303801840384672e-24,0.03563119257519895,0.03050342717280682,0.037104136748265924,0.3305601281828089
1266942260752227e-24,0.004321974796227976,0.00010644737906795432,0.20087343324750076,0.390290031454568,1875871365135562e-23,5269323339692452e-23,0.033510262847076255,0.033263358146422416,0.03619394446629186,0.30144047494398807
6151190213350021e-25,0.013827641421672247,18365238783515176e-23,0.20275334561556166,0.38602274466625797,15635994309685787e-24,18816002697966284e-24,0.03891862646453607,0.03272152325564973,0.030237486175888385,0.29551841368092896
3885303152053364e-24,0.008615103757615192,12198752176988337e-21,0.19637214194487215,0.365313068149776,10853990772215801e-23,20445399827280944e-23,0.02479557978968426,0.03216159827048798,0.03871320811224371,0.3340167843438803
5483042382946277e-25,0.007772065448769685,0.0018628937164312843,0.19243564432479093,0.36145035407527404,7659938400735399e-24,1202842962113584e-23,0.028935431102182847,0.031524953440036634,0.03705806003871602,0.3389605776170691
29348414919654014e-25,0.015641201392385114,0.0002575206617724511,0.19221890573619652,0.33145853327299807,43320086287612374e-24,7672535668819961e-23,0.03506694773890563,0.03226278528596942,0.030995372657813654,0.3620986102736749
17852164145257679e-25,0.031070870530258952,8457164479481886e-20,0.20636261414215612,0.3218468113594997,2062699344811536e-23,615601014667425e-22,0.041127979097681025,0.03378763101852147,0.0222221745913758,0.34349726364340033
16527034887021118e-26,0.014551971149512469,11703504315857072e-23,0.16191290531755245,0.28069919993499226,2663224662831375e-24,53056114604319675e-25,0.042745396328439704,0.02624901420946596,0.023122946055655007,0.45071844183520665
4309245492653708e-25,0.0032866479559042327,4309815962576637e-23,0.14704964530419895,0.3910799341160692,52579811898450275e-25,1863220825272969e-23,0.022756932386159185,0.023995391310121628,0.025201532929481567,0.38662984857875315
31925744156805295e-26,0.0030464452264089073,23658302073946309e-23,0.15120883601165389,0.3834317989584723,4648787383442381e-24,10031305903303373e-24,0.019289121166435042,0.02405437954517994,0.026883318592376467,0.3920858489170594
9084584250742867e-24,2458157272284303e-20,11181176230954704e-22,0.14881572805730106,0.3883521397092063,11509913764748137e-23,7662766378524748e-22,0.016008615013382656,0.021755192530519593,0.030798334479233927,0.39424340005968633
5714272282742543e-24,660435639119588e-20,2255818748852788e-21,0.15421501044462832,0.38192674790823516,7002589487323794e-23,33313582314522403e-23,0.01729539242116858,0.02367884023008377,0.0294802460778391,0.3933944938669185
1233925465680234e-23,12203965365434846e-22,60532751170109635e-22,0.15587184821978142,0.39128190958791353,16172830387877955e-23,23500331677967455e-22,0.01842858478593573,0.02119902483488217,0.035572354816989324,0.3776364799821853
4454343652439595e-24,30145902032707075e-23,30086114627833926e-22,0.16345814601239503,0.37156104976443677,6239875419995151e-23,3213087259091983e-22,0.024550256859170533,0.025705045987900747,0.029674911908792116,0.38504689123510377
17724823251924763e-26,23210001618969297e-23,16418782426509078e-23,0.15847132691529106,0.36918717214930363,36860326920233075e-25,26439347001232874e-24,0.024572827154103208,0.026108024742013437,0.030549203977021135,0.39111101847176616
10757477070585408e-25,2407381127248889e-22,4333079156947507e-22,0.17363194160865542,0.4217405237144037,14764106217776938e-24,8206443433100249e-23,0.024266180172707784,0.029383064784638396,0.03592006766510883,0.3150574501041547
20523078592226154e-26,0.004857727989025375,12640504639036557e-24,0.18976216423292888,0.33432545007533987,2108310859859285e-24,6245834235970312e-24,0.03043801353983299,0.03205411229398782,0.03941109941951545,0.3691514112497704
8721870055390009e-25,0.03141684002970225,4317348059638423e-20,0.1974642859020537,0.29843596558713265,10780362701950508e-23,7844999362611677e-21,0.036240640349736127,0.04506349999073104,0.011211430174384751,0.38011621081048763
471198870334507e-24,0.03919739686577343,3647558485496416e-22,0.20317079949706707,0.27447562318071456,13777037217257099e-24,221105976035983e-21,0.04718024316132727,0.048697034546485836,0.011136772913735346,0.37614152972483417
4555944031557955e-24,0.03915380930492303,6140117413294966e-22,0.19449783822098177,0.24816799613302884,47228907359048464e-24,763636036235071e-21,0.05127898767474211,0.04783219073135757,0.009081985778132866,0.4099857627242574
9885193591128015e-25,0.04933167416731223,9375022705936113e-21,0.19844772596988772,0.2231704198255873,15634414025473266e-23,7561025313177994e-21,0.056245852051171136,0.05007471435937708,0.007046655390514363,0.41566586485547113
13615975272729837e-25,0.047071888545265186,9056389420700225e-21,0.20056753687988538,0.23320374782741485,1438662850713316e-22,9133310557540152e-21,0.05897225282989557,0.05231152010937534,0.006442939042440962,0.40141177983786164
15634843242201716e-24,0.04052083114117625,2563149961364489e-20,0.2044786110176987,0.24247774793893065,970153535815869e-21,2290829840619814e-20,0.06065933176487055,0.06844091501927504,0.0033091693573611154,0.3800638681742874
12847134134987944e-25,0.05382144043797899,10787552566571058e-22,0.21388511220252135,0.23882325263923046,5118015412229058e-23,444051147546944e-20,0.0588046589087027,0.07147084006742319,0.00011955439485387098,0.3630695696176893
