4738481790708004e-25,4860903692242281e-23,0.09763806113560665,0.05383083071157051,0.13313874158120453,1876954463689304e-21,4992643852321442e-22,493056731881184e-21,0.014137567415888477,10075821586122521e-24,0.7012518707214296
2986060986369787e-24,4493832511692146e-21,0.09413842684391885,0.04980844396327321,0.12646410487959941,6280830838269685e-21,5322599046743053e-21,56729049808089175e-22,0.013411119592593963,3001182488160793e-22,0.7161558314490332
8402156213254896e-24,9956768623754853e-23,0.0875587898040964,0.04863024438682435,0.1193785926822431,13072429048443342e-22,3756077492221375e-22,23485332995556288e-23,0.012912547471755362,41100446072244036e-24,0.7315177588808058
11039807982624135e-24,2594957998923113e-22,0.08866081377355356,0.04706863568662885,0.12105496479891703,1563022921672316e-21,5172030435275154e-22,5521160695300216e-22,0.012447414873565144,12216591426943024e-23,0.7307651458237742
2512165145678451e-24,4898012805969707e-23,0.08596513499454647,0.04737838942897342,0.12141436576027849,46070208605307984e-24,58697408132857347e-24,731801112912494e-22,0.011820002049280359,26167639622853194e-24,0.73342185215926
111428266260791e-22,387748852222954e-21,0.08881815861084297,0.04773512785148553,0.12242313924035648,2930354183927741e-21,8264579808366695e-22,17064088255976688e-22,0.012356139046039568,1323529642121478e-22,0.7286614407856417
4545478609406139e-24,8072173486248493e-22,0.08605974266082696,0.04661396153238703,0.12578711023663214,18954946013269417e-22,14383585649585602e-22,35798530171639007e-23,0.011348470499608704,7296727965347139e-23,0.7301861385020718
1129949423559816e-23,3290879652354848e-22,0.08218114623789727,0.04566566793729367,0.12118375687424268,19433966347856016e-21,9038008979304503e-21,69394473537345065e-22,0.010894691728641517,2762928243730141e-22,0.7400387091191681
3792576163105473e-24,4973856680329897e-22,0.07935984495607647,0.04911299240081363,0.11944716556682444,11323936074828681e-23,33708629118145706e-23,556424030251259e-21,0.011187954383711266,6441640494181255e-23,0.7408904703488123
13848222950939801e-24,10779214955323511e-22,0.07500359930206071,0.05305986083654912,0.11569582490948291,69484768440290625e-22,35490258298997898e-22,1811126260817366e-21,0.01075759173582216,21520745976253588e-23,0.7454695076099701
7694185695064265e-24,8842681851229297e-22,0.0703616298505072,0.05103845135971537,0.11351858922195393,11925735441990405e-21,7252114967901725e-21,24666823736814816e-22,0.009592778485440103,1949882656087244e-22,0.7554658195989682
835806140924981e-23,11139745909315865e-22,0.07504399724379317,0.05320774486176927,0.1135988821093682,1023463657562724e-21,15573251956239e-19,9078834574629442e-22,0.010663908986724063,12495729842194533e-23,0.7474807308360839
8009653489193799e-24,18079244661082389e-22,0.07025487942281662,0.05305806012211197,0.11371697639546183,10251916680494352e-21,55870902456348405e-22,34163166930191096e-22,0.010204103202928892,3022529998705551e-22,0.752744607345943
1815155419955459e-24,7187264684762272e-23,0.06726847059075562,0.05226268473307333,0.1130954997240585,24330013426171904e-22,14586655685164736e-22,1552582779399421e-22,0.009524784942051293,4110282766037304e-23,0.7578443982942331
42913034667493044e-24,5643992057119696e-21,0.06811117298517903,0.051193087015618206,0.11100564504931941,7048002841611573e-21,937122826466282e-20,7467911992137912e-21,0.009518848020295293,7496286697111441e-22,0.7601409232527272
1592314132685384e-23,17458302099847065e-21,0.0695924900896416,0.054241835722599975,0.11945193636797245,29654830256409072e-21,2721552532628827e-20,5658058584128605e-21,0.009718179672940964,3657307511107504e-22,0.7469151897772602
4139304227610131e-23,5702472217847704e-21,0.061036352556290606,0.05088901100885638,0.11053629298008892,4703941376743905e-21,412343353248903e-20,6724152461228487e-21,0.008627502289089576,7346684360342107e-22,0.7688888111046073
1759634436153317e-23,5620703480271075e-21,0.05891170002017578,0.054134615601464875,0.111680637669107,12094007279741407e-21,9898928159138993e-21,5334683200963053e-21,0.008829716316520917,41017854163402744e-23,0.7664099542957246
4090792707677763e-23,9695086010393287e-21,0.05527636076817302,0.053313806209397276,0.11146460011586748,5415375603198304e-21,4972930027880478e-21,8114465977657394e-21,0.008186994507795612,8882131838457404e-22,0.7717291114200374
28767794629906e-22,25896343225357937e-23,0.052810279543774964,0.05131558400501093,0.10666809873834929,4671632219156825e-21,18755949127165637e-22,27404794642347614e-22,0.008175834946073645,2176452468205817e-22,0.7810204355747362
6955518708227692e-23,4714997549393898e-20,0.0556203356266905,0.0523046717265125,0.10473252571360328,37479428839144064e-21,4211426837052651e-20,3324518670685204e-21,0.008885964505186469,1052142577820916e-21,0.7783253125457257
45148029292866045e-25,29941826574183635e-23,0.053524629932894224,0.050547870413472105,0.10754095417731534,7408657894992711e-22,5665037378433172e-22,18054860067730093e-23,0.007852200232637533,725117098879537e-22,0.7805324808807739
2229693915881438e-24,4374662074409867e-22,0.05189432789840407,0.056706099794871505,0.1071248650885901,27997024466692216e-23,3325696549935544e-22,5298173348049379e-22,0.009267672760395704,10683096307972861e-23,0.7750053455740825
134321187559562e-23,24663384902455953e-23,0.05407538037497317,0.05978577877493731,0.11237315934157863,16683486821318762e-22,6325311035484438e-22,13301508035217984e-23,0.009614977480941282,3185532225695289e-23,0.7641479903072131
246823487895411e-23,47011226349669146e-24,0.05351837624513691,0.05658100250081212,0.10700613141169471,7596840437016276e-23,3430106994859687e-23,4753791161148273e-23,0.009378651149499888,29969114999149025e-24,0.7735156014368932
3690835138043002e-25,18100821701696487e-23,0.048708361638200234,0.05575645060798676,0.10474427838560947,3444828663787478e-21,5962279587684201e-22,10399497206913256e-22,0.008509211155266618,9702007425716765e-23,0.7822763388092366
5308811243054127e-25,11284098480921281e-24,0.042920273478861314,0.05217399995707459,0.10181923546012164,4233859556618143e-22,18540791195465677e-24,2727969364204759e-22,0.007250233065450816,2850263311344781e-23,0.7958355029971551
29837263538197785e-24,1269957041884823e-20,0.044958434402307304,0.05319504368698035,0.10457955856157881,4827768635345022e-21,8288823652641883e-21,5596156096084364e-21,0.007504055350565406,7464466262328634e-22,0.7897307193958758
5467029190150631e-24,150112278731173e-20,0.03684610402784356,0.04551646762130844,0.09117789602459345,6374100192549507e-22,12625733545285681e-22,8568293143026651e-22,0.005689784119828676,22657259141438286e-23,0.8207652582313302
378976837454717e-23,5148997155657673e-23,0.03220940821116523,0.04948751716226587,0.09600365900813196,2104744158731274e-21,6443837204221678e-22,1061033899957534e-21,0.005761216456350187,16346975003823344e-23,0.8165341702508302
2001150973239479e-23,23590145100724816e-22,0.03377242134357922,0.05129093459940016,0.08647475698182566,5383667675962053e-22,328065029681843e-20,7431210668316171e-22,0.006093714145334548,4027061085944475e-22,0.822360829059686
18378896213775977e-24,10901934749825655e-21,0.03773117919955342,0.05190270618810899,0.07540045624782024,26740237034753984e-22,9878759021651626e-21,25967150067365558e-22,0.006602645806308416,5116382788502896e-22,0.8283364311085522
1577748724394035e-24,25663143798375784e-23,0.04420102258383405,0.051092512961568005,0.06863280915507496,1450331227783915e-22,1798867260455728e-22,52205217053436506e-24,0.008387980390491568,1709373123750774e-24,0.8276850378654168
369683607289204e-22,16101298252672943e-21,0.04002068252237953,0.05162150743090714,0.06549738354639738,5255153198410211e-21,2415896449476289e-20,16308617298378974e-22,0.009549259533526328,41738939871484646e-23,0.8332635663313548
18375905960860903e-25,6771413392311843e-22,0.04747819419994304,0.05133611138966477,0.06144986752627115,1346093152687859e-22,997458976723963e-22,2090551382546536e-22,0.01060451043823065,2114065703407596e-23,0.8291301729159425
9198417300610984e-25,43192534636708934e-23,0.04017388044546924,0.050992509510690905,0.05849591402087704,2637995773650988e-21,3926181281464585e-21,32100766868947794e-23,0.009445244091905525,25317210781510477e-24,0.8408851085839348
19873927042791924e-27,6827253898667412e-23,0.0457403764805092,0.05231314205592724,0.06037852458683054,5777547620828963e-22,25018153979944706e-23,4898802892178159e-22,0.010768273176379798,1740431015495979e-23,0.8307982801870378
31465765258787858e-25,6339021272836978e-21,0.045295860713022086,0.05273872478552235,0.05659333269929266,12586868984611156e-21,9263875568017028e-21,11869408058569344e-21,0.011059701790614261,10525561699066626e-22,0.8342712651349161
25570085546748948e-25,13149681592135644e-22,0.0474978993250944,0.053361863560217195,0.06071637033311979,8890383256885902e-22,6643529388310035e-22,16290829316304455e-24,0.011735613475357523,25333980643817224e-24,0.8266853407649696
34457275221292013e-25,2641752959798145e-21,0.05731437661632203,0.05939728454981491,0.09140784537509201,20749472755639764e-22,2066235598066464e-21,14771126400331748e-22,0.0136269829781327,8008332480706284e-23,0.7782451669031349
9321919181647168e-24,5979263855621428e-21,0.06108772915533946,0.06248895924904706,0.12243168220294488,5931489337945145e-23,15997362191098806e-22,2445917948481848e-22,0.01547184994811395,11223102178516083e-23,0.7385117749848523
7369930852925973e-24,42030637680025355e-22,0.06876546025981153,0.06471835054695524,0.1487849038815194,2979933927857692e-21,1677062926194416e-21,23957973636454233e-22,0.014101509647851175,2464081239155801e-22,0.7036182660278223
3104533374667553e-25,1389479964702448e-22,0.054977662044497624,0.06418611929114235,0.16010973745263044,2573010626244053e-22,1302455016212399e-22,2187550559600789e-22,0.012346427769643755,3184918044986513e-23,0.7083792760328406
459078248906263e-23,3898739173841e-19,0.050854790032974814,0.06663570196211778,0.15633376982511066,42005169568795033e-23,1960830199572212e-21,6078962702069859e-23,0.012448530982812471,14875531310504634e-24,0.7137243561852479
5943944605445297e-23,20601823146877877e-21,0.04809441084003119,0.0618058897731631,0.1506049363446123,18712806004055446e-21,12676075254162606e-21,6263316672431382e-21,0.01123391614101279,7052596697701527e-22,0.7282018281809881
1992060517876012e-23,12262369064825312e-21,0.053266454421453675,0.06971907104213793,0.15481827794754266,30090488627483353e-22,4786754602233545e-21,20805409701779773e-22,0.013174964605644345,18056442105814663e-23,0.7089988927846952
18423742640480966e-24,2177081782383818e-20,0.047439582558358215,0.0796091050456044,0.18673292360671115,11838561738372199e-21,3482960148571371e-20,7619272033920821e-22,0.013112669450955421,32267435847920137e-23,0.67303617733202
10451494077225876e-24,16278534612509697e-21,0.048103316381947106,0.08533546723769372,0.2129181368213356,3125401311838879e-22,11851353526034733e-21,5439259963307655e-22,0.013515181360909423,2725108915356673e-22,0.6400986288814615
7615481726470338e-24,43761892245250885e-23,0.047600184511586124,0.08985273019150929,0.20927645632966566,12473406689124323e-23,40097388683989557e-23,18299180341965485e-23,0.014499934791891888,11571179348047783e-23,0.6387694245293922
2170498446833019e-25,10913516991055032e-23,0.05267662529397963,0.09352211490467224,0.20235213475011887,58000285790680886e-25,3105491020935854e-23,5030224504575595e-24,0.015396334389057667,31323240909147853e-25,0.636052636292483
2432151320004252e-24,12347671372000892e-22,0.05486206228007149,0.10162897396235043,0.24367911722160715,3990043513803482e-22,7066076032821992e-22,12206328782234682e-23,0.0155628376049439,44828108516115324e-24,0.5842644992285282
1158960910885411e-23,19623681108915607e-21,0.0532632699020953,0.10972248119708798,0.26375569318898534,292565286033264e-20,5480886140094113e-21,8404879326166391e-22,0.015701770987627255,1912020851730128e-22,0.5575277112245306
1199935946829495e-23,26643100955266088e-22,0.040982825450134756,0.11230370023956003,0.25500146452495526,25025714566677776e-23,40168131770821647e-23,22659943932930434e-23,0.01896680388019861,14584888893150668e-23,0.57274150520891
796956208047787e-22,1516843685991888e-20,0.042716674675245946,0.12259683848956628,0.27257143113751625,35556956190608483e-22,3203475713355335e-21,21168567582128323e-22,0.021416218345598297,9697894587720473e-22,0.5406737434020453
383877293588471e-23,6232689901427135e-22,0.0477731920742002,0.12024490441997937,0.25601220909505823,9741571918126208e-23,3736950860503789e-22,3139155230588248e-22,0.021403058597341984,7260786229558258e-23,0.5545651510715147
30910994237118647e-25,2191803397514715e-21,0.046166731379587315,0.11703551225486467,0.24209570964605182,3647962700149467e-23,24879369969478393e-23,6368103333877308e-23,0.01887610761629684,4015067240517975e-23,0.5758233551036692
6738939994004145e-25,21844433473799028e-23,0.045662955349152747,0.12503955281224433,0.26482605620775745,13544148697167623e-24,24224408836105723e-24,14472898647455123e-24,0.01981454702675164,8127292396016203e-24,0.5446566091171204
38757719713312705e-24,32274363862583906e-22,0.031651032936747876,0.1298996639532599,0.27246459838002,7385767569847885e-22,8055243468472265e-22,785367890819114e-21,0.02304918936397457,33861912300288843e-23,0.5429295810837726
5455793651905037e-25,25400859786583214e-22,0.03738726687356957,0.1358236189790707,0.27574662087354723,788823939024878e-21,7710773224249755e-22,10767459635049953e-22,0.02365604902610023,10100003305792733e-23,0.5273811659688905
12399031038204092e-23,4388865436897728e-20,0.030815612920814004,0.13236657125823678,0.270704467731396,12832429415169398e-21,998226146168256e-20,1323953411083709e-20,0.02128606830006849,12943818326343758e-22,0.5447459185410519
11602343249682397e-25,16562510434909368e-23,0.037476726271930084,0.1366602535907903,0.28727941422130293,14204295250914622e-24,9187973551435565e-24,31539853049229826e-24,0.02191719798601557,18746940126723537e-24,0.5166661674667531
18045625386549863e-24,17405779800578426e-21,0.03915341755778598,0.1334890225323279,0.2813476004270617,2009900587604704e-21,27412305726195043e-22,2275895180913721e-21,0.02284093910913543,19350767035604965e-23,0.5231443760142724
7355958044277481e-24,2124706535833417e-22,0.03159164945699912,0.16658706575361693,0.35258483466948576,38694370316308904e-24,1283220899963984e-22,7776944356267014e-23,0.02743748734824258,8281286664724454e-23,0.4217984153463858
26438418107612727e-26,484210255515574e-22,0.04618887292185667,0.19586271960033144,0.45307000922919677,7271524374520343e-24,22261999666834947e-24,325822962539906e-22,0.03469705744843562,3222113504053681e-24,0.2701812267767605
2991925656713039e-24,5518154008789163e-22,0.06156518256849373,0.20750367156607052,0.46995414059953167,6992915232339454e-23,2579965095709223e-22,3238221731769251e-22,0.03739811512400715,4064163277222863e-23,0.22357764294510313
143355196134777e-23,21913216856801858e-23,0.06501841518188717,0.22102901075878223,0.5144197202372499,33816991776847405e-24,1504503592723991e-22,22558871882839775e-23,0.03962012273835918,1601097607114098e-23,0.15991208465081994
32789706365834424e-25,41920248952243045e-22,0.056164471636931876,0.222671394095188,0.5146080766448725,1090444626458681e-22,1490544135239937e-21,6340054838044315e-21,0.04062987434307074,14607431851266864e-24,0.16591403372521824
4252616381096168e-24,14665379843792556e-22,0.06955413769094222,0.2169445278891101,0.502179287787857,11186575751184822e-23,6183466137043577e-22,30199880142945284e-22,0.042368906445759434,4061983349979424e-23,0.16894787857481328
4673571646977969e-24,883440392017942e-21,0.07313437125872996,0.22627331128332745,0.544892562968505,1264049776475562e-22,38149469922838423e-23,13244395891538097e-22,0.044123213926158596,5548128896921504e-23,0.11157376462898685
29709839715263267e-26,5308056891867918e-23,0.08328223086570238,0.24017986288829124,0.5759853982055555,19745107364748028e-25,27357489120881307e-25,3425837745274227e-24,0.046976707375861834,11503961625958548e-25,0.053575738000447376
1660995402657841e-23,10543379763475905e-22,0.07795490109984127,0.24179438840222903,0.633610643264335,4420511233730239e-22,6203033433082713e-22,2862770747704121e-21,0.04578318411203817,25910610830664066e-23,0.0008516279458048603
41586218881858506e-26,21088432002543897e-24,0.07756967610260651,0.24579689842867516,0.6150477869824093,5368620628877996e-24,5275166391244519e-24,10055300602339892e-24,0.04082479473311977,44978631016427875e-25,0.020760797051859667
2248964662924725e-24,348849427952338e-21,0.0822117459592149,0.22602076921747105,0.5506843479648099,44894560736705607e-23,689045279857349e-21,1907317265838514e-21,0.03627564760366743,42588779496536654e-24,0.10480405026106565
17517211067974423e-25,24856223934664746e-23,0.043413831018476755,0.20098820251890756,0.52445802789978,12174749274604342e-24,12648479618997853e-24,1949838501558729e-23,0.02801265050359504,10560436888912691e-24,0.2031269828633001
18263464749560659e-25,9194921414362944e-23,0.0044487027553483756,0.23075363079200095,0.5434110221789616,26125458010384982e-24,3954405693866238e-23,727707843739433e-22,0.029122355965954475,33574339086437984e-24,0.19226402251531766
43648200756656015e-26,18707682922988234e-24,0.009748599064935845,0.23443710772294926,0.5844935905862795,6160414150956065e-24,9234137857641662e-24,20717716650142815e-24,0.030976164922962696,7790821249389478e-24,0.1403444746562304
1964879170979803e-24,8308588218784919e-23,0.011215785834086528,0.24414972653180805,0.6071573295060363,28030719215848752e-24,418231214056332e-22,8695396105759108e-23,0.0318951752596281,39829048353327116e-24,0.10558170117825944
2365309771050406e-24,8014566496531303e-22,0.01326673090585302,0.24994676722482054,0.6301197262317523,8260190336536395e-23,29405404283126094e-23,7698151978067915e-22,0.030456319892075145,2427616141297443e-22,0.07620826269080967
23195710851126884e-26,25054442680771223e-23,0.01976696967465154,0.2515557490621424,0.6249151344654342,16875305502320603e-24,7661635956140069e-23,3153491849235821e-22,0.032107338949538225,502543734035932e-22,0.07165409797612478
1981720689925142e-25,4548395964238161e-24,0.03228673150417273,0.27503982799918897,0.6504568784884862,29022704675077557e-25,2690581343339293e-24,3972275350891191e-24,0.03738631746540153,29596671577596195e-25,0.0048302272718542625
2221204869323602e-24,1857996197462267e-22,0.03467017836998972,0.27582242145291597,0.6423445050760692,33632985600212324e-24,3916160740790676e-23,48429039120407056e-24,0.0325837340589025,4159730632655384e-23,0.014578810199502312
19157158043991748e-25,8903460193896935e-22,0.01284724437960551,0.24110332875132937,0.5643241147188586,7155151243358082e-23,21829101296225838e-23,33330793909107637e-23,0.027880234550587434,2024957606378126e-22,0.15384335969163837
36660089032223083e-26,9755170130437863e-22,0.0043494680744755486,0.2124610628393302,0.5116599157899455,88189540374273e-21,10675490715899466e-23,5841857168854018e-22,0.020228143126107698,262833889195185e-20,0.25129702681742944
13828931202856002e-26,16554055355680791e-23,8750154741105792e-20,0.1973198801161838,0.5006677396306223,5238710061757378e-23,26089686147014992e-24,16466315058212417e-23,0.01704492279685658,41358029284013236e-23,0.2848791335102465
3268944750768935e-24,25863407509112803e-22,0.0017218531005944212,0.20798507415506046,0.5112685282552857,5005300785874596e-22,8159765083464414e-22,2733476064783896e-21,0.02079661457811377,10282988360010914e-21,0.25821100732972035
8035078812154693e-26,10082585573281404e-22,0.02639361094283175,0.22513471257906362,0.4436789032329715,31079994139800236e-23,8632410388566756e-22,15384819024383806e-22,0.029539486454791954,10919951595065166e-22,0.27524847394881746
9709376478073212e-25,8172382194108158e-22,0.045103217626847714,0.23631872237272178,0.48767683125093403,4537178783184059e-22,10369759431857055e-22,15498636173090127e-22,0.029481857687360277,2409480303394524e-21,0.20141310282343813
9114070885918557e-25,1215461488729063e-22,0.05189683563931025,0.26464821981911796,0.5273806377196822,4212450246200434e-23,15470190436535498e-23,16358037185284395e-23,0.03269382918091535,38431353082207875e-23,0.1233796104631537
18334150838371438e-26,34527828441247245e-25,0.05067125992294406,0.26004336050551224,0.5113788945802531,27015320606486373e-25,4550250635228785e-24,5191730159839892e-24,0.032940599584396386,8809937975118128e-24,0.14496586051731938
11245600962637986e-25,7012265381275257e-21,0.051338627399979964,0.2638215064411902,0.4769571446277936,4889267261522487e-22,19240950241694994e-22,5999210015465422e-21,0.03551173955282914,3417830094527741e-21,0.17235213852639408
8572499326378986e-25,4294891321169729e-22,0.05592460979024777,0.27860167001351877,0.42617144959551934,5427568484664771e-23,3712684634022135e-23,11982911446312463e-22,0.03842065054682213,7366210898916133e-23,0.20087982636120327
29337557258228916e-25,9318682091286172e-23,0.03490562483760469,0.29506726945935924,0.5019119268378476,4366741416764763e-23,1056386966340252e-22,14897903786754023e-23,0.03552222897159889,12183726800908472e-23,0.13259243365059756
3459465966710728e-24,16329860902705788e-22,0.029150729651214808,0.3091572372954457,0.5583641948515823,3788781212320401e-23,984273702649394e-21,18000045969965133e-21,0.03345630833716705,2730187825474406e-21,0.06984814102373577
7968326492816899e-26,2905964663498444e-24,0.02087268378386367,0.31955290825589727,0.5868524003372404,12143007359873917e-25,27341032998967237e-25,978801000406609e-23,0.032597449172367815,4297327462175144e-24,0.04012453743135614
10095466693134279e-24,3369806156052998e-22,0.03281813684865014,0.32996486165605754,0.6007540321373077,15043089170029575e-23,27619293634868455e-23,6430809104118191e-22,0.03541277652367044,35327653205514604e-23,0.0010484227753239951
10592844745712346e-26,32092025879807556e-25,0.04216209923183359,0.32458872355431967,0.5994584396917937,1616401420804048e-24,2600849549732564e-24,3955202492357062e-24,0.03376850281075688,3857931953947473e-24,22219366571980065e-21
7019451665099161e-24,22673712266806758e-23,0.0791456174683184,0.2952006512655399,0.5945266256600865,10963772996190536e-23,20336630017319804e-23,3906403468231744e-22,0.03112510154547612,34462017912554525e-23,7220394409959416e-22
2101988565766942e-24,6186744024276458e-23,0.08045657768002905,0.29829427038520456,0.5905120515662847,3025883971996866e-23,544593684180044e-22,28799611708569007e-23,0.03067711102081654,54852367213312835e-24,5949780836982846e-20
2377693997782531e-26,7993240398545912e-25,0.07324996736090142,0.30202242697791953,0.5938530585996605,3896756723522973e-25,5999485470207153e-25,93603433541642e-23,0.030874535865088086,8002371361938368e-25,7646807767115217e-24
11395772853778728e-25,8172693918377377e-23,0.07838328451167743,0.3010969877287881,0.5892401858536901,8920547125321646e-23,21186474935246913e-24,8331526083050968e-22,0.031114698195565678,9806697233362597e-23,0.00016371967841363185
23663336699220867e-25,10964815818240506e-22,0.06685561446419515,0.30871872459981287,0.5937857093199558,3585416067499719e-22,9117300520990877e-22,7090505066467846e-21,0.030535645653422604,25917306274180145e-22,9225460784267115e-20
9208233272968184e-25,5269210467499181e-23,0.0018705262067407833,0.324373750015201,0.6471604375684841,17632850394093962e-24,4858064285767027e-23,4927461131688934e-22,0.026593872896465948,2605599324758693e-22,5401836045880512e-22
51745209568597695e-25,13718215847082988e-22,6696133075186079e-21,0.31498524089139524,0.6581888227818851,6695356143328184e-22,3548102836272043e-22,13349671051722883e-22,0.026806294329430377,6013529000258392e-22,8608998779534445e-21
11713693420947627e-25,33179938898934756e-23,0.0003141627297965626,0.31264199470535214,0.6599412339163089,2997427811388093e-23,19425981063066489e-23,37079741121043347e-23,0.027100741764275956,6132049155216557e-22,32567731556406406e-23
952289813386468e-23,438969024360797e-21,0.002393215982483045,0.3137972689399058,0.6616761527020691,17984933668398637e-23,3827537793516838e-22,8059962549120865e-22,0.019381256008587915,0.0027496343033724243,6549720939598846e-22
14350411453816575e-25,45532014734835377e-23,0.0031938249689055244,0.30897848543812556,0.6671958696942432,8929249596704751e-23,33179905266503277e-23,36492492825814906e-22,0.020261058581641532,0.00036503476524943904,11994557739346546e-22
20076237031915024e-26,8445247534859749e-23,28203577916938484e-21,0.31081753092854225,0.6669395938797253,10578466238976579e-24,36881530831303216e-24,21704731949965281e-23,0.022213207558073884,97141706420471e-20,14347836487768716e-23
9327551120824662e-26,1275722228656215e-23,4750179030496121e-20,0.32333006966405275,0.6524948660033923,17579933966829316e-25,8518279336937345e-24,2019043902670483e-23,0.024125410055422465,2101739306038479e-21,74303929002437045e-25
40734473826441753e-26,9989704857854728e-24,10003074026023982e-21,0.3327208058628865,0.6411746500475063,7387109262441281e-24,10564655870596032e-24,18082312879757903e-24,0.026091514622322908,29350804003075773e-22,44880646390167645e-24
2523450728580213e-24,14598454207438297e-23,0.00036762446069020494,0.3347174539784386,0.6420973238398694,49210519949131796e-24,9102863814412476e-23,21714784369054776e-23,0.020749687501747646,0.0020669976378411303,4066862043029305e-22
38899980965491355e-25,1747900237942257e-22,0.0007859006747594957,0.3448013479379955,0.6317120802770053,7292631372877403e-23,1300451944182901e-22,13971802712997623e-23,0.021277704188147367,0.0014212865120638454,11590406963558e-19
36540308451308514e-26,1516018788841858e-23,19384474767153505e-21,0.34570520871093297,0.6247952189183622,6830066781701088e-24,11731186547505766e-24,4205542118670937e-23,0.02473830293372548,0.004728111986991398,13696833209403739e-21
15966905690861874e-26,229438200939169e-22,12522613188175756e-22,0.3317526742422433,0.6301067956505862,33350541322395878e-25,576507910202394e-23,20745865540826914e-23,0.03813874460483741,2820935766495418e-23,2653693757143557e-22
34639417286650678e-25,4036860318884225e-22,60536178661449e-18,0.33519006517890393,0.6067210821465859,6902438586197349e-23,14946335324809995e-23,0.0017262240453767685,0.04390502797484556,0.012395993995115822,4448483189053539e-22
3680091774898505e-24,347844450009642e-21,0.004943871291464779,0.3461122683102133,0.5934186229043653,6908339911082479e-23,1119974797776202e-22,0.00037897869930049384,0.0551451898791713,17336897591373606e-23,36294121740928125e-23
9031750404019677e-25,3217478428473594e-21,0.00022032491088699201,0.3473863199534248,0.5800917672493402,16745681745368662e-24,11297659898513925e-23,0.013949838679364102,0.05834525403555941,23275608445441206e-22,8195071109121273e-22
21999885666095652e-26,5380630698984499e-23,2278141157768858e-20,0.3436073592533115,0.5864136278081007,32869537113325858e-25,3853609219583664e-24,0.010545883278148345,0.05940879286261029,14738464085212895e-22,20372487412540768e-24
33290216337425983e-25,14508031107750167e-22,2687003098075593e-20,0.34728434478322806,0.5792490533356154,597275444885613e-22,15100588820699308e-23,0.014745287416218882,0.058554596816295656,0.00013794173376620254,24101780488813014e-23
27785362013766397e-26,3559590905708477e-20,0.00024742749870243003,0.3534996742130029,0.567619276377466,14448192988138252e-24,33222006083991035e-23,0.018017673099729244,0.06052752100795251,5234214560048848e-20,14280184386451848e-23
7984536057034146e-26,23541932911608706e-24,4032836397490543e-22,0.36860110689141057,0.5599290880295297,15377349788087818e-25,34388262686297165e-25,0.012523966482062682,0.05894488587468324,5145766798216239e-22,6263488545138911e-24
20152921942420196e-25,17640266500892183e-22,39137614452216086e-21,0.3714714238526871,0.5519447465871551,4055414137260101e-23,92909317610864e-21,0.017176625831717477,0.059255152266249965,0.00011088400029800719,13034208914811382e-23
9835411567708907e-25,12629533434583402e-22,6497318670559398e-21,0.3708711877616282,0.5507125477918492,2068474236453254e-23,56870185351737686e-24,0.019161356849917415,0.05919879714963462,482172593868929e-19,5437708314517956e-23
16799625253269348e-26,5359670204794459e-21,11470858875099342e-21,0.36477890033317834,0.5431794009699996,31104049757157555e-25,5406652678739677e-24,0.03141277338508075,0.05912132752390542,0.001490719811987177,3876155360395051e-23
2351777962047493e-25,12182047194065167e-21,5823984762007327e-21,0.3670540942622308,0.5420688125199712,4427193616820255e-24,13178064092512683e-24,0.03172013321690982,0.05890007453272626,0.00023880370452832587,578911857980146e-22
17486052962281662e-25,366193014332542e-19,25178701825590156e-22,0.37518012238314424,0.5316136030219563,3407694417020533e-23,789917447730497e-22,0.032103181076223224,0.06102768337700048,35975492685234875e-21,18265992739477534e-23
5572428708225034e-26,3799886056892686e-21,14165377240387742e-22,0.3442166111508979,0.5399208157763564,19481595784320653e-25,2408275749262398e-23,0.05251776228400724,0.0633370775108643,15826139602929685e-22,908153481692204e-21
19620114985112033e-24,8331150878115633e-20,608423742294242e-19,0.3361127187937764,0.5567249002696476,30099663323271566e-23,1149400612881445e-21,0.04570843974874188,0.061122265576227984,0.00012712023403532984,58931477180830266e-21
9546014800262006e-24,6763084276900756e-20,1593509878074755e-20,0.32787347794639843,0.560655949029144,14181555659282286e-23,772089886996787e-21,0.053345754268638655,0.05794167537977835,8754356482391129e-20,11110418193718562e-21
44050745331052847e-26,5259922213691967e-21,1530516752709594e-22,0.320942503429189,0.5428086038237687,9662074332122892e-24,25546225254522305e-24,0.07443627162827826,0.061798290342959396,880468043574951e-20,7747270632588314e-23
8965899233251077e-23,0.00012526516248344662,26048784986058718e-21,0.3164536372297994,0.5532117192247962,14090829397260186e-23,6622955204830656e-22,0.06531454307921962,0.06004790309914981,0.004819616231947059,3743248236150226e-22
41121358334350905e-25,77037137790184e-18,27612014657022103e-22,0.32217536645746003,0.5446994257762247,5860221090474989e-23,2777373883414248e-22,0.06567686087940432,0.061730278574240564,0.0056377938458106805,1356758513526683e-22
16617279985321148e-25,7025430608389598e-22,20937088623418718e-23,0.3077877551299107,0.543412638334921,3360010308512484e-23,50396596460381883e-24,0.07355140036988761,0.05722676152710187,0.01802030347392376,14359188079571005e-23
18739506640091655e-25,359258245828765e-20,44705814725783205e-23,0.3023982618487391,0.5439264976476126,49596168876260286e-24,10545941972592119e-23,0.07695059121715343,0.05549606296316333,0.02122424964720095,1401059879324493e-22
18717274053417615e-23,0.00011714856063566135,27825557257104768e-21,0.30746926090660914,0.5247223291286264,7762189352368076e-22,4989002457321031e-22,0.08946997526109701,0.05978195294067327,0.018399168762453594,10876590733850214e-21
2515014661990944e-25,414950001753415e-20,33878445775459113e-24,0.3079368393648747,0.5316000888117383,4798462214088846e-24,9306505207118986e-24,0.08267289021333483,0.0585999270274069,0.0191860394938498,17353970868803638e-24
9240088960885265e-25,323381372640331e-20,7766267014392045e-22,0.3013143224873847,0.5390802290178877,5095963751567127e-24,745129255965035e-22,0.08183544721422391,0.05651591224998284,0.02124944673787956,5513193897252379e-22
500243998283856e-23,0.0003023927053373951,1918578873200576e-21,0.3053692590602103,0.5368174443765718,10022305205883381e-23,202521272399694e-21,0.08339092685218792,0.05811567210054234,0.016001682003731837,39657591693699153e-23
1442917112263958e-24,0.015833089060443024,10563105286389275e-23,0.31929865491139764,0.5079913064271523,2463729033470972e-23,6489243647309043e-23,0.08997840521133484,0.061840810791333155,0.0050574714476070174,6554986030376707e-23
9645569865204414e-25,852424363446445e-20,629004197814678e-22,0.300599084520734,0.5464283069992961,13310351075942526e-24,43659554954179695e-24,0.06818451247949174,0.052482833745189056,0.03229658577098736,3140592730622266e-23
2846859885081405e-24,7367405547204714e-22,5674191527541421e-22,0.28631490460434716,0.5440047288454749,5961031275853616e-23,12289484865071582e-23,0.07610047721041428,0.05078833215424736,0.04278991694032816,15073346068731533e-23
4814614322081696e-24,9704204996169939e-21,17097894044741648e-22,0.2821126819269578,0.5626841227816219,52852355193142974e-24,17230528467210522e-23,0.05658102050376877,0.04839044879742107,0.05021998339793891,9862564020160038e-23
4951238645476431e-24,24119197847095844e-22,14237010000727795e-22,0.28276180474729645,0.5587083876431668,8144836695600966e-23,19758276507741603e-23,0.0596893747908494,0.05150198465830291,0.047334180567895116,14798933161700206e-23
10161200756847133e-24,1683798399088355e-20,8585529026926627e-21,0.2808219732889353,0.5842062749320415,12495413432199002e-23,4478397791285032e-22,0.03592169772036135,0.04755248283775237,0.051471330847935086,23390539798382195e-23
2188778218616738e-24,4280148757317787e-22,8500650523484363e-22,0.2830299674148827,0.5676245631011989,4126980247800041e-23,51005025699365495e-24,0.04968371063717995,0.04954947649825471,0.050110807810270906,10199468176882885e-23
11439399860179497e-25,1484299974312037e-21,12569302200910916e-23,0.281922847353031,0.5457703704881391,15734272601475804e-24,28977740890644152e-24,0.07528968520809952,0.05189187129832024,0.045123536330505254,33472953685122374e-24
8009496271809396e-26,3823558242922491e-22,19023072059382827e-23,0.28786658001047344,0.5418645068207912,8936863077089254e-25,3099407925128731e-24,0.07473153923232968,0.051027423907040785,0.04450936899469355,4374974164614158e-24
10960566393434203e-24,0.00023037061648544622,812978675898662e-20,0.2836673136166114,0.5395160422911303,7563341230472001e-23,11920710218561023e-23,0.08064106358659705,0.051143305351624146,0.04479307429572177,4946539896457612e-22
29165005535584385e-25,5076904990425683e-23,33897381930516464e-23,0.2829637919034161,0.5518931928779303,48480346857216466e-24,6641010533230714e-23,0.07074294185833482,0.04786138852830409,0.04653792623066321,2510515273959038e-22
8923328089561282e-25,16245589962404423e-23,672192007961434e-21,0.28377051634113615,0.5659104971651208,1631805296539582e-23,525837486557457e-22,0.060158845335710615,0.041402599940827255,0.048756488508629715,14826653089870315e-23
3503687984026306e-25,10772356410540486e-21,29645841621790752e-24,0.29934730326952,0.5319928719062111,21735894471625587e-25,2184044424953778e-24,0.06973016839175858,0.05140160659332205,0.0475172353142387,7815487480434989e-24
11132517772470558e-25,0.0006037142603533326,11452091636159422e-22,0.30278747914581866,0.5247359329119722,10154842860499998e-24,21325832601415407e-24,0.07142256230177303,0.050844689729883846,0.04960442242393495,21423182470441495e-24
3174354482003479e-25,8885257147547326e-21,8367924980040841e-23,0.2969967577479615,0.5403750978256922,1078157047578536e-24,34518990539181318e-25,0.0625951867771554,0.04640931980010581,0.05361465959867509,4466139339689749e-24
7094300948017112e-24,0.0014489481418392982,8857013045616841e-22,0.29626886387623913,0.5495252145113391,9801036413066443e-23,19358184468476352e-23,0.052787934509078524,0.04685508180532332,0.0531126019674384,17080092689670118e-23
18827085683135157e-24,0.005742511582325608,2476444690216901e-21,0.29161205079349767,0.5518770163679929,2880179261407758e-22,44513995811247854e-23,0.060281699592054816,0.043062458799801216,0.04742060364863303,4307860044994205e-22
5586583620180159e-23,0.0045855381012706396,0.00015409363455426967,0.299123752760876,0.5459533950903316,5253323140482253e-22,14436048208321529e-22,0.04240855634486732,0.04575512609129155,0.06201640262336559,11105504717047907e-22
3790816881450336e-24,0.0033347398594777535,23060261831376156e-22,0.2936732833867686,0.5511449151350901,4731009766970241e-23,7545873012739861e-23,0.046759407712712996,0.04367842180615518,0.06140671799263956,8152125295083446e-23
56614534140044655e-25,0.015470640273220999,5047751624232896e-21,0.30630479388118503,0.5160243972196726,9876892038651121e-23,22826227059906546e-23,0.062454008526233035,0.04802573488063788,0.051714890872534586,15390223215376866e-23
8045078344943696e-24,0.040196659819308006,0.00011273706331869152,0.31907802030287874,0.4820377733049418,5664140305118413e-22,34368666391900567e-22,0.07291640774580549,0.04903584366149092,0.036618383534804254,16324168511709494e-23
12793278719680674e-26,0.01412655392055313,6081319500988467e-23,0.2906420776344979,0.5162607668609767,20073963052330787e-25,3834057390804548e-24,0.08813598979327057,0.04516283352688821,0.045671689021830636,2245928765101099e-23
4896028219429045e-24,0.0005000567756739784,4276423107086699e-22,0.23876697334885977,0.6337622230838091,5260493495211437e-23,13151426180304509e-23,0.049138861294579464,0.03617449969627675,0.0416566320720608,13707120525714793e-23
23817836048007716e-24,0.0006563012548342762,1208183161090275e-20,0.2500260152494713,0.6261917533777,4734928524131995e-22,15130009494491283e-22,0.04191698759223044,0.036452328385008906,0.044740212376227016,2309621279753148e-21
5255814933875135e-24,17194084034522096e-21,616037608950179e-21,0.24751754060777847,0.6357043752452185,5417379034631352e-23,17840256136745929e-23,0.033747452362199,0.03313280140809811,0.04987965776924317,12465365258442913e-23
10308827999813856e-24,4711724387718571e-21,15090686078509367e-22,0.2574609209654068,0.620756011564892,12685630293567772e-23,4971433638849137e-22,0.03738537147654054,0.037017897317257624,0.04737256780069646,37577371603194285e-23
16733038476005993e-25,5978339716101012e-21,13549226538183785e-22,0.2507022219490637,0.6238428805523827,10089732515638742e-23,26217864971382416e-23,0.03764048544496166,0.03149887264371856,0.056306943992097895,8974061308480634e-22
3080750429625931e-24,3675419411294185e-20,2110184743478402e-21,0.26777780898621645,0.5957604740115985,2716561919072281e-22,3864133210678535e-22,0.049387430710017034,0.039470516277568105,0.047562584135927496,16603495536947609e-22
12553836115924491e-24,3049566823668398e-21,1393374667753201e-21,0.2607784689520942,0.5988780734528241,16573025533078565e-23,4534834849675719e-22,0.05092385701064073,0.04124417248027185,0.04816977702608598,5763690153916152e-22
22160691240392156e-25,34122669011379655e-23,12827225679524017e-23,0.2507328863214451,0.6112339622336747,23680082251407965e-24,7274420384872524e-23,0.04786093133674205,0.0402461962383416,0.049925413028865,4270172024477213e-23
11346932546602066e-24,0.00035307456544863365,2499778794770791e-22,0.297311590080953,0.5331422690495892,11437852659139357e-23,3275627776902209e-22,0.05965065795590192,0.04665029310531885,0.06289121906598877,19291070793639682e-23
20095591927998016e-26,0.012898224253399405,1502117126700495e-23,0.31466085288659634,0.505806674052662,11917613171851961e-25,6313427658072553e-24,0.06979772825140859,0.0629100545608794,0.03392644083620097,24316439806104023e-25
11115566352008964e-24,0.02547207172918679,8991416021784912e-22,0.32384317153752035,0.4588548844206934,52663961299801096e-24,42874491294314995e-23,0.08924677948915752,0.06891902895323088,0.033662602286917136,6991729404763782e-23
8464412354980619e-25,0.035438809727103615,5528087673021037e-23,0.33279548488148414,0.4293708033876052,11598258035444696e-24,1470394679335421e-23,0.10038571721477657,0.07439861209367134,0.02761047070328979,19562547737374658e-24
15749940964210915e-26,0.052946697606084336,12126142198889463e-24,0.34408171568282414,0.3892473538552042,22771357102449865e-25,4695643990747885e-24,0.11045294455043636,0.07926985188534136,0.024001412213633787,4950056068248385e-24
51301066146145044e-27,0.035184522451449464,84562752980672e-22,0.33767513631427876,0.40698253004956697,41602183701213187e-26,2456323355293205e-24,0.11262951833027052,0.0792208762406542,0.028307402904345004,23295136033485695e-25
2987979988806668e-24,0.019403798232754874,13777053077835413e-23,0.33312989321515035,0.4053102842597738,41258276609625964e-24,8738044074810322e-23,0.11504793088454321,0.102106400863594,0.025001361335766255,6180933295157011e-23
18002382092243328e-24,0.061179785359997574,4313019725465357e-21,0.3454211978179995,0.3705376631374215,4159029167673762e-22,62599865123834675e-22,0.11188769385943818,0.10825965356178249,0.0027026029455443565,3964063252345653e-22
