953848463394566e-24,5236305381068231e-23,0.06950963405620164,0.038389558518069654,0.09540077607945194,4781010937327265e-23,6212622993914378e-23,7632626838008254e-23,0.01000866502273446,5751666963086593e-25,0.7866911261689035
11460986470112345e-25,6113689332640704e-23,0.0678196451274707,0.03579142202614118,0.09005636122554835,6010404110937245e-23,7136559777546831e-23,861370329261681e-22,0.009770853531236974,5525527794308988e-25,0.7965614376473908
143103529267946e-23,7366310712327619e-23,0.06213617631826845,0.03450365022048281,0.08507003500498285,8919079324138177e-23,8780435570759366e-23,10867752546580596e-23,0.009130007880191547,710072835257043e-24,0.8091597690991945
11548881860284895e-25,38075694834762455e-24,0.06371062618676895,0.03380577967296626,0.08644424269285346,24886685651101837e-24,397657943331545e-22,5170562501093681e-23,0.008998282080333403,5784151955601217e-24,0.8070409079942301
11633766240002097e-25,43063769074859366e-24,0.0616368991488033,0.03392779003139028,0.08654100322052553,33029182614680695e-24,4844772366379046e-23,6205060829904351e-23,0.008523111546345307,56146619430122254e-25,0.809371002683633
8844420170790045e-25,33148001175619586e-24,0.06388075117557021,0.03430525127455146,0.08734260137922951,2138746479337838e-23,3260503963511293e-23,4096106156731849e-23,0.008955315649210554,35228004982809773e-25,0.8055159480126237
21533128896590118e-24,40326502230418e-19,0.061628840818687816,0.033359322972354784,0.09006477527116893,9315960938856422e-21,6280212569698032e-21,8120137961308495e-21,0.008137135226778874,1258662412745462e-21,0.8067808965607344
28874010626611406e-26,9459698317002565e-23,0.05872964784915908,0.03263311133804077,0.08653509863606446,10768275814211395e-23,16605919040016554e-23,22714338575076538e-23,0.0077915015828686675,8477348063368946e-24,0.8143100363454691
6534063083007516e-25,17261186278926616e-23,0.05664347497551228,0.035152677883133164,0.08596632612450562,44780296176940176e-24,13925485056663415e-23,18571607042521637e-23,0.007931702033153895,11229310386052931e-24,0.8143052647379475
8702324217783428e-24,10612168132947838e-22,0.05400272076968066,0.03809649940526602,0.08184275674286709,3355831137893801e-21,3464923220093146e-21,4684615295467039e-21,0.007914849142060375,14647057052980285e-23,0.8181304521807913
9066812935192203e-24,14954186978098e-19,0.05083713227604164,0.03675575919300281,0.08064442904012181,3860026560047569e-21,3933897469612556e-21,50857988264039604e-22,0.007077547976090721,17208807009722185e-23,0.824670575218311
8611229108055214e-24,12859557800956323e-22,0.054359453320775374,0.03834009674055607,0.08079952093615335,394657993358025e-20,3848702515632612e-21,42143958355527585e-22,0.007863774456694419,14114543888657452e-23,0.81862370915511
324459242020909e-23,11818230649480798e-22,0.05074976399135601,0.03819176776851162,0.08043202648847811,4734141175523022e-21,3907639267871384e-21,26049465495184846e-22,0.0075562015962710605,4943759326796471e-23,0.8230577589231489
34540157638800174e-25,12849066199322349e-22,0.04945094469225723,0.0379740900551356,0.08008699669455888,5160882927596754e-21,40438617098249985e-22,288084813685115e-20,0.007280395511479699,5816144753664193e-23,0.8251941409317103
53507502853414795e-25,2094814560447632e-21,0.049227053064824035,0.03688813802606378,0.07854121327012895,8764904336057553e-21,62223936058679465e-22,3983576027625029e-21,0.007068949066271983,8764790131491372e-23,0.828253487885546
2194345676182034e-24,933608910465999e-21,0.050178783627698065,0.03903458405427044,0.08388118137451808,3771736458515141e-21,2987735944789634e-21,16490904093931944e-22,0.007243325312740102,3769355782310494e-23,0.8196527435711525
4964396611399746e-24,2480149053045165e-21,0.044650395583313365,0.03674288333466086,0.07783638799336819,6251237104931152e-21,61024700340877975e-22,40252392090068485e-22,0.0065707964429214455,878385564401092e-22,0.8341805847473804
3309923117330875e-24,21776541126920987e-22,0.04331422519159934,0.03904127006022644,0.07855449047264604,4493787753750081e-21,4635374756977093e-21,32700989902138413e-22,0.006745053093378761,55388597024302554e-24,0.8323303255680434
33985407925648834e-26,3833558179551302e-24,0.039368954295692773,0.038103088938418544,0.07956929795202977,3641715475365141e-23,29335960052259252e-24,1244703161534397e-23,0.005840266037946124,50561196966633925e-25,0.8371183053462653
5494126822596395e-25,26906186015911077e-23,0.03813641059044847,0.03673926778057543,0.0759411213892482,2159912430171286e-22,23050213427920754e-23,26147267894295614e-23,0.005938649094585839,13751308404286246e-24,0.84324355981651
5835417779322497e-25,2501961847818453e-22,0.04060911868636289,0.0374939199119619,0.07425144031261016,2389545471805517e-22,2620587387481517e-22,2692607249910678e-22,0.006580056951899616,13667914598169735e-24,0.8410644294155134
6050772205238059e-25,2885361882598623e-22,0.03817761971779226,0.03605909331728069,0.07661565257516376,2838850759752033e-22,2903560370647945e-22,29861881175008255e-23,0.005606375079490582,16238010637772617e-24,0.8435400810710615
14828269324218038e-25,29728862246083247e-23,0.0374792970415829,0.040729287263715504,0.07700780863810647,24977706461767304e-23,23704700179576312e-23,17476483752434458e-23,0.0066846468899111975,21091051610212203e-24,0.8380979787152862
7038113993128355e-25,3545490291410973e-22,0.03912260617784828,0.04296689515442359,0.07977587415005342,33935504155273945e-23,32321976292554977e-23,3126145485297357e-22,0.007074181365201542,16035369534392937e-24,0.8310590966749124
6088531825541416e-25,3079041134702648e-22,0.03844523280339895,0.040456006215757234,0.0762402842790239,31571307098765347e-23,2862327728697624e-22,2823245733287143e-22,0.006761624841838402,1509894270368145e-23,0.8380956439776504
8112446941357619e-25,4339112575464374e-22,0.034993956180186234,0.03985104512545466,0.07461855432606634,6016895596824185e-22,46541520588929435e-23,3701818232367801e-22,0.0061348005231083805,2335009037067242e-23,0.8443997484860021
24324562989960156e-26,7499024578709119e-23,0.031150301532881754,0.03729531838551756,0.07228142633152093,2270302959111797e-23,5863281563254133e-23,5585041309000414e-23,0.005315699203986786,5079452115160857e-24,0.8539570370468744
14839754388302214e-26,7831206525067333e-23,0.03197947778922987,0.038155530973703694,0.07535507825741374,6748595871875304e-23,8253777940521217e-23,7374756007577825e-23,0.005299614204194402,5255020258641275e-24,0.8492099912887051
19087758166154573e-24,12412590066147312e-22,0.025590548310778134,0.032363093889926885,0.06565055396284722,955417543834198e-21,3923495997254335e-21,4598569023139896e-22,0.0038554312405503547,9943879220450174e-23,0.8725336740398997
15475757196515006e-24,14715619855655165e-22,0.022928624213583305,0.03535833832121046,0.06856346678692801,8076750541315503e-22,39309497859158734e-22,1014071597491974e-21,0.004117337404502867,25282003492855386e-23,0.8690247407195922
8581117454509393e-25,10074786010998999e-23,0.023824517252800433,0.03659841721932882,0.062134710178586926,21124891364970669e-23,3978225976158704e-22,3605088433262815e-23,0.004250812417593407,32597057199891214e-25,0.8731907929436186
17878789333064976e-26,2559321371913035e-23,0.026159897030903267,0.03716578136984287,0.05439102821028989,8346503257853241e-23,27749063309292804e-23,13048005116233786e-24,0.004538537578520938,6290835785839837e-25,0.8777443554056867
3605535785586939e-24,27357171054074152e-22,0.03178461860009737,0.036614417893321746,0.04937280889977425,6682319944904691e-21,6190070585296081e-21,33650731392071337e-22,0.006039201468255643,3609488096050902e-22,0.8761696154034313
24773548523988315e-24,4043473513545944e-21,0.02798009005979222,0.03688289992116487,0.046720325942735536,8564424670045938e-21,1432767448579036e-20,3825565773280584e-22,0.006695128012754671,541084293157629e-22,0.8816941590523277
192974876069931e-22,21694861363769774e-22,0.033790167454285515,0.03665903412668452,0.043957593819443884,57464377042238515e-22,7762986411815085e-21,30050975389230806e-23,0.007561931408299031,3899222200557952e-23,0.8780152354815711
26426720983142604e-24,51894252686903916e-22,0.028825516832792306,0.036418724150883985,0.04168158031422626,1033747667146129e-20,1809140549569322e-20,6096273044154944e-22,0.006798240632577921,1267105408215491e-22,0.8862415569975172
2487787114674284e-23,49596420007365195e-22,0.03266054418871831,0.037370729621064865,0.043121354104323446,56464053881716516e-22,9103822070145154e-21,43669851263146136e-23,0.007709573768827415,8524730546377818e-23,0.8791175416239191
3122611970504821e-23,6652308801046322e-21,0.032337789404522435,0.03764751586159078,0.040396924307681104,5929529622836111e-21,9949519557734515e-21,4574725593246307e-22,0.007913506513428719,8472963605233023e-23,0.8816811591264812
3115393892976016e-23,63169521543740384e-22,0.03366344878636634,0.03814129916705294,0.043448864118198795,8115700468784016e-21,7246760176246067e-21,44801253533237545e-23,0.008339377624774663,5884447401791392e-23,0.8763847928798596
58338604288750724e-25,11903674766186081e-22,0.04023348404661256,0.04244156087092971,0.06592589811247199,1250093284476866e-21,13125015864577774e-22,46951363591078666e-23,0.009519458532810176,6846966267345478e-23,0.841875301657669
6405485670832669e-24,13615035477208783e-21,0.043595697193907365,0.04468464390203577,0.08744134124616654,11529770146873198e-21,8988024278403833e-21,5155156950764187e-21,0.011061814146610808,7495693116231845e-23,0.8131771341620612
3314360278258164e-24,7566078083114109e-22,0.04952184000456977,0.046303289299034864,0.10623083581631863,1176000614982436e-21,8558839372886639e-22,32902529516321833e-23,0.010154040229458892,41077371145584536e-24,0.7877868327413999
14656833605783258e-26,4670991686312863e-23,0.039667527550265695,0.04574078537268837,0.11419235504436759,33012170219255656e-24,4347809747687373e-23,24495641402527415e-24,0.008861292994895513,1885017248520928e-24,0.7915378893103693
2012105246909757e-24,14058340493635287e-22,0.036934611448252844,0.04752029190352212,0.11112375102919582,6564845588749422e-22,12276717040542639e-22,40356159621926116e-23,0.009017054696953943,16470161899543775e-24,0.7954005788879004
21396433595811767e-24,22584845220598954e-21,0.03335880108450614,0.04309381288976621,0.10910227286491787,9185550885151882e-21,3037934260461357e-20,3591911303647923e-21,0.007428518647892441,48155560332676144e-24,0.8069507833108924
2426866591358315e-23,23160705391832786e-21,0.036986749279881805,0.04977342942383694,0.11202829388616636,2484337659341688e-20,1382563512181632e-20,9609529620194401e-21,0.009118667626081644,1316058642684621e-22,0.7920212646627788
19064979640151677e-24,10541093992165752e-21,0.033320648018053484,0.05731885008429251,0.13557191862002713,18840040649330767e-21,18244511060833735e-21,6549404896566885e-21,0.00925122742598782,6502438935187507e-22,0.7644825114920925
19411953735020713e-26,19909306583405462e-23,0.03409010931589062,0.06105151268779995,0.15271477054205979,13137971008265068e-23,9416322521420092e-23,12361167149449874e-23,0.00960024641085818,9997779979216127e-24,0.742542802603807
1267885578214898e-24,4530294641322477e-22,0.0341025401042523,0.0642558797517369,0.14924782722937954,5901310501311454e-22,6888860094684672e-22,13174709986892222e-23,0.010418012948997411,27934862082834016e-24,0.7419738469692134
14857174645858126e-27,25166835880335347e-23,0.03733026668659951,0.06673050880994862,0.14446059267838407,6754319437022804e-23,10817164719549652e-23,14113674381026393e-24,0.010932672058238184,7942089122109376e-25,0.7405455174608905
12886714006671736e-24,4579114478600575e-21,0.03889439132566974,0.07287896061018174,0.17486531584482093,1625469054610941e-21,14983930863870755e-22,34986021819924495e-22,0.011073136721098716,4805971432460637e-22,0.7022765004355687
6031444078437566e-26,9626196146258786e-23,0.038768242779732634,0.07808097919908633,0.1879905995089791,2636393177207613e-23,36194335530592116e-24,1584858187389762e-23,0.011331791787822744,14596641622879787e-25,0.6838282105356293
10428950846388387e-24,988905188602913e-20,0.02875045818962526,0.08064199814073489,0.18298042199243325,2269348403172543e-21,19247066088198286e-22,10410083443657038e-22,0.013519951108583773,17281849220951563e-23,0.6940918632059453
19033824874318497e-25,6865894331533633e-22,0.030832538482580364,0.08805204239479465,0.19533513241694855,30280793386395086e-23,20554404619036246e-23,10532845489253817e-23,0.015416575794935149,25743856893271893e-24,0.6703623829937627
16673945886614852e-25,8228578454095911e-22,0.03331153034241277,0.08543939216430047,0.18256392025018414,3018067723314653e-22,20162722356797818e-23,14057673767243426e-23,0.015052321819433875,19630195606227334e-24,0.6836313472575068
21917413598507435e-25,6527182349184356e-21,0.03280222734697692,0.08351040459351713,0.1722115279726149,1681398285591596e-21,11131054350732043e-22,7318883443427244e-22,0.01347514235631664,46028004635200484e-24,0.6979905959362456
25082817261498204e-25,11424861160112064e-22,0.03241749750623212,0.08921800877287801,0.18906558048119135,3021122084784664e-22,252438111768338e-21,19372902002726982e-23,0.014104434863982999,3048123022073134e-23,0.6751925546207627
1332979153897367e-24,9305209360762169e-21,0.023126584443180304,0.09238198284295161,0.1937396133601709,17966538906278063e-22,13748995898203682e-22,16746325394231857e-22,0.016462294772504923,8821291577390594e-23,0.6742752836399223
6562803404629634e-24,9849976262345635e-21,0.02734426819957367,0.09694405095310295,0.19636359033793588,19236054254972822e-22,12722539493320884e-22,223019129832294e-20,0.017008004116855803,10956263094865886e-23,0.6623246942401793
9361750113479556e-24,24466836342480655e-21,0.02208718491387023,0.09463944509736294,0.19353413901474803,35320617156638474e-22,4286248500151855e-21,36986465035799464e-22,0.015234070102691549,31590990708203335e-23,0.674468851806608
12921915548208267e-25,7661611214951251e-22,0.027017181776631965,0.09757478954935847,0.20504269524272498,8597942848653327e-23,1483839958532754e-22,7039208986906589e-23,0.015694970060938677,11615979991543383e-24,0.6546692795455398
3862382936982986e-24,6295584326952543e-21,0.028349882152012933,0.09502308440485761,0.2019068397978689,18141520414407645e-22,17636996152249763e-22,19306756513685655e-22,0.01636647287804381,11274436855680967e-23,0.65834180004883
5662113478468015e-25,32185826917721294e-22,0.0216752709009956,0.11918097888223181,0.25439308325973975,18718450718855316e-23,547244949063218e-21,33849090402540364e-23,0.019418454768280163,17127050857843266e-24,0.585327902992424
4591233320790518e-24,1432409598594414e-21,0.03180439294561361,0.13973970593314688,0.3235898231887394,1533605250467885e-22,6725014940207999e-22,8135139700279465e-22,0.024445579061572742,6991923529219272e-23,0.48041735257491996
1465972704209431e-24,3567985633260371e-21,0.043820071620396334,0.14686139448524613,0.3388818622469607,1315539872517219e-23,23318424906886847e-23,3188395416744905e-22,0.026399677352490426,23524641320087183e-25,0.44403285731162206
20590450301148463e-26,27384917185830345e-23,0.04588686152641551,0.15747148476250244,0.368542722498617,26079707320139175e-24,16523977125266284e-23,31888578518947696e-23,0.02811256370222549,18412713027887114e-25,0.39998558140864376
1437712525664878e-22,28146519033651835e-22,0.03756141591692878,0.1598407890235785,0.36795484461941064,10676032196575386e-23,2244922056329888e-22,19342491265269686e-22,0.028708953922094792,7362843698810386e-23,0.4059286989647982
16273113792686915e-24,4106907709719475e-22,0.051237904123977565,0.15473153180570176,0.3580841757784552,9635861526166117e-22,2541819587490269e-21,54110266513771285e-22,0.030500291951202563,3402624117866871e-23,0.4054367190771262
10442709549380985e-26,26154915144974812e-24,0.05229517758997701,0.16160469073147507,0.38916163043149976,15349673081119922e-24,27406358674095763e-23,5175073779886605e-22,0.03152335469070453,16819414190606388e-24,0.3654142965568964
3036313704368222e-24,16251740767675797e-22,0.05934408129939049,0.17148739079128422,0.4115162449564587,3703366497964889e-22,12003222564683351e-22,5584233788800151e-21,0.0335277731183087,12436130157296394e-23,0.32411560237079495
13962645448746205e-24,68701980512031055e-22,0.05815255727188491,0.17562117859309434,0.46272652928784186,9265404135165556e-22,367486673427737e-20,1914713877866984e-20,0.03349790751082828,20500432422083294e-23,0.26997098962549887
12902626510148116e-24,3966165878712181e-21,0.05526759246742068,0.1756963249422026,0.43953653818572785,8982334266498314e-23,3322313329287255e-22,36388216256641892e-22,0.029136497486465997,56173928441579346e-24,0.30035495079991353
41055964064831886e-26,43066046102736345e-23,0.059471560047033474,0.16084770933967937,0.39344941684316714,3116717810826618e-23,9591078982275784e-23,9749404799165e-19,0.025965239788334524,3803570774961049e-24,0.36026453708875666
10384440096094988e-25,34515198057578e-20,0.030786337064207962,0.1436781705936319,0.37496381772697274,26054101430322876e-25,4781435875669244e-23,6389128340855144e-22,0.019977061026333426,11971824062979763e-25,0.4305935768686475
6506187506286273e-25,6946016980130392e-22,0.0028292251082865823,0.16530766705558902,0.3882599036459715,31989222332218545e-24,16148212289550886e-23,5789175636074414e-22,0.02079076281921111,4404827606522053e-23,0.42281092968148387
12235364752489712e-25,25285634513218617e-24,0.00855861096941921,0.1661418179396486,0.41596605790544566,1707619777872315e-23,1812441636150525e-23,3580859822263856e-23,0.022054404555371946,17050451088527727e-24,0.3872789940613154
9025715780197486e-25,12189840857932704e-23,0.007301898988471607,0.1751796300411991,0.43474252939752944,10901835090075903e-24,2517582845779358e-23,17092135603042645e-23,0.02276024225282764,8281402415480188e-24,0.3600153612385705
5024021666691867e-24,12268048438683197e-23,0.010512942542451607,0.17620669329864033,0.44842512337192597,6750249511408944e-23,7582486413514987e-23,14632024458868177e-23,0.021463798098866338,7802788327858325e-23,0.3433909473080443
372560090512372e-22,21494947234077503e-21,0.01362578693296002,0.17888991175882255,0.44637410540087086,13929526936899198e-22,4384197079799116e-21,1921655270419455e-20,0.022500599173098552,13952858209481873e-22,0.3385616755426557
1237442988080755e-25,6590320226412676e-23,0.023013207218758828,0.19651861831546064,0.4647392581945322,25409668863406656e-25,8318571559602665e-24,2176446759975684e-23,0.02670541948420221,7444153634634233e-24,0.2890233906919336
29982615564749316e-25,6856603607169089e-21,0.024664804500477054,0.19728736325973997,0.4600665346891684,1551319623468464e-22,588109338640507e-21,1953148760800556e-21,0.02330166886811674,18660536417400303e-23,0.2946698860851724
22187373549727684e-25,19232585318642975e-23,0.010603663746866911,0.16965704201726892,0.39913829256991595,58342817253006994e-24,9219334576372105e-23,10275265273972763e-23,0.019612128379153743,9829954798848345e-23,0.40098832715384897
37790554046584394e-25,21750701596439873e-22,0.0024804679155547723,0.1519514879332366,0.36564022401050184,348544635842121e-21,15881481874841412e-22,7369915811320332e-22,0.014320435806591683,657412403256253e-20,0.4655959576764134
35357060008557254e-26,14923614721590926e-23,27451298893050367e-21,0.1409218306183549,0.3578641077113343,14202052809791688e-24,6877226248693064e-23,9122857707931373e-23,0.012153507763710915,9027755351976951e-22,0.48903187603953385
9261055591256524e-25,35660812165880316e-24,0.0007304216687482624,0.14898748540674003,0.364917669782363,12909075767405776e-24,2369222203304936e-23,31771411573019254e-24,0.014995963416198077,52224906715359236e-24,0.4703683025419497
6203624310437505e-26,2981791095047726e-23,0.019472752439087346,0.1606094079315421,0.3165336272681702,1249829458490249e-24,31550676939374056e-24,4022372291756204e-23,0.02113422489723666,11928994493363218e-23,0.4822497652700162
36348997987646056e-25,12765952689113964e-22,0.031274188422929595,0.16939577710681383,0.34857144227965636,8422703816245484e-22,9764782898080122e-21,1045115911027545e-20,0.02101511421554317,30833198672988035e-21,0.42969030633538036
1468178149504901e-25,2700163010559624e-23,0.03627081114054012,0.18900296079316925,0.377117807009065,3330918550100174e-24,43470276783271775e-24,7703462515021175e-24,0.02325887259584579,3465051566739453e-23,0.3743494321623214
5396586090802762e-26,5190410982560537e-24,0.03605302445823477,0.18577146867139968,0.36536458192082977,91755341531843e-23,6712311635370841e-24,2025589420957563e-24,0.02352320394780684,22877458088356148e-24,0.38928768322380003
979822095402782e-23,2630389744992582e-23,0.03463908942442397,0.1891337084372995,0.3415600216400001,1353128537614485e-22,13023263338119153e-23,10063134389680574e-23,0.025280297686698868,38271268500251655e-23,0.4093860978209049
10283212063216788e-25,4060748915543445e-23,0.03898544291066146,0.19914324052097487,0.30503824356483655,8392382077111756e-24,53738820852510985e-24,6671662757621289e-23,0.027389498398042743,7636558296658685e-23,0.4294433277563321
8267234735985216e-26,34293842915141025e-24,0.024033499103131815,0.21131581810156522,0.3587915190076031,16860982913858634e-24,757829845095702e-22,3887655902638288e-23,0.025310540640480637,6869701976522302e-23,0.3805483885531503
45178674406332283e-26,23410505447942128e-23,0.022026157069122376,0.21933227772448813,0.4000994856062553,32874412692240686e-24,6713131990748293e-22,14375860363336977e-22,0.023777792633090614,10245729745562488e-22,0.3347608860635703
11843197379170803e-26,16382724419450408e-23,0.01458001097814778,0.22808327530617037,0.4206045320351539,8329585062734412e-24,13864309034707592e-23,2859041457090893e-22,0.023212750561868126,22390858439153944e-23,0.31351861038768813
4467573102057669e-25,1232994640271214e-22,0.023830122986168177,0.24042547901911493,0.43966260033317484,11731436319109842e-24,2687772077379269e-22,9343447240646683e-22,0.025721281430024025,9762594964672106e-22,0.27035820137245026
16492522002935086e-25,25051068468984246e-23,0.033292713482018656,0.23717419058764272,0.43932970431445056,3136263799337397e-23,3607002500184495e-22,10550976444647322e-22,0.024869869540990953,10273621193871421e-22,0.26533079539214177
37335434837853435e-26,11710470738743229e-24,0.07148532363571003,0.2416571682347223,0.49349920703884204,55363175593106865e-25,10868863214036703e-24,19220528194214483e-24,0.026028474208397212,15652895963926274e-24,0.16732976351988377
2573816385236464e-24,47483873852653247e-23,0.06571764636845304,0.23360008683431352,0.4672465253883861,9995955584981076e-23,2745684321373077e-22,39519498540472384e-23,0.024460176952090393,6201796186894736e-22,0.2089736971416105
23882568693246927e-25,2508413801674386e-22,0.0615272888759311,0.2402697558166794,0.4773402673257198,13392268580893482e-24,27693961420708867e-23,905368139530371e-21,0.024770296630179982,12701301424757907e-22,0.1960896722916689
17250077563369266e-25,2107046906997072e-21,0.06692188027635161,0.2397708958635982,0.4744643215838192,27909568640043183e-23,15167483477468694e-22,11461246178662698e-21,0.025424486314007153,28227590512002573e-22,0.19340022734104084
20416711893343477e-25,8346256052163978e-22,0.0573086204096071,0.24363377047504484,0.47961232271586934,51191736296726806e-24,14672370010048816e-22,8440188462584613e-21,0.024268411964009556,14700644930657373e-21,0.19515137850604847
2792408330702941e-25,10292472582091969e-23,0.006615167147818816,0.2597482999474203,0.5285528984126956,1745841509761031e-23,15260957068264716e-23,6310764302512425e-22,0.021484988017914312,6468197774636121e-21,0.18359127392766336
2450029184094858e-25,10554951457879618e-24,23110769037902994e-21,0.26855385594649434,0.5821952491213368,5039736891155415e-24,10162166825653472e-24,24403216169637733e-24,0.022545402422017795,5534517525746115e-22,0.126681777884565
49307256102567474e-25,1650491822532452e-21,0.004052082223556996,0.27411008672154547,0.5939646325132243,21037724313856955e-23,17221934452524578e-22,8303654599029118e-21,0.02381943887084054,55629798529052864e-21,0.10398623822455806
41191298616914213e-26,5125868979567017e-22,0.008070921832125027,0.2811275985162587,0.6177169594968994,3912528993150601e-23,600520923850383e-21,54333382432432425e-22,0.01706990411733041,0.0008073173373096659,0.07520071271682613
36496628447628293e-26,17225832340920125e-24,0.011026967015557469,0.26495396458916826,0.5880657114991555,7621451895192664e-24,19044368315368005e-24,10474631044709584e-23,0.017391472416830034,8197130658522878e-21,0.11855353834575653
5188644403439182e-25,203798514237114e-21,0.00036413291402461996,0.27160349640407727,0.5984592240847978,1278233606974732e-23,14953189809750807e-23,9004463546378404e-22,0.019134727443721616,2017590283020123e-20,0.11041697617269323
4151854274589794e-24,2542771469015041e-22,0.0008169540886815628,0.28205623992737633,0.5882166000648613,7528074512498074e-23,16847709723277335e-23,944741375635844e-21,0.02064556191836576,1989946924389913e-20,0.10824329760333037
2697320305582239e-25,28584526774693056e-23,2109533958774045e-21,0.2752799721290416,0.5480613337963268,2469210169774589e-23,20345323890531319e-23,8955749444900728e-22,0.021204141508032435,2221143833501098e-21,0.15544881205371305
1967465854222568e-24,3960363839834429e-22,0.0015327388091384924,0.2750451664235516,0.5424592651363299,3787931808937595e-23,12642009119857962e-23,6252214660751577e-22,0.016599878725207583,0.0014068883665891037,0.16295487501441916
2693888025473847e-24,19805049599080845e-23,0.0012447794473822668,0.2712818110591207,0.5094842214318612,5347412981392865e-23,11159726654140499e-23,3902838870771862e-22,0.0163444372150003,0.0010460698077580973,0.20059792493922277
11757451545010672e-25,7279632797964629e-23,0.0006653098716053816,0.2505481838227288,0.45393075597600446,19783821717872248e-24,3855503861137039e-23,3919481937773505e-22,0.018138876115013802,0.003411502161474448,0.27330484779419106
46058010641302723e-26,313244008192256e-21,3690471354819124e-20,0.26819948320365783,0.5261706504822048,12466831851788313e-24,4610133409314525e-23,32403577667691917e-22,0.03064221045435078,29041315748907714e-22,0.17494423438432224
354280802920077e-24,38068656941358305e-23,0.002294765942387264,0.27038548052413414,0.5076357213030905,30892307398722765e-24,13904659273878927e-23,0.005923999343741225,0.035611825558644845,0.009197391134040354,0.16895026521409112
9252734373594869e-25,2684288312155448e-22,0.004713004747968879,0.2749000525324907,0.48224497211515255,1772372303482799e-23,4151080652291206e-23,0.0006720918707497102,0.043990445297107106,12090078632285678e-22,0.19347789583825914
3523882306408284e-26,1443335208155284e-22,9181402906523895e-21,0.2825378871008029,0.48640544469859415,8428697359067113e-25,1120020751283561e-23,0.015438518740009908,0.04769177949235551,2590051446192249e-22,0.16791677314848213
202964501677834e-22,3356337171507329e-21,0.00031729055690997253,0.30381538221653004,0.5489849450831827,3903119742866878e-22,9197103221605501e-22,0.017621638086989227,0.052962474011661785,750102695702133e-19,0.07621857311924247
3340356320314782e-24,21464175626199496e-21,0.00022525661258832077,0.3134166903219061,0.5549620573835586,1832842397050847e-22,206805675196149e-20,0.022231436983927787,0.0537486504830609,0.00022617742655717607,0.05516601193160385
10320069246100138e-25,23787052825807593e-22,13951522530435947e-21,0.30842039664785337,0.5232079805034034,19317858477077106e-24,66736144755552e-21,0.02413684406066641,0.05335093247676481,8907561484683326e-21,0.09085852143404484
42442995610061374e-27,13456865934188695e-23,2278684768865674e-21,0.3280825365059288,0.5339242244559907,9319769349178068e-25,1921150085417447e-24,0.020825472963246473,0.05331015207144559,1788470463851137e-20,0.06383731314891132
20339047091172393e-26,7263306662635539e-22,6303972271060758e-21,0.3310630509336365,0.5313370852423527,43174316037177775e-25,7507352328240494e-24,0.02432147875172321,0.053601719082898444,0.0002090400424624338,0.05946058361521262
7916903154431507e-26,9098527259048707e-23,26218870482268483e-23,0.3211587396553842,0.5110579246744146,17184394152156074e-25,31376388431064393e-25,0.024212609614416687,0.051989156088655744,6649879602408309e-20,0.09151471306236066
1680671007016538e-24,21987290279733626e-22,36530407291713004e-22,0.3064489773412719,0.4855434192802021,4509778936847988e-23,25626630720119897e-23,0.032496867409744466,0.049690448750141746,0.0025428658742026487,0.1232712665299136
13875719284666674e-25,18252689955806484e-21,4917076678731045e-21,0.30314499234715736,0.4730304184665577,32213518693809026e-24,11044330047420626e-23,0.030928767342048708,0.04876679892558688,0.0012823915286806025,0.1428233175789952
2685296592627566e-24,726226857615932e-19,2926538638395555e-21,0.30136163199098465,0.4511177134970066,55062112377975386e-24,121898003999902e-21,0.03016720069808079,0.04919150072681958,0.00034574233350530563,0.1677404818838364
3732815153655902e-24,12598221621733945e-21,21538349494991236e-22,0.270754898608118,0.4398659048745539,7148666313931527e-23,2095877855159317e-22,0.043721225043525,0.049854745775995545,706360019178691e-20,0.19578112523375346
36045323734070443e-26,3762576666637505e-22,21587178581211002e-23,0.2623033476152072,0.4449969111953943,9778817907635163e-24,28202269866495706e-24,0.03880028716790284,0.047590041878077964,367745663776901e-21,0.20630841392675212
645250443114582e-24,6189940342553272e-22,2705902520705746e-22,0.2603809945324557,0.4605035822292952,25811575250846885e-24,7642930482651097e-23,0.04464387822354653,0.045773731691990074,3253633590606344e-22,0.18869649548895234
14417358090708853e-25,9445066090794177e-21,15271714596522872e-23,0.2802029601241768,0.49742125308057705,3356449856079325e-23,7293128154653366e-23,0.06851056039497352,0.05415241035045591,0.00028064663897608847,0.09942246369020714
8906309924975331e-25,0.0002730600922229842,6901163603204799e-21,0.29883877391704644,0.5648886738256595,22907821179705142e-24,6777352680252282e-22,0.0692994829590881,0.05731929632071486,0.009095167494912978,0.0002779426933204381
13978486157986907e-24,0.00036666557504939034,8975544768273836e-21,0.30489499719798246,0.554988887690752,33855666909270005e-23,21126678129940294e-22,0.07063757998785036,0.059002721378344905,0.00986810260120494,0.00022960482113210524
1160816787312114e-24,11751346503957246e-22,12281619750532422e-23,0.2922510156189074,0.5514050144986635,23769729322476464e-24,4707440808134398e-23,0.07370128833583736,0.05429067687031019,0.020433332232111634,0.007917302488207129
692772479675975e-23,7189131964546466e-20,9197043009548554e-21,0.27952499952285825,0.5320735782606278,6801958436491211e-23,9961624586738105e-22,0.07423216823526735,0.05156639189309961,0.02166421530845937,0.040856487307288775
3693707420951223e-24,51021730426824295e-21,7554400726442733e-22,0.27423595221515995,0.5019950941428545,7172729462624671e-23,20822430827515757e-23,0.07905843865860367,0.052820328898077216,0.01845299664964116,0.07338512861986732
6104581220183872e-26,9855908579665992e-22,4203404372193453e-24,0.2885022419804022,0.5361120348854576,12581685441599518e-25,1934732182461863e-24,0.07973310472172998,0.054575481909162095,0.021705077335696855,0.01937106611935531
3660790957147264e-24,6529048406085876e-20,4884999760946357e-22,0.2852576693838412,0.5454588380396523,6885846375981292e-23,1494751485656128e-22,0.0790918468826935,0.053190727595872296,0.02462654802981498,0.012308369090250923
29900533220683258e-25,563845732730419e-19,3290017349701044e-22,0.29226526351320764,0.54927117598651,55528966072051405e-24,12884841278173245e-23,0.08191621097716893,0.05594077885589318,0.02054882213793444,8475867097393546e-22
263878417355325e-24,0.015391489188265309,4393066073895211e-22,0.3059946598494212,0.5248198694376703,4744624906212768e-24,14891582439839263e-23,0.08543962128965212,0.05898726792313246,0.009354095246851423,12403834052529503e-21
14784707137704055e-25,0.0005008326452408413,6773019024659678e-21,0.28896651080703795,0.5590161286529061,3383580124006156e-23,9243373076002348e-22,0.0669372392075798,0.0499771658226158,0.034587868542055616,6521651929265621e-21
7309982711847191e-24,7878957217074948e-20,1970055802194252e-21,0.2768694890963974,0.5618036230759544,9215001133860754e-23,31809107462206554e-23,0.06926760355881918,0.04780943314634363,0.04416848576207724,18818162526661596e-23
25477416379358895e-25,11270246282641676e-21,3208788736385374e-21,0.27229966930861876,0.5744199358169216,280783511779129e-22,26762578168224593e-23,0.055320568191575596,0.04599231863258117,0.05195269803056813,3273284836382475e-23
31148315994715157e-25,0.00019864518472456212,10156652757171216e-21,0.2704544855613787,0.5787951981063159,15878198206560586e-23,5144800720572215e-22,0.05328709769155467,0.048691982471971075,0.04856108002068691,6779337261706225e-22
1532001990501534e-25,15762146687984352e-22,36773738124403026e-23,0.2700257992560767,0.5984792262311801,13284921163250201e-24,11550110255252787e-23,0.032264864799215025,0.04495023905090678,0.05427777251598718,2525532732054126e-23
8722077364821152e-25,11458772124634058e-22,2356952065502562e-22,0.2698173119275798,0.5889636428668111,12223264905364638e-24,35215910342144374e-24,0.042007302341514105,0.04636892521617168,0.05284133500531059,5275873606944119e-23
5836868735626003e-25,3923679877541615e-21,18409686117729595e-22,0.2688715497584104,0.5700606026875081,3315678405024462e-23,11199433750779332e-23,0.06467454572702772,0.048182912593015145,0.04820430384828058,17500250333517824e-23
1321024634538426e-23,0.00017040426637756644,7178767233329742e-20,0.2730263573383369,0.5658913746666352,5078946301322359e-23,938360347389601e-21,0.06604178783888276,0.04714149599028549,0.047654247951755886,15419153683301521e-22
5464304676632867e-23,0.00043491299260748815,0.0001579563459824332,0.27138752049962317,0.5635146790599402,82463969356111e-20,5574751235498328e-21,0.06848162422051587,0.04764770126328263,0.04832525435452436,43897229285215214e-21
14731482079006784e-24,0.00018294664324686,6639405430689974e-20,0.27061845807433427,0.5750395060775523,32998828001486534e-23,15347644308630137e-22,0.06016083005746005,0.04482368335234854,0.0490431520954151,6315016117112255e-20
21666153816819334e-24,7093747655502513e-20,1413253275657386e-20,0.2720514224002481,0.5839858081219385,1435723221822878e-22,12123907188747172e-22,0.05296459644493769,0.03924896344485876,0.05165952368718641,32382623230865403e-22
4459868924280422e-24,0.0003482858756133422,9312716476501769e-22,0.28993085042510935,0.5526346034171844,711303103417698e-22,14996044945545736e-23,0.05886672075935959,0.04915112212364527,0.0490669594913439,30108613575650616e-23
11258737490544e-21,0.0006127419418078603,25847458781810046e-21,0.2921349417795439,0.5436303714626265,7629382808301804e-23,5807635834773648e-22,0.0627305237636971,0.04925262636974689,0.05161105717381158,12217671777619143e-22
64812450822176896e-25,0.0004101320628559558,16951462043632143e-22,0.28865042543772396,0.5551177618758927,10531132761127364e-23,21059945657485914e-23,0.05554897687661269,0.04581014565870092,0.05445975201087003,7885386688768389e-22
19814366606067127e-25,0.003224155697584602,1610793556720336e-20,0.28943577237617424,0.5569921988717815,23366759639312473e-24,6017561061641535e-23,0.05002439351499291,0.04724812506511021,0.05305901088440006,1501305384710919e-22
2300330206010468e-25,0.015882275640462528,513926059125817e-21,0.28890412996635945,0.5492637660048653,39242932730309624e-25,6653485629609468e-24,0.056423673943233,0.045494601662577155,0.04403100524861453,22799964658390846e-24
6083777867834723e-24,0.012803550154838498,5728748859012165e-21,0.29351713652786227,0.5487177170381976,9772463472281349e-23,2221574365290764e-22,0.038046500224010474,0.04737921612861564,0.05952867040208614,11548095261417848e-22
5308493656307654e-24,0.008434583239450446,8470953992223381e-20,0.2917467458642366,0.5494246501423748,8379970566309635e-23,1393134807462073e-22,0.04493219443311624,0.04645834927928211,0.058917949154120276,58992581566547e-20
20471710024778174e-25,0.021164785624330194,2963618502273606e-21,0.3014490473538537,0.5212774259508428,30649988034598585e-24,180794232967457e-21,0.05626233677961901,0.04984146280628916,0.050001026936569874,7374386231193595e-22
374698229226594e-23,0.045586323592536886,0.00022158837948663994,0.31521092024569225,0.48838516839468843,5626179074190498e-22,2924830409367528e-21,0.06498216595559606,0.05094097622873897,0.03465537984372722,13986164297717324e-21
12079957704114292e-26,0.02508394760676567,46080185438088785e-24,0.2770425227171834,0.4800669184289739,2074991827852775e-24,46912074681680126e-25,0.07384524164587396,0.04508465255175985,0.04006001894924617,0.05881664513296752
5221586443423242e-24,0.00466586072669228,7079394895046254e-22,0.2389722512368687,0.6393205742496278,6594523045653095e-23,20427930321883913e-23,0.03791552384578592,0.03837450221492737,0.040749227204396436,1077135461966571e-21
68577590305946375e-25,0.0048457462871643806,3208243248236001e-21,0.2496336804602797,0.629840485101043,8581316493208075e-23,2847815067016426e-22,0.032180404716637245,0.04011719669302211,0.04334247038750764,364306582612983e-19
11489929561554375e-24,0.0009648816234825818,22390881659523106e-21,0.24718186307022413,0.6373000259407988,11834381483653645e-23,11101052985869048e-22,0.02648873786208565,0.03611519177801161,0.051623257842225795,0.0003024110626964925
5832739667137889e-24,1741127160119305e-20,1966862485888279e-21,0.25393813278881155,0.6289741144745855,6729113584701602e-23,36092715986638565e-23,0.02928426174944105,0.03892845981423191,0.0488371046250078,18114362918233615e-21
22536746069382827e-26,20716744968558006e-23,9140833235780975e-23,0.24948949160874448,0.6300218694874813,26758263532494867e-25,16447894588166284e-24,0.029482707230023778,0.033480430935500884,0.057525047871687655,13494179347195888e-23
33845503803242596e-24,4909687470267892e-20,2301527506998786e-20,0.2661211826767772,0.6037351490730051,2781678155139608e-22,347151085563343e-20,0.040397105900603816,0.041772871730299255,0.047883078367737884,14716577646411423e-21
19827777773246632e-24,13771667437081734e-21,205013775042863e-20,0.25940166708639356,0.6042493015326686,2412474723646492e-22,7534337420829162e-22,0.04272096718821486,0.043087343594718726,0.05044612116494538,7776311908583652e-20
2243781574144659e-23,9770518123930641e-20,10032777899806702e-21,0.25270520495781273,0.61483558511117,2440273226978735e-22,10218438403339371e-22,0.0384528196840668,0.04216456017092074,0.05172968052466788,31232834728378583e-22
28253562100901244e-24,0.004029352996654236,12053775054259695e-21,0.30095418022639914,0.5328175224259177,9678053502225914e-22,4245796172519709e-21,0.04945479077923547,0.04976694240903862,0.06295923193752558,6835951653911252e-22
6363922857413964e-24,0.04659746094817896,12781281982501543e-22,0.3162077761390053,0.4839109421082738,6065322183548928e-23,3717310446837259e-22,0.060862005478038626,0.0718498063320778,0.020569946049774614,34606817605461015e-23
2737380489589394e-23,0.05786899393835306,398653787675722e-19,0.32321707493016544,0.4444534414160944,11505242652539514e-22,23031132497524525e-21,0.07740925311000747,0.07682506973097337,0.02009621861005129,6587385495002112e-20
33936618165673185e-24,0.06599532436809784,14159453315153094e-21,0.3313606182435835,0.4180056207685672,751537487832375e-21,4331659853439846e-20,0.08815746631527765,0.08110149397110486,0.014803252633720768,0.0005179621736098241
6922593870129192e-24,0.08349138048635849,9267570032059784e-22,0.33930213852827057,0.38285401724065826,8081158367429264e-23,6131271701949247e-22,0.09543523082613305,0.08535085691779835,0.011170875819289543,0.002393872562822632
10818512795807022e-24,0.07243185884142284,8974204424198642e-22,0.3360913286300267,0.39462788447864283,15400534782944933e-23,5333465529520296e-22,0.09824228437919892,0.08628397200879738,0.012117197017879082,0.00020387905309760185
7644283136045824e-24,0.05286621386127692,3442921109238097e-21,0.33021894454991113,0.39855575079484706,19755638233566463e-23,30608121291599396e-22,0.09935457012381733,0.10823398167865975,0.010760621651035755,3208405913073307e-21
8704173721858778e-25,0.08061117924795386,33305085637317653e-22,0.3374388060521622,0.37460009216523676,18514188001010967e-23,26775167100100204e-22,0.09563805222007166,0.11167468025049239,3047310713552727e-20,5229194341675763e-22
