5505033796847989e-24,44933633827152765e-22,0.033593846138488766,0.019338256146488035,0.047712623976865653,7060202527696496e-20,14062477602103135e-21,19673295827136855e-21,0.004871062110896777,6523128961980978e-22,0.8943747226472422
11210007518274805e-24,30626475132587537e-22,0.03392739688376988,0.01771633275586896,0.04546175370141298,7245220323866956e-20,988721425846765e-20,13911009710166764e-21,0.004773886852660595,3836892274283584e-22,0.8980209218323336
9907689766275465e-25,6738845926131905e-22,0.031087130309502144,0.01726387776415296,0.04252501352062557,7577797424921178e-21,19382646032077126e-22,2472044429473015e-21,0.004572678046888208,8997409936679975e-23,0.9045385474029094
5256102547587361e-24,27519582690848765e-23,0.03251123585554671,0.01686355287179608,0.045356232811653976,3491562048359613e-21,6981896573195089e-22,9790921998533788e-22,0.0042671570870708,9281893871166223e-23,0.9009962792591599
4334439179888975e-24,9802743069700786e-22,0.030541282520114003,0.01684628458257269,0.043013024824566655,23931237379467135e-22,1390678367512747e-21,21236034862717744e-22,0.004232413602014288,8243167071082343e-23,0.905360020024725
2067163519650277e-22,14871432314107355e-23,0.03184111444128733,0.016994189628619812,0.04360468856419887,13026914673392395e-21,6683823373917606e-21,13562171542954444e-21,0.0044309945287223955,12199378702469132e-23,0.9030952625032576
873141304871654e-23,15194236029460497e-22,0.031041305391606412,0.016422864503173755,0.04592457886512136,19719597018515515e-21,4221555132286047e-21,7115983833294544e-21,0.0039113710944682,2631407109093937e-22,0.9026670317139143
11965578154992882e-24,9656202469974068e-22,0.028976422030372203,0.016208100683419314,0.04311583732981974,17912096784024074e-21,4305355099246725e-21,5169858908142239e-21,0.0038237133734833066,17882397610568362e-23,0.907847382862313
5422790378018963e-24,3687543636081337e-22,0.029614295869061624,0.0181376968138601,0.042764294190882624,10359691219277886e-21,21565534283892407e-22,3509635868517672e-21,0.0043598453047512,2729466903723545e-23,0.9051074404691056
6363901265973622e-24,21204702188538458e-23,0.025884691147444357,0.018582014438909354,0.04055605714218643,6324032969555288e-21,27677438453771735e-22,2574388580573214e-21,0.0037030742289266005,14706572613021788e-23,0.9112621314004922
8499609291100148e-24,3030234477046009e-22,0.024437088624092114,0.017976924884512708,0.03999852693050254,843936657506876e-20,3909887974542335e-21,2848791462984596e-21,0.003322519824995809,21751432254741402e-23,0.914249212652509
13408095133130478e-24,8436503113045374e-22,0.026858297482311173,0.018899427357828655,0.04133647046055102,1048562255720451e-20,4441552173619047e-21,3773034393224311e-21,0.003683857959752758,16366088440307323e-23,0.9092022258111031
23960705465106413e-25,8066627918293547e-23,0.025003933130539634,0.018919813208006647,0.04018267677526651,13217844918016643e-22,611059681883232e-22,4659121791376688e-22,0.003681756648903965,4570435500877504e-23,0.9122098426702488
25173365489356204e-25,7780517467355481e-23,0.024321980785310927,0.018803840660825223,0.03999887344406539,10584623039674203e-22,6438085398788708e-23,4405731758115427e-22,0.0035390729140419904,44861885854818306e-24,0.9133345436001585
18926879006707092e-25,11084325507794835e-22,0.024381169071534134,0.01831776601709132,0.039634099465144366,455090170339799e-20,20552623504324976e-22,15459486150846603e-22,0.0034205791328896667,27358839698224848e-24,0.9142370965204584
8874733314429831e-24,313142908113709e-21,0.023756868586089566,0.019007422640143472,0.042725139206346754,35375731168624177e-22,2552954879568507e-21,13998539334531357e-22,0.0031769089421443486,12461012610559513e-23,0.9113257236155631
12893957733954908e-24,6063502199096732e-22,0.021501929327724587,0.018052788983210374,0.0390619217497272,5229403647129834e-21,3464917521390017e-21,14078312642266804e-22,0.0030531217728234908,21756214154525754e-23,0.9183192992077676
3118913733530134e-24,6916152569204501e-22,0.02090889875538991,0.019309189353674084,0.03971104117621388,1875504413754294e-21,8199352780566234e-22,13638611454523996e-22,0.003149427062191285,32909987883994706e-24,0.9169166567075673
103236460420837e-22,566210552750931e-21,0.019124514770782104,0.018844300321537784,0.0394503391412603,4041590520147062e-21,25468172067228192e-22,9152799951236039e-22,0.0028190374649167305,31108952576429094e-23,0.9197534169900619
7404716231432832e-25,26299008293062365e-23,0.017946670638113015,0.018263413708850887,0.03736398269278092,34935322820507483e-23,14799343108791487e-23,35386918194055065e-23,0.0028464246649085225,6222363582368006e-23,0.923578331125589
12584137474622078e-25,2322265835060442e-22,0.019128527698219593,0.018599829284938606,0.03647028064280814,22106532362998735e-23,16665124008689938e-23,29053261662950976e-23,0.003149372595774551,56022441811849014e-24,0.9226510220219198
1101537894199563e-23,13881676202545607e-22,0.01894619411260033,0.0179869095736977,0.03810894175885763,33342241149324327e-22,15996904052702282e-22,11832602599760743e-22,0.0027898757926276287,18353418886418076e-23,0.9221603788702685
5603651518814274e-24,1446539156082121e-21,0.01882463038727195,0.020425272667034606,0.038698974069936026,36864654473444823e-22,14530793455042902e-22,13232571667086252e-22,0.0033714409238824712,1331390426954181e-22,0.918671633868065
11667611491262403e-24,38482833261957975e-22,0.019794471521331628,0.021336448950773947,0.04087684039791791,1813330093616536e-20,4690533896741788e-21,34270544044363447e-22,0.003412794562310612,34805419104942787e-23,0.9145489856732988
12893507318011037e-24,20089721996087857e-22,0.019069779516368002,0.02017848396857528,0.037723942922392686,10133692423217541e-21,2432731779602101e-21,16086458717274126e-22,0.0033814048602261618,22790065246581217e-23,0.9196299638960067
8168555397238363e-25,2887868513004161e-22,0.01643654694594131,0.019824134899840862,0.03654727964289209,22727811587131087e-23,20301305659174633e-23,30976835283900636e-23,0.002964572437900957,6635530824256376e-23,0.9242263700551527
10772710765315616e-25,1059758052216762e-21,0.014664944464005463,0.018606092701379986,0.03545308174928371,4006441431696561e-22,5567425064182446e-22,6277093582735961e-22,0.002590286635054572,12115995245967726e-23,0.9286828273978032
4806040100612285e-25,3535321926800929e-22,0.015124098504088766,0.019033189105222472,0.036922125355861285,38727536324248174e-23,19724466676216914e-23,43965842753625965e-23,0.0025939139700943163,9275422443588444e-23,0.9263252021305414
17383412130411148e-24,4348741627730266e-21,0.013119402673313215,0.015985652217459727,0.032402268717765706,12700524893853083e-21,892836498765116e-20,5490891262149408e-21,0.00201272589380143,8961151346284977e-22,0.9364475684763416
1812897137316466e-23,4710776875250005e-21,0.011794976682975779,0.017619239714334007,0.0339185743385542,13679892005119978e-21,9154440113876013e-21,57889377505313816e-22,0.002156205573517475,1023768516687455e-21,0.9344766277463843
22690718289662587e-25,6143916305365595e-22,0.012182373425880003,0.01787820958968762,0.02929468141444884,3369393708772989e-22,4631204261793799e-22,45976678635195684e-23,0.0022008478077470066,11406728898255794e-23,0.9384418972076616
4997956639019609e-24,37030688088412453e-22,0.013784199074103,0.01836071538091639,0.02715435916582047,8983292562951718e-21,8221243878432983e-21,3938570801296865e-21,0.002357306950868423,13323831711714577e-23,0.9383184350159671
3158076370231104e-25,9682453286879646e-23,0.015897841216773255,0.018278009414968908,0.024232647914848783,3301723281879601e-22,40545186278334374e-23,11455676015436014e-23,0.0030560313675123186,4654899988180853e-24,0.9385345181102864
2591281442538885e-24,40903962642634443e-23,0.014095728533680674,0.01845504328491915,0.023137005548752178,16151949118551264e-22,13495576179851684e-22,573173507710025e-21,0.0033854148775795223,4236559197992694e-23,0.94092281591495
49214979058669774e-24,8835225880484048e-21,0.01695045331447663,0.017837653899419395,0.022804788463173915,29192196798864454e-21,2367534554062439e-20,9579109835394709e-21,0.003600835944912706,4539648345487777e-22,0.9387344833201484
4815795997288145e-25,11491342183181424e-22,0.014439904432352171,0.018216397141907415,0.0208214562934863,4342935673446783e-21,389176327911944e-20,12805142748038103e-22,0.0033984294862119046,9553565511226538e-24,0.9431131389004103
23090086357203104e-25,2676452620119537e-21,0.01654798092391311,0.018650523495611207,0.021333463714803245,4280525668064401e-21,3354662817379617e-21,1521537712567477e-21,0.003893197922496987,27982423525461595e-25,0.9395629956667948
10046703588144487e-25,3122526808279114e-22,0.01627236168800724,0.018814239006276833,0.02011113173448837,24208047969622646e-23,4217035685695647e-22,8740005517552971e-23,0.003969744308142997,4365974336223032e-24,0.9408314544556569
17381824492736267e-24,45769082151380935e-22,0.01640649538222952,0.018711749011652897,0.020682862728115505,16797948731097256e-22,2511579875604906e-21,3183652574262229e-21,0.004067728084344661,10124629828900457e-23,0.9401190942300239
21851062795172587e-25,25279696266125187e-22,0.020112953508289667,0.021479374021869613,0.03316098412830756,6584269110318131e-21,23631004119746675e-22,22826122891206814e-22,0.00477081109096116,6037807247022001e-23,0.9204620567359552
3122146690870898e-25,47509132842798177e-23,0.021905120103421417,0.02237868116701,0.04390093208992455,4783301213628136e-22,2481070709851746e-22,2921538256683624e-22,0.005556610230035764,10331052820754945e-24,0.9062571520839945
1642509048121137e-25,3187169431776971e-23,0.02477980068859504,0.023192494986675232,0.05338484570007328,2255788884029282e-23,14090143633511003e-24,9085475184463504e-24,0.005078701982914948,7921712441224624e-25,0.8935640780801176
32582065964061627e-25,33481861298691146e-23,0.01968193485013627,0.022760909694324895,0.05505714981783426,286749046379171e-21,14142451505736485e-23,195988485095344e-21,0.004475577117150409,3780147103704129e-23,0.8980234284802185
6106604965434047e-23,1150203274645518e-20,0.01867338791252963,0.02379158586443372,0.05495829046801575,914217497861767e-20,14508173775619973e-21,3210697105639884e-21,0.004561405038045692,242064733579489e-21,0.8979766645075434
17225653626724492e-24,23032155558806686e-22,0.016920442064500243,0.02192163256059483,0.05237963269852099,15372839141369428e-22,18039156069488318e-22,5407577405651679e-22,0.003988465444160463,3954565531772737e-23,0.9047835852880962
4185293585234394e-24,28830537512512024e-23,0.019053667736506245,0.02506055224716736,0.055484633466437686,13385865702062936e-23,13301232398453422e-23,25447418576990505e-23,0.004728451061954434,7266653047656026e-23,0.8956718089855753
2390695231395632e-25,1988914078945315e-22,0.01678337552114778,0.028690873782200536,0.06781062314642618,1449997970340549e-22,2697828821075102e-22,7664361572924623e-23,0.004651351601217139,8709364466919546e-24,0.8820630766828652
5048076488392001e-24,2455140371597712e-21,0.01698036190003561,0.03040626593569261,0.07599656084177916,26042866274349612e-22,33547143430558185e-22,8503659990244407e-22,0.004774502626675666,13743312902232133e-23,0.8718329017071785
12573774475063089e-24,1705487056623819e-20,0.016814531048341123,0.032471563420287106,0.07563129380228172,34760565681062307e-22,7069471635546925e-21,9924391685000563e-22,0.005215475758336336,8038299700897097e-23,0.8698384501760602
4687887542335827e-24,32381398307388876e-21,0.018927024403243325,0.03370937665573981,0.07270525488177962,1897982787540653e-20,17831029522683525e-21,6753963631028046e-21,0.005583921002574226,9205675386011581e-22,0.8689975515819068
5437950357702935e-24,9271441744779353e-22,0.018054404681889055,0.035975124321093864,0.08749716717058673,43540243388362417e-23,7055114726617541e-22,2398401735499191e-22,0.005190928064283293,9015205121950663e-23,0.8532799722738765
28533821633233927e-26,9002595502954505e-23,0.01942471701048948,0.03916915512860074,0.09396617745133728,42976530956675e-21,4575367622017902e-23,25949497327383646e-24,0.005691408730179377,782207801423342e-23,0.8417483288663171
10206320192272296e-25,796933353357139e-21,0.015100610399754704,0.04008196918653775,0.09095579640138386,5234532663843777e-22,4773248378341566e-22,4156349088311575e-22,0.006850623678122955,556176188338165e-23,0.8470087828795262
3228084991387825e-25,5896162324814356e-22,0.015225960151204823,0.04380167236447495,0.09743206785377857,8389761343287015e-23,7139560706114714e-23,9038549164200827e-23,0.00764369747571358,820023362866567e-24,0.835895766348992
2252193323520658e-23,8403252316108903e-21,0.016089123759881117,0.04285601487281825,0.09191840121938075,7921005616620563e-22,418216952341975e-20,2806108494299964e-21,0.007452751652364789,5785251554147656e-22,0.8416669238175842
27976576814187948e-24,18346811869570883e-21,0.016735837523991628,0.041826661555503165,0.08655677829209402,997196950245979e-21,22570366991532625e-22,13775147730937742e-22,0.006802516670556411,10358651946185418e-23,0.8480550958345003
4058956048688933e-25,567217408086364e-21,0.0162925434591918,0.04502805398328785,0.09556750332215509,9323516726629702e-23,8615240555554636e-23,8283215185966656e-23,0.007136955221654741,956894487958214e-23,0.8359741046017379
38093113066599523e-26,37229325331519393e-23,0.01162285967263331,0.04630529177551019,0.09697107789195666,22562356527535105e-24,4008421149355587e-23,28994655347278875e-24,0.008267623855471798,4912343751385004e-24,0.8368326775766787
6598842000233895e-24,9041738712061122e-22,0.012965400249236744,0.048632487622697534,0.09907351601347088,66736692120773e-21,1277177697219268e-22,8811956005486283e-23,0.008378495636061693,5165936469381828e-23,0.8309488554724397
27432323221848473e-25,6925935240265659e-22,0.01155850194350252,0.047092246118340966,0.09612331647074981,7483367544045178e-22,1073950177579456e-21,10929581225486142e-22,0.007669182749210264,7765026010976996e-23,0.8375530646231983
22944894562243524e-25,7244894493769937e-22,0.013506288795688987,0.0487490874263665,0.10248966272709555,9361432976580622e-23,7540779348184323e-23,14701781685508036e-23,0.007836250617860313,17523195421535174e-24,0.8274176500860269
8035525861021805e-25,7965849634568507e-21,0.013614289322957702,0.047713744936285205,0.1015459838658675,16391379021923546e-22,1855908204700462e-21,22707046746733293e-22,0.00810385030762172,14342461587357052e-23,0.829008255738691
28361090792807686e-27,1018268996776273e-22,0.010691083585175667,0.059670675395800225,0.12705455225571252,4474915881407604e-23,5750135289854284e-23,6143307853949846e-23,0.009693880503232154,4635450853768269e-24,0.7928895380857521
30198301353620787e-26,5843086654664789e-21,0.016363394811446053,0.06996701626521032,0.16188866536834295,1699333197495748e-22,12119814263454594e-22,23075310837589023e-22,0.01234268805606937,57401704018424586e-24,0.7394286452627545
5521600271521074e-24,10315282524149263e-21,0.021641921286524483,0.0736054348226186,0.16969842387779802,38419009009718095e-23,2546213147968598e-21,9426385090248996e-21,0.013157615781633866,2271490192810095e-23,0.7218739039240708
13842244953871847e-25,3360445180985561e-21,0.02509770600858232,0.07857063822717042,0.18306652050582858,4541393711021742e-22,16185772887149568e-22,33101103540847015e-22,0.014409891486827099,6330419982242888e-23,0.6988464358117347
12461595151480287e-23,16328964815108294e-22,0.020125897354629975,0.0794736925056711,0.18341408207791,23280729714703935e-23,21225000402254575e-22,6595203669692177e-21,0.014530604969286973,14656234489874887e-24,0.7024450007155961
6178650089601245e-25,1230956431468993e-22,0.02599350756002496,0.07742078528967353,0.17898034708147262,18436373865788932e-23,17729523619379564e-23,9042632254387267e-22,0.015330685248424063,32273264253796137e-24,0.7022732529115535
3833127715228632e-23,2272190341111308e-21,0.026531976335663326,0.08100122069962969,0.19348595961517476,6753477710912003e-23,3684503257576691e-22,14366546598855383e-22,0.015936125990902817,352335148268625e-22,0.6830404989631927
31229183779211254e-24,2515868263663572e-21,0.029810203657061357,0.08530426723764445,0.2038834097810242,15488705208725353e-22,2445787889793258e-21,4835437458990102e-21,0.016742170930221012,6359912442139918e-22,0.6642479352111544
60801563247866936e-25,17310061762828874e-22,0.02953085662784808,0.08795449141754628,0.23062956954203237,10086955358557736e-23,22886430691057752e-23,32656683629980235e-22,0.016870614154979938,19941894268169655e-24,0.6350091158272618
12744433568482533e-25,2031938241048716e-21,0.026613891309932504,0.0879619110359317,0.2206033709133556,4519221833479526e-23,27805355078853626e-23,8608145163272704e-22,0.014418595546002696,3012526834491991e-23,0.6503989837965506
14403386474142429e-24,16040157952232913e-22,0.029544410915014994,0.0803907646959644,0.19693457465218084,8281834831121883e-23,252682302568479e-21,11613724066542881e-22,0.012934936375428589,644524655917062e-22,0.6801921336168919
10111908860340194e-25,12796035577062015e-23,0.015954046059849812,0.07183933524344238,0.18704695409318514,6288448532722314e-23,10191072819837358e-23,16647569317097578e-23,0.010094408774932544,6985501359061706e-23,0.715064725731074
35992622664413e-22,34613335786964313e-24,0.0023454436967866956,0.0824253635007431,0.19337660581158142,5481393177507299e-23,6316146217832843e-23,11621154960619234e-23,0.01050104046970906,6376688582134238e-23,0.7113512103547399
21079703557958558e-24,5403706623131018e-22,0.004088950636731694,0.08385969813993627,0.2083527146468301,4180757945512043e-22,7394658563321929e-22,44753176672782353e-23,0.01116507867251032,2537671817132442e-22,0.6925311376293273
7588175175058765e-25,1091697146374833e-22,0.003545882318540476,0.08762882321600064,0.21748426358048842,11685246919894615e-24,1337129071611925e-23,10357049355820588e-23,0.011369650208001987,11919048912635993e-24,0.6799711302023498
24096521064768317e-25,1669055343233128e-22,0.005169837618926929,0.0892162988780613,0.22461348302927786,21697577845524398e-23,2816101946507581e-22,8531931752399515e-22,0.010934180158551314,7021968516630064e-23,0.6700646099457204
11888384109639751e-25,3460623194963361e-23,0.007625621108712984,0.08991098955086281,0.22242214193657495,1603441997986522e-23,1826241150340997e-23,39042516324332104e-24,0.01153008174039458,17281009193136754e-24,0.6685110392479762
17341202850940007e-25,889549513545393e-22,0.011354494954399783,0.0981414259041861,0.23235789633400206,9461064115471365e-23,18684138658626546e-23,44608110257073817e-23,0.01329987582296305,334594718044314e-22,0.64484545535921
8749070974269617e-25,10301114953225827e-22,0.012271445540438993,0.09868942005986861,0.23013976998379468,2641186705386591e-22,248504908133999e-21,8924748200830774e-22,0.011646418419036868,6178676925177463e-23,0.6472504488316726
8205592369035638e-25,7941694735726478e-23,0.004315023810748582,0.08613917559448327,0.20103348941109145,12218523396890486e-24,4751579678464057e-24,57950968371979466e-24,0.010050165588603801,8649847041034095e-24,0.6984619818303267
3381793003684904e-25,6703983055232033e-23,0.0020292345966505163,0.07564666147788672,0.182296356952009,18219019972337835e-24,3434699159615569e-23,7234517051497934e-23,0.007200591412577865,10040818943006665e-23,0.7328268628633102
2580085563863024e-25,18316629647601553e-24,24711455065407605e-21,0.07047292096909645,0.178850778044956,10744831762729899e-24,7368149488516893e-24,2290939476809551e-23,0.0060901602973766475,1719850810825099e-23,0.744561352438382
7036436596442407e-24,19212735960026564e-23,0.0002061838078797707,0.07500334613642118,0.18214734359127535,677423293030698e-22,14170450979862692e-23,9032206138522067e-23,0.007640396398940706,5845279244441549e-22,0.7350016466048124
23272804117464e-22,9713209897377095e-23,0.009562499652555827,0.08020305452079127,0.15803441715592675,3601814411302768e-23,17810399979911387e-23,11809472712149285e-23,0.010532341165538481,27210717529309075e-23,0.7416669837217451
632537000145848e-23,450033802220586e-21,0.014972983488025034,0.08545381612872156,0.1749691037187154,131321765990086e-21,3237035626889796e-22,3830094206120114e-22,0.010596208136254968,10811322400036977e-22,0.7140055130020619
7405685572378703e-25,22498292443502416e-24,0.01803907557925352,0.09474668947241435,0.18868339035188128,10909582890237172e-24,19292175020554166e-24,2184828779635128e-23,0.01167003310644621,30669277374633634e-24,0.6868607055318741
9622216445600042e-25,34118181607686275e-24,0.017622320410130475,0.0931558361988301,0.18299775638229024,14522790634988904e-24,3443842962300665e-23,3490577628073758e-23,0.01177466588683706,7542723791203658e-23,0.694449226747256
17442212826221879e-25,56649363750820255e-24,0.01808467349020215,0.09485142721884908,0.17027102680817838,25178073820531952e-24,4842029820664352e-23,5548779582719254e-23,0.012787653973766074,7511138326659133e-23,0.7040049559178932
12075999631327155e-25,12941352580566993e-24,0.018957143133028133,0.0994961724069335,0.15310074629772588,1405076507555663e-23,19663324977527597e-24,11266486332071375e-24,0.013610701214331479,27238587914720052e-24,0.7148351505798394
575824516039118e-24,38696084068206665e-24,0.01267947895199352,0.10554000642705179,0.17890925425135437,6176859294978006e-24,2070214472920868e-23,3319978066187956e-23,0.012714085951508261,7460356433713094e-23,0.6901570004638373
6614707766495376e-24,9346247826592217e-22,0.009530390140977155,0.11159970322500644,0.2027126608101002,5701850654303418e-23,47469642266765993e-23,7144834678067461e-21,0.012070634743621111,161827649214251e-21,0.6640778314635164
7108009305717569e-24,328334576829712e-21,0.007310906977335899,0.11410356408201873,0.2112260863203898,10485962053115197e-23,27302588654048406e-23,36361297672423504e-23,0.011608597326115863,8545954367709306e-22,0.6557489137576346
1922264745638836e-24,1920424957885329e-22,0.01239103682834119,0.12004923845189269,0.21943741144643641,2939705574570709e-23,13262320447959946e-23,5168805848311754e-22,0.012898859932749585,19412082577138618e-23,0.635222386354073
8211851162367918e-24,10906971673848987e-22,0.015614196501779613,0.11889951892491081,0.22056409170939179,11698991332878279e-23,869235216978404e-21,7546398192345614e-21,0.012345333149883033,26555823124772377e-22,0.6325645725993054
380495884695304e-23,2923016972947615e-22,0.035910508074632565,0.12068262037767587,0.24735091706603227,709129835633157e-22,4969326938914633e-22,21996366458073587e-22,0.012897291551293032,10764949462316934e-22,0.5831545228465129
1485834537531763e-24,6112717897143251e-22,0.03301386177655669,0.1169880128081962,0.23482362072713261,900450410200521e-22,452115294547996e-21,4172040643315475e-21,0.012125370734970352,7547860458921035e-22,0.603043052208496
12632816200197262e-25,7121797627802837e-22,0.030571128689389104,0.12072924912058665,0.23957157900185722,9326946023824569e-23,4196140442124239e-22,5099294705629978e-21,0.012447951458118205,7048668912522084e-22,0.5966730612419023
954718486179815e-23,408771958304348e-20,0.03282356008431886,0.12044555285692538,0.23889765651706057,7118246226890366e-22,1984151587163726e-21,16226171838859643e-21,0.012519633233636114,4454699319542132e-21,0.5952861231939227
1916306554243819e-24,11678433868801233e-22,0.029243451561262353,0.12201930758589058,0.23870045825649405,20306407247128624e-23,8077616117242858e-22,10787761913735523e-21,0.012310392865523776,15412417700585379e-22,0.5977118801417685
12179173565671962e-24,5984785435398422e-22,0.005166372926375975,0.12918431919302403,0.2634544964178732,2414283251328757e-22,5037446240512707e-22,2899594584933412e-21,0.01081558570010585,3046789077794712e-21,0.5913719235482666
2791161251076774e-25,35115551848506554e-24,0.0001644945111880066,0.13418281620016095,0.2905642121764237,5517390294531981e-24,2770371562641695e-23,1571569848066686e-22,0.011324857201439203,1111396533560214e-21,0.5637622827414924
76241397302787e-23,10504274534023117e-22,0.00273317101185996,0.13626376729929618,0.29596167364255405,23940641839944744e-24,13609478543251718e-22,7793091674552035e-21,0.011816303743359194,7122216615081491e-20,0.5531436329666891
3789507601533178e-24,20397714226585957e-23,0.004869279028223721,0.14069459028993528,0.3092833636932994,7502798709449563e-23,25119083655389017e-23,3079223923088487e-21,0.008533524835553582,0.0003179045639967568,0.5362977243796672
37161800725629393e-25,1347805985421924e-21,0.006212244548717716,0.13204841437642967,0.29255103387957393,17689754810284214e-23,14128151542986723e-22,5456179134517723e-21,0.008803679428699036,3940900707385281e-20,0.5603368213454718
9787589571180719e-25,6185337000217008e-22,0.0007230325368249734,0.13563582393330761,0.29802012883392404,54777632023597694e-24,5032086365951769e-22,3423722096833858e-21,0.009842536613452314,6928234886570876e-20,0.5557045945127868
10107822610601534e-24,8616121842828075e-21,0.0013745887822788664,0.14037737694247593,0.29270958190870444,13776070811406942e-22,6862011600172723e-21,4253684237701394e-20,0.01045671779942758,0.00012735250590450192,0.5548949793703893
19072765048943704e-25,39334073818017596e-23,0.0005102300545968266,0.1372108063921135,0.27332085339539575,3350950005194396e-23,21685584227633275e-23,3930197523579453e-22,0.01068850757528013,3179664411031132e-20,0.5782367673054029
7635225535777146e-25,6691048378349869e-23,0.000741800854163047,0.1370340217498473,0.26976053082894835,15437931807372238e-24,3265560028258981e-23,11014486165328046e-23,0.008371454925413925,0.0006981759273707192,0.5833937898027659
10222776051167857e-24,20541798179360672e-22,0.002417815692664539,0.13426064321049958,0.25295045175508546,17094523108231092e-23,6075974256375021e-22,8414966956048031e-21,0.008129713156290555,0.0002602282913024803,0.6019698899813406
15368239445866921e-25,7045745139393774e-23,0.0001968935780740624,0.12534298238948258,0.22755153189393992,2796356818512938e-23,50523501807246175e-24,426831816726256e-21,0.0089466436508214,0.0018448228423687527,0.6361165483320557
10807932108634272e-25,46415179592871073e-23,0.0001345785755344946,0.1335060235465579,0.2628488086689832,22428404360258396e-24,7519743880454001e-23,4751264411495694e-21,0.015197947263098633,19189762266295595e-22,0.5883054088470654
3371826183825509e-24,23912996453022005e-23,0.002664082410645903,0.13541900218562916,0.25305807527801116,7298689743059657e-23,1876636910741213e-22,0.002439567810090224,0.017918916425985535,0.0030340156203907077,0.5854658371169759
39252861668635796e-25,16363261205706516e-22,0.0032856144316295802,0.1371477292161773,0.2408006611092606,7584959415175583e-23,1465613811713631e-22,0.0008842797200206193,0.02208204267209427,3594252060261964e-21,0.5957942159361879
4128650108331663e-24,14407732063737354e-21,0.0004032402091102828,0.1420953931932867,0.24413178572074726,4743374460674812e-23,587973624116894e-21,0.00777085348744046,0.02405700895649357,1604812958299634e-20,0.5815106230352544
24891124738838553e-25,12422233798044593e-22,0.00028132052788960805,0.1521118870795341,0.2730169315812495,14391603089280654e-24,19490479342702568e-23,0.009149251315949354,0.02667741762936535,745241599977273e-19,0.5386872136971514
24171708658554465e-25,3929418538530195e-21,0.0003317368942225506,0.1567738882656861,0.2765133168134635,29892292464194114e-24,7144105189709067e-23,0.012031410009803843,0.027034047063513887,0.00024932979407682557,0.5270622379902132
26297352944510394e-25,4907377569873645e-21,0.00012042984015586629,0.15431644707348238,0.2611777912870037,9408984151543057e-24,6279460534112317e-23,0.012506672245993547,0.026756228674965965,2606576891465081e-20,0.5450913828985491
68948335538379036e-25,12894725092879816e-21,0.00023540734913205167,0.16377580621058901,0.266441464159478,3164709665904888e-23,39593288062115233e-23,0.010737302249395784,0.026675587605185708,0.00037425473749782043,0.5317468484887508
549382754178431e-23,15176661201983644e-21,0.00023989143851718952,0.16565908731679935,0.2653497911869067,1084341714182364e-22,20825851319243968e-23,0.011992346410247188,0.02684679653106142,8894298129266438e-20,0.5298076452876062
4456179863988071e-24,1240771217671194e-20,0.0001270161270933424,0.1611880726341949,0.2547903510144828,8590400545830705e-23,1647848908510576e-22,0.011692682482150772,0.02611660992613469,6260140030674532e-20,0.5460100035584031
42138530118767e-22,891866116905255e-20,546588312434375e-19,0.15316277065334644,0.24110764738355345,6855636345777883e-23,1460901574880786e-22,0.01592923991870002,0.025013165112053672,0.0010357129579739856,0.5636876676214743
3764497380240697e-24,6474314274559703e-20,0.00016620366585771987,0.15111419166397652,0.23606170561605025,3459467579827346e-23,207617560845662e-21,0.015520389184677654,0.024410899559640285,0.0004436498324580454,0.5722179713578708
3420371090991587e-24,0.0001976574654529706,0.00013452070745168627,0.15004612876676338,0.2253167055174428,5657259790479229e-23,3425975164129699e-22,0.015023992029683911,0.02458698492821759,0.00013379606612619037,0.5845598119283799
4342092719245433e-24,747155544070763e-19,9208319608151144e-20,0.1341463509160581,0.22072348208566192,2988731380703334e-23,30066142647001697e-23,0.021890797319910088,0.02479609546439293,16968271507652746e-21,0.5982591723011481
6478450948117657e-25,11179038769479853e-22,8594465808164568e-22,0.13086966048695017,0.22181683714257447,12826464804884286e-24,2825232313177865e-23,0.019311673708868965,0.02382794704107253,27768473010910296e-22,0.604169085696169
9446828865285347e-25,5219453483579179e-20,4574580876936411e-20,0.1305051550768951,0.22737461636642878,6241305509366267e-23,1161515353932885e-21,0.02233357754978065,0.02309290319955437,41325886970789955e-21,0.5965532567036729
2224546767636382e-24,15774954268811366e-21,41983431374027455e-23,0.1409139233387939,0.2494138023756525,6774159337116847e-23,2389401413134922e-22,0.03438085307629328,0.027228786805462077,0.0002975509237678013,0.5477485797851687
7263998697551392e-25,16330031816881718e-22,6420416406138073e-22,0.15000281610686275,0.2865186732127079,20508258529585824e-24,19470961855592497e-23,0.03466645596353451,0.028646395400857807,0.005224583103193702,0.4949385852237447
1385250289825283e-24,12071341586248292e-21,29894415758831806e-23,0.1530130183764902,0.2821147108983255,3183871953963361e-23,9043198159891566e-23,0.03484321785183877,0.029433086355802666,0.005632594499744267,0.49495087807610666
2140997129227743e-23,73159185288386e-19,23134008211434146e-21,0.14656440086044029,0.27655951112103727,44550568082277013e-23,1882312973496782e-21,0.036365134983752115,0.02712504553702951,0.009749318003775865,0.5036037903386282
7125500917065838e-25,4348029467364213e-20,9462175732926478e-22,0.13954619956752212,0.2665102657656011,7495268450544894e-24,17759099282829448e-23,0.03687431582897348,0.02572079704687476,0.010810729737107474,0.5204930797430201
10855231132180992e-26,4644069753251159e-21,30422102972548275e-23,0.13708454081010807,0.2509537087030647,8891071377953021e-25,13340985644556754e-24,0.03960544629575962,0.026432819328241985,0.009301255182748647,0.5366172670507107
11836382438942469e-24,24326576682209155e-21,375073206557282e-19,0.14401765642894168,0.2674623374716181,24669469766173484e-23,29631159356673323e-22,0.040028866232397896,0.02733806021180529,0.010980383282038866,0.5101076408288511
31658865273270177e-25,0.00047215303169445826,13872253968234073e-22,0.1433093607368768,0.2718891084962762,37299785187809066e-24,27951564723366795e-23,0.0401394013392851,0.02684038671707114,0.012067002045242924,0.5052808804268376
12742887022195913e-25,8403661763807228e-20,1298096862274143e-21,0.15796954711122965,0.3009593679800053,23083709101280153e-24,10255552844520765e-23,0.04446575435870719,0.03027578797058096,0.011627990163161357,0.45461609078833193
5866641295605617e-25,0.007887670676487017,10202281280165876e-22,0.16145712028733572,0.27935206861382583,14092264387881653e-24,3577052078910338e-22,0.04471440369659418,0.031074468927752816,0.005113970070202879,0.4703989051155435
15562853534513552e-25,0.0005218997564170466,27736456857129007e-22,0.1642504087291343,0.3240580435903082,1796303328666811e-23,28346739589569024e-23,0.0380042249083806,0.02825773199418324,0.02013418504374213,0.4247704293453421
36775613126718906e-26,29479890005357673e-22,22199462890674024e-22,0.15995791067501644,0.33318360672860736,81734096060628e-22,14740626847316376e-23,0.03961284057483877,0.027403187937801304,0.026723923319870065,0.4131132068810053
6030693735478562e-26,560265698914095e-21,37089570516353025e-23,0.18206350937358284,0.400188352755253,2924100321650491e-24,3727644995878707e-23,0.03702912839896184,0.030434116608628263,0.035851033241726823,0.31443288819958176
6296073385966234e-24,9221826199510298e-20,23547343843646033e-21,0.16915398120970293,0.3721479556161513,10079382741184489e-23,3256468340045523e-22,0.031549020236129266,0.030085008246202718,0.03246401567871645,0.3644838206703142
16911963567802336e-25,18093901487836321e-22,8022726370582505e-21,0.1779051853181804,0.41429853959861257,18424490430802523e-24,13598846040740248e-23,0.019974466044065105,0.029208339223412705,0.03659258648987905,0.3220108951051899
20247305128611568e-26,1382197321659189e-22,2759469722756016e-22,0.16876557903360317,0.38551573246403614,817394051134733e-23,8761387959072159e-23,0.02443723180991719,0.028647736539902505,0.03497159838502619,0.3576616116105103
96508367923241e-23,29301033333593455e-22,28758821788638006e-22,0.16296235985903945,0.3615765418037568,21068085014053406e-24,8025380050792095e-23,0.03686277819389166,0.028777324032293952,0.03088333255047134,0.3789317552880748
27199879898491954e-26,1938774849433011e-22,15224279334431803e-23,0.15750044059875146,0.33816018912018364,3793973837470787e-24,8541771558058804e-24,0.036616474391143204,0.02668292433682954,0.028704658739376245,0.4123349540856841
6585954333921286e-25,12721790517403027e-21,4986040094385801e-22,0.15284680197355213,0.3291806274915866,15663605482086946e-24,7228868210885043e-23,0.037364383474974484,0.026448117112253904,0.028610589709886006,0.4255361712324245
41142173430845957e-26,1262237279555238e-21,3940379317760268e-22,0.14756004991614535,0.3201334354056095,9214905290130173e-24,178107983159818e-22,0.03208476560318457,0.02433299348797021,0.027551486185324183,0.44833558568933807
32314470806078713e-25,1659699695027906e-20,4983383203102085e-21,0.15792041267868437,0.34927212194829726,4758133688407122e-23,1176938557386625e-22,0.029539628172495322,0.022377552494571365,0.030439289860606813,0.41042924595856417
22277084231459404e-24,0.0011501199771943968,11773514263522494e-21,0.156562887388169,0.30532173899932147,3643005394923028e-22,7410292783984172e-22,0.03173886109753354,0.026440839808923543,0.027608220835598832,0.45116443077208435
43233693740956086e-26,0.00018965908744920845,1880113888750712e-21,0.16470518488253533,0.31372627857258195,6209796852009566e-24,26206201483301086e-24,0.034284915160254635,0.027767894702718326,0.029787566358623185,0.4295365882736017
2770251055479652e-25,0.00018572627604368055,356924943173456e-20,0.1640623340232151,0.32114322979190907,34572939336251175e-25,24466695069045555e-24,0.030545715741565067,0.026222573022621768,0.03177364119523279,0.4260631824989624
23859902694132325e-25,0.0048770764268774875,2415165706930554e-21,0.17210317534154232,0.33434550320142997,3759456425576631e-23,7982496376775972e-23,0.02761903053188981,0.028219222302224328,0.030185688153092933,0.4026477690717134
3835585071553171e-24,0.011743059958701528,5826919194308866e-20,0.1733546725665414,0.33068361854890765,6899720206330023e-23,12090560524598597e-23,0.03368275939011849,0.027956562199166687,0.02631909689601513,0.3962017675102125
8669769565148955e-26,0.005440075089242646,28812049604142904e-22,0.16778518806956516,0.3149854263879588,14254442286675808e-25,24292513305479894e-25,0.021465505031122677,0.02734882384538928,0.034465249858722624,0.4285068465716604
11091534741864963e-25,0.0060754585120685245,0.0032629985993271335,0.16465737183668006,0.3095595775913482,1703199281992771e-23,293943858606156e-22,0.024653184218247536,0.027205403354171025,0.03194011338022699,0.43264584497241326
7058923046713433e-24,0.013179719276687124,0.0004612609288795826,0.1645224489354767,0.28435004507284395,11027699975996354e-23,3137942907533918e-22,0.030001675068093956,0.02761357149225236,0.02651681209834295,0.4533540359972078
22043649003220445e-25,0.026855714313855042,17141394013586983e-21,0.1769093802041505,0.27555381119191313,5147391627556256e-23,8633420340135397e-23,0.03546441886496963,0.029013282144849616,0.019173604138342244,0.4370125077354223
1892819116119904e-25,0.012359724679373636,12881268622029383e-22,0.13877443036061088,0.24075568448766613,5077348472905697e-24,3713850140395698e-23,0.03656461752539111,0.02247900137166153,0.019860585227886935,0.5292046258154228
27883715131455522e-25,0.003548237220364672,37680976188704644e-23,0.1257476804867916,0.3341714996348547,1536913138216153e-23,2447504774942306e-22,0.019784248942773246,0.020668048825048056,0.022110494279884027,0.4739691508924259
3083677975047323e-23,0.003773678297762089,14014018174042519e-21,0.13012114689366827,0.3275916685164883,3536438112168256e-22,13135868493771292e-22,0.016940320062387996,0.020826875902628883,0.022649361813478756,0.478081236428005
6712044504645392e-24,0.00017680709970541977,13950650948501075e-22,0.12735543479680977,0.332876054329005,8460893620267147e-23,29165702414310935e-23,0.013082709036600403,0.01863973283576684,0.026852245624549957,0.4810152382345653
29006677248774017e-25,20130656654262796e-22,2359104369730557e-22,0.13162564547727906,0.3270003638016109,19587899679676817e-24,22782045068261573e-23,0.014489825532738882,0.020207621853402476,0.02507847710396772,0.4815955669458465
5538737701798345e-24,31026954966692446e-23,27715807338869275e-23,0.13385964311965667,0.33494996857036224,672990197969742e-22,21776777229949684e-23,0.01648255125910117,0.018253333231454488,0.030656984836855597,0.46579664094936785
17949199322810938e-25,4913116340243848e-22,3383545017864136e-22,0.1395137429952332,0.3183478116865294,17293833437105313e-24,10354917878034246e-23,0.020655326148324344,0.021889025666959334,0.024900872183272516,0.4746922690155935
3816847483347608e-24,8821555026701004e-20,3982194185447551e-21,0.1359455224124898,0.3167622163921803,8686230652775501e-23,9245769670353547e-22,0.02078172175703448,0.022375657989026125,0.026194574108823764,0.4778470943398834
11142319764705332e-24,7075463879700923e-20,4506059877434783e-21,0.14793648145400445,0.36090079355033505,2703414084549909e-23,9368813576096275e-22,0.020705038846455397,0.025044749488913377,0.030022270377660632,0.4153144305261789
7421504002605442e-25,0.0037516630091199463,6658305770408828e-23,0.16231843928517437,0.2868688359420877,7866120743603939e-24,2152036185478608e-23,0.026102532071023466,0.027344744671337313,0.034011314626032685,0.4596023736835317
9465077351914958e-25,0.027234973210579,22964945159504592e-21,0.16933866872628306,0.2555154293978744,10814978508050895e-23,35064222965437943e-22,0.031066589193882103,0.038762557270713954,0.009390481094233757,0.46866472064268355
9516709913774275e-25,0.033539605632920785,63451012095151435e-22,0.1741341705310785,0.23533742169868635,655733487105688e-22,7750571527081258e-22,0.040395133128961445,0.04172516300348849,0.00954339037264151,0.465317928948843
2053395239901663e-24,0.03505326013681386,7127086245415297e-22,0.1672096805969427,0.2108117103542741,37588028807749625e-24,9771098308278318e-22,0.04507440432282559,0.0414139672192501,0.00726535721326574,0.49316989069674866
29685337213698615e-26,0.04174941561353691,20850612957584143e-22,0.17071581908010414,0.19171024722520233,7564931108431172e-23,1947773825071718e-21,0.04817573637556351,0.043089477058630414,0.005815457014263886,0.49873973885142486
3528438817980302e-25,0.03927691927460114,17376767641346572e-22,0.172353980355409,0.2002940238759837,8185815232882858e-23,2579716104121598e-21,0.050790872080289144,0.044913262411459834,0.005978082735470125,0.48638845966289573
9988437857889566e-25,0.03204118193433848,888603038848765e-21,0.17377876969749365,0.21011630670100354,9239138840716264e-23,1121290391752482e-21,0.05103804644506417,0.057464517161158586,0.004936500643070034,0.47062257413421116
6892021087085362e-24,0.04590062435804759,1616334466114546e-21,0.18248235791159473,0.2056751138706745,9019635561458752e-23,24666704118074163e-22,0.049522549062884225,0.060635009894485115,0.0001560821521188742,0.4556240826570067
