4976269468324851e-24,9270470139610955e-22,0.12185029687961602,0.06723309749988661,0.1670269727289933,8181645861537376e-21,1729750696311555e-21,13090301037262642e-22,0.01753153010546463,4663726911610863e-23,0.6263459036988231
3969855044575344e-24,2465406148396977e-22,0.12076058688323642,0.06335019155302116,0.15653672196748822,865302091820084e-21,7655728152548409e-22,6166792564141409e-22,0.017736305078185337,5889887730675685e-23,0.6416136375545535
10983817564381736e-24,22303377562442275e-23,0.10979379200371052,0.060830036943259724,0.14933021245189879,22016425355270633e-22,46804918015921615e-23,5681452106735523e-22,0.016184167873360685,11438590279642944e-23,0.6638582044873488
16584522442558114e-25,5661702620347879e-23,0.11112091081613291,0.05895969528575675,0.15153932931187553,25859032868840337e-24,5547524637165319e-23,7377157018984296e-23,0.015600996194178115,189081466022606e-22,0.6627788361025817
36237088627257954e-25,14841726083829254e-23,0.10711104696410129,0.0590162785171829,0.1514844905920094,9663896595083835e-22,28414836214061896e-23,21494513119084176e-23,0.014705466869232051,3097260166490925e-23,0.6676810685607487
7541792827983722e-23,5244536109617399e-21,0.11081806196593745,0.0596605350383449,0.1529332051117673,25822097110169062e-21,9898406498714881e-21,1389599860962015e-20,0.015442027939482633,15166127155946897e-23,0.66109108182695
3079679599211561e-23,2766492627232319e-21,0.10775770678228848,0.05812350302575602,0.15843964970906024,12133904960395089e-21,516191250461613e-20,4537406534359207e-21,0.01408161600752791,7969583636945439e-23,0.6615728142661413
303976062233296e-23,3908083956891005e-21,0.10221300220687114,0.056863854179791624,0.14936318813148408,2416236027397852e-22,1840754839132222e-21,6275135432391123e-22,0.013792925696971015,18116462441643867e-23,0.6777602276048658
37252667709952886e-24,2152094616680468e-21,0.09882430131510164,0.06139168887927264,0.15035106897724457,23392107215400524e-21,7773857178446287e-21,13594961807864583e-21,0.013800314876513379,7199311225106626e-22,0.675584955747255
1036104973290413e-23,19080441873801535e-22,0.09342429381095191,0.06628362870219486,0.14496794073509958,9247026849353363e-21,4267194694825195e-21,28481895886167815e-22,0.01325819051685727,13782590286955494e-23,0.6820475275926167
5296367163697991e-24,21349898241229407e-22,0.08810458748105655,0.06388375150667927,0.1419932854242246,9170961051258355e-21,61759250977689555e-22,21439714454509152e-22,0.012041632753568688,3177053648278693e-23,0.693957079920325
13927842413923717e-25,2091701774275006e-21,0.09452173646824531,0.06669109664203039,0.1421506886344189,417316658874049e-19,11227122890487782e-21,8707907471780798e-21,0.013431296256311143,42215871637665513e-23,0.6831410000494686
8158547415009346e-26,25986253464751692e-24,0.0872402994005134,0.06610131719170828,0.14232757941273233,1734324245400888e-22,7022104582037764e-23,7036288796207305e-23,0.01258483461782294,440115610207339e-23,0.6917456248918694
4688489892673283e-24,14530261547587348e-23,0.08447388024743577,0.06569449399467232,0.14180584731173915,5503443964401381e-21,2998264156732054e-21,37106694207131004e-22,0.012021699684975727,27304510792731527e-23,0.695991443347579
32178619341290784e-25,604389736285844e-20,0.0847930083067596,0.06400142671311397,0.14037238487083506,26076268271230858e-21,13021792434408471e-21,7116704220203325e-21,0.011573105625997077,35798415862138515e-23,0.6992074546189813
6392023402232611e-25,16228049163229533e-24,0.08651365822916825,0.0677106366339177,0.14818913064495173,23332196040279593e-24,1859736219833852e-23,17082983545616514e-24,0.012097621031943348,8635764220023915e-24,0.685488868944461
10612409543083349e-26,5968508361890518e-23,0.07553511661255052,0.06357123085038607,0.13866524050483098,12745663048580403e-23,6539780804340908e-23,8299541448830259e-23,0.010607364087249743,51008047235546845e-25,0.7116207072031138
4483068295494025e-23,5750545032392021e-21,0.07342129385213543,0.06766043425935868,0.13946941484941738,37021571562685187e-22,25735862399362157e-22,5945311244656918e-21,0.011019453580432895,7487050946821192e-22,0.7084106383232096
17659092282419437e-25,13215746903916783e-23,0.06863708440361982,0.06641033543539597,0.13874247725525946,3129038378130511e-23,3376428231006171e-23,11984673758651994e-23,0.010131308365259904,32770919887430457e-24,0.7160784429447511
33290673805616893e-26,6648542986506663e-22,0.06737757522836002,0.06416869335185237,0.13161611313000776,2834580707975751e-21,1976946700076588e-21,13116220181286513e-23,0.010590276904408008,12601434652018736e-24,0.7262417209070792
9856416323717307e-24,42337524397589195e-22,0.07089662686603443,0.0656017768532849,0.13025591412709586,10219238215798233e-21,5880924602989273e-21,20038400537405792e-22,0.011453340229350876,23553465575494616e-23,0.7217697587778444
34699779997093505e-25,1212474487348192e-21,0.06653303151465097,0.06307950231418198,0.13435124724138414,9698945657361592e-22,16530061573937614e-22,132690800144424e-22,0.00974240935261766,16513512469002326e-24,0.7262899409493837
2046115163172932e-24,3955312664876707e-21,0.06519076486295378,0.07125757906236509,0.13555158143019533,8799359064968647e-21,5002332862062226e-21,7343020867429824e-22,0.011558820711701428,7749760100525489e-23,0.7164226830823904
17528583695370163e-24,28815620426503818e-22,0.06812459133596438,0.07516796981522761,0.13972317272650023,16785184151169864e-21,5108387696516835e-21,9275149059058192e-22,0.012325482703423485,27360909688194085e-23,0.7046327896324014
23405168041679554e-24,29179357016874784e-23,0.06653870223877609,0.07061713693103071,0.13417993600461847,13604342098387076e-21,30208111596133796e-22,55589368693848546e-22,0.011571154004625665,6595279649296547e-22,0.7170699120043702
8868000579177886e-25,6648433673280906e-23,0.06057765465809827,0.06926297051895762,0.1302124935545592,12933035400956445e-23,9607171329839853e-23,58417674575230175e-24,0.010604482752058967,12863173199839963e-24,0.7293420344622742
33635634334301436e-26,8833203603040564e-23,0.053698602764113,0.06514754440660088,0.12726504407178993,32326597403162214e-23,1940943927807838e-22,371379361428247e-22,0.009054543575644173,13924557515049137e-24,0.7448336080905984
20509875016718236e-25,1426130987180592e-22,0.05569436012189522,0.06670272986991241,0.13205432021147767,12383252973443546e-23,1247441831991021e-22,12017940613103308e-23,0.009194315164045409,3069823707429402e-23,0.7363537305142274
23665533064766e-22,4211877231320627e-22,0.04579840219097369,0.05665841762393789,0.11416614439056752,7549267688637897e-23,52484854458841304e-24,2988893155461513e-22,0.007007356497234904,4793659488075733e-23,0.7763687809396101
2478389890291817e-23,10474392270151711e-21,0.04078840841556246,0.06196947986504164,0.11954306476922379,11393769945076907e-21,11899280419891171e-21,4777905874483798e-21,0.007396954550616126,4770406776387228e-22,0.770263045227791
11639614545957678e-24,13988779409099646e-22,0.04201689380629757,0.0640456577419612,0.10821784929337674,38175892973650725e-23,14856435799610436e-22,4713775447699861e-22,0.007541494087134651,19655882274635688e-23,0.7781741592148247
2909550267747768e-24,2919645115450791e-22,0.045020689116841255,0.06448121287718814,0.09475284702412667,2509121618828981e-22,2496870414005231e-21,2184564428112445e-22,0.007775935780587147,10079334492342121e-23,0.7879659532948198
6973509293417879e-24,17113387540450465e-22,0.05454703777779699,0.06356377878208053,0.08580894460397756,11785184240132065e-22,5477006858513049e-21,2677484038832787e-23,0.010312025371313682,647499414111883e-22,0.7857597481025042
17021847180862324e-26,10135965656244847e-23,0.048879090730075125,0.06423019932302447,0.08195237421401019,12476470768201546e-23,10001559263901634e-23,6827179307969814e-23,0.011627233980649122,569829090394515e-23,0.79331070147199
2973182232938017e-23,403651390726755e-20,0.059398272949568544,0.06427472620348747,0.07652289636686967,19751877565851165e-21,19086171800115915e-21,20583474925664225e-22,0.013341214570653778,22584059053254387e-23,0.7864177014262416
3086032218774944e-23,4378394287050785e-21,0.05089433487868065,0.06379589573543665,0.07228956928703571,21653046424330896e-21,909260337811318e-20,27101796069419925e-21,0.012007141294807759,29036715029438984e-22,0.8009478984320553
1844506031471383e-24,2553779334563509e-22,0.05733348719413001,0.06546580842749569,0.07548289886742476,5667864502881094e-22,68291655805295e-20,1646816969334967e-22,0.013499631924858965,8057017759512639e-24,0.7882164939219267
18004882228332947e-23,9748878520544447e-21,0.05682053213410764,0.06594314312464869,0.07058091708312707,12457056871101283e-21,16905516932242534e-21,5605052238887222e-21,0.013888163354468415,14024015919682985e-22,0.7927209453486714
322316210421922e-22,31743062517793035e-22,0.05896766419671791,0.06673842391385752,0.07611118844691539,8250330143558996e-21,5647736273452495e-21,3981469616842708e-21,0.014563003679403544,33229603920787465e-23,0.7835983013931591
2274563854771046e-23,6151323112621628e-23,0.06966458481752685,0.07409733122349124,0.11558322789883498,3082736931227762e-22,16125163397535482e-23,4737662327831713e-22,0.01644734082428614,18478255899385563e-23,0.7242063029028721
5388687864288762e-25,26114358727865076e-24,0.07648425990696503,0.078213378949861,0.15294154136655286,13572093976533066e-24,2294580144771746e-23,50807605362258644e-25,0.019394022081298586,14950037886271857e-25,0.6729667279484401
6434159088105452e-24,12818703883562944e-21,0.08571218875460188,0.08112446228863666,0.18720323535844416,8818059080991395e-21,12337811541867165e-21,8425220880765964e-22,0.017527964862800914,10553996293097778e-23,0.6283972196647979
20076149494660557e-26,1001404661442833e-22,0.06940919778600016,0.08006807682485996,0.19935563888618926,24094131714054392e-24,29870054844703236e-24,6552062490490898e-24,0.015557504482298427,5348184514376272e-24,0.6356094158149902
10475131573148893e-25,5746522803295056e-23,0.06443179316267682,0.08323910462810061,0.1945664853667145,9025374329932764e-23,19638838344207373e-23,318921549927461e-22,0.015746611634524333,22117535011494833e-24,0.6420156060434191
6131691923716183e-25,5760071967816186e-23,0.05728981317153762,0.07688326564827706,0.19085912350699372,7626287902435602e-23,8071982432717633e-22,5547405021362028e-23,0.013314212608214838,11019507220214197e-24,0.6616525768963322
1870846921951995e-24,10796484197568061e-23,0.06568775029778953,0.08641757803936738,0.19376544938432017,22321050443192793e-23,2093894067306508e-22,12804215524666424e-23,0.016366929594467464,38423073018157196e-24,0.637761583783224
3904262131912572e-24,1664715781548294e-20,0.058988107349921694,0.10040495690529586,0.23734650285986705,9432761848528235e-21,12170285191514658e-21,12888659376960064e-22,0.01632255457257255,4879410193287673e-22,0.5868978473962683
90293328113468e-23,3525957389958926e-21,0.061456580754299626,0.10649645780981999,0.26494027062685227,21694247982851264e-22,5039722883373729e-21,23576416395810433e-23,0.01722976782849436,46183051244180326e-24,0.5498659050253153
6364176881176324e-26,3399878539993707e-22,0.060235774127079984,0.11251696050170312,0.2617476558404516,39803716059219176e-24,15850095584947163e-23,16011601574938677e-24,0.018286903159186026,2102047207307199e-24,0.5472121499017618
15347550947262404e-25,1841778232567933e-20,0.06531420704447116,0.11673111618529335,0.2528704354745597,18697962618782022e-22,38019092235847497e-22,12061228219652007e-23,0.019131872487341696,27304415955149137e-24,0.5459281298690487
7203052397857563e-25,59590394105487133e-24,0.067848260671038,0.12682463314167278,0.3047903574090926,2237756244684371e-23,34169482760804445e-24,20442271560169774e-24,0.019279626175962152,12494990049792804e-24,0.481256972807229
8610323042578357e-25,12579540860768327e-21,0.06712887755756275,0.13751211231938967,0.3325520085496891,35668866890319653e-22,47220404570163905e-22,13376692117052078e-22,0.019831751060359077,3476022486457343e-22,0.442952695913484
10748739373923865e-24,10455924778486314e-22,0.05136006988535016,0.14061775204071608,0.3192482130835251,42237940143867863e-23,5434006587360276e-22,19076203399268133e-23,0.023801666813942583,8591939066175713e-23,0.464969999373775
2742771237163984e-24,29541975287703785e-23,0.05266637356945515,0.1531116972764262,0.34126917048727684,7115707733849386e-23,4666794798819252e-23,24646789841324806e-23,0.02659730653846099,2426685147142631e-23,0.42635476540604683
14654775983516578e-24,35561154608488557e-22,0.05690473233807745,0.15036134016239402,0.3215320183111896,8667181882914186e-23,2041176086596547e-22,8190295022780633e-23,0.02623358413376951,7655392870734274e-23,0.4449643050381693
11431080543647136e-26,5682068787466696e-22,0.05807626851872933,0.14648235671946508,0.3028365199014565,59497975892035554e-25,1683055298662284e-23,7774593309378853e-24,0.023696454836023093,2842890247800356e-24,0.4689077983052953
9942988505720912e-24,12202590157452358e-21,0.05652026494969938,0.15607519045730567,0.33088056573089797,2325714810556315e-21,3526427184867475e-22,5004237474713898e-21,0.024635167032260315,26920717706187966e-23,0.4318686474944992
383756301211778e-22,3586533667215573e-20,0.04050901950548691,0.16206721277845829,0.3412544689444735,8288582297207382e-22,35772736218923513e-22,4255116512151282e-22,0.028875662774526807,20332476657656913e-23,0.42725269731642984
8269891093019417e-25,38900296049076765e-22,0.046948239304977796,0.17056992515479638,0.345437902540746,3009719837998811e-22,44047740495600606e-23,2385590076678995e-22,0.02974532373881076,25184688237581892e-24,0.40729371321098984
5377407982807184e-24,19659911244849534e-22,0.038381861814619965,0.1655028518277141,0.33861540851485633,7990534477956777e-23,20194762393468213e-23,7284585020922058e-23,0.026580067056794183,3196525537031126e-23,0.4309174527534867
20084214161241337e-25,21267881945410256e-22,0.04846934994606739,0.16959324844706683,0.35680569319404015,2315928968231564e-22,14516518842952123e-22,11310103575525563e-23,0.02761756038068655,1354685415745487e-22,0.3975100874225697
2032586405496076e-25,58681890895829554e-25,0.04729169456541335,0.16633413129767066,0.354408480335348,4136810484050423e-24,4051872504269242e-24,4893442339502192e-24,0.028138257341729898,2090249866199118e-24,0.40382741521601967
1486477668345413e-24,7499207392049878e-22,0.03704323997692181,0.20891591549644634,0.44478862458853463,4356548674679665e-23,9166453478605385e-23,6949283404879322e-23,0.033874961016186735,13375987181128487e-24,0.27537628942028874
1513333737188128e-23,1254974641961655e-20,0.057272388807216704,0.2448342921742568,0.5664913947815637,45807059701082277e-23,33092057027487667e-22,25945153013520737e-22,0.04319624382753212,23322802668575667e-23,0.08818652051015415
9613785617551119e-25,35432826429074567e-23,0.07576211669849071,0.25737578390395704,0.5941938638216224,5205812069204109e-24,862411779743924e-22,8853118526151272e-23,0.04606771104811232,2003657713798324e-24,0.026599987256336843
25412305687791114e-25,7954300241142461e-22,0.0738881265266702,0.2639193585405614,0.615811795877534,6611599486014536e-23,2732252944404336e-22,28453905464291954e-23,0.046375335852378775,4979422079623007e-23,3911557048496528e-21
3815475243734587e-24,3496338578129486e-22,0.06131059020473696,0.2706612921901542,0.6196889223517054,7765860937412743e-23,16091357463006302e-23,6846027188148809e-22,0.04829621849610999,4989022273588678e-23,4165024281532017e-20
16949585421456224e-25,3585562953974184e-22,0.08670187042175238,0.2603018947944245,0.6019508061662805,2777503977031798e-23,13958566967883558e-23,33190285815224395e-24,0.05103742869473984,2048992985801245e-23,7418630613326885e-21
8247082141735215e-24,5344077026560518e-22,0.08186171707268618,0.2574767804197898,0.6111207028939885,14191242733301364e-23,2754764559688217e-22,3759710704977763e-22,0.04953785119138871,10173671164397594e-23,1510670771829635e-21
5666916943554162e-25,9016051993858441e-23,0.08511085989955293,0.2571604645714026,0.6088082209034127,6548089045999299e-24,2879598536438754e-23,8163851096094059e-23,0.04891971459655574,8324483728911097e-24,5239947964661321e-22
31850728216648898e-25,13237760480634697e-22,0.08025778605700433,0.24408038252546965,0.6299350603965305,5331273830996795e-22,149328617937877e-20,1992138555537079e-21,0.04571237431448927,12672380390416547e-23,8924469471767213e-21
10827883550200833e-25,10759065860783066e-22,0.07767566730435974,0.2547985308679971,0.6263543288879745,5973966152318501e-22,5309806408288611e-22,15545396638375937e-22,0.041163715353732575,9688944719349784e-23,3900805527709978e-21
19654803555090557e-27,13293735978758771e-24,0.09144961587135782,0.2534513920817422,0.6149559784689071,62165696717795535e-25,11502932253141966e-24,57370896270244325e-24,0.040142896621566726,17248527445161163e-25,26954575954120182e-24
11109653517724797e-26,26531440383895476e-25,0.05399613134464878,0.25125379786000995,0.6552485920487184,23146656516608084e-25,2955795168090774e-24,4031909944900549e-24,0.0349694660115388,3042273393289687e-24,0.004531997625845365
4492849031596343e-24,12630952180940418e-23,0.004639847428332564,0.28631759451682615,0.6728704384889955,6304622304036135e-23,7287286677899292e-23,14113826721193743e-23,0.03596226887570792,6490791643858802e-23,0.00020937792570727932
19189948572483525e-24,6226562714872702e-22,0.01001816446536873,0.2733197808451397,0.6809371353636122,20697667704516534e-23,3068148512489743e-22,45287944808240844e-23,0.03564473246952065,29572684204143637e-23,7828261245481669e-20
41460007354615585e-26,11378066394183182e-24,0.007864093865922036,0.27526923044353363,0.6821415904289466,54938808254370706e-25,6569081138710359e-24,12742165452931864e-24,0.034724980850814255,6313765604555129e-24,6150002423054222e-23
2371521951244429e-24,6862836981373707e-23,0.009426809224114444,0.27275162346406556,0.6859856065804681,3046291859500729e-23,37592137616893563e-24,7012509623263435e-23,0.031835442832764495,36991181248328856e-24,2717275733123347e-22
8468946573449494e-25,17484016526754024e-23,0.01822113976500086,0.2764796292191604,0.671530485049497,19384116309656036e-24,4292337347758427e-23,8644296675356721e-23,0.03376787442103403,28561446056610964e-24,518546275265792e-21
25838148653350045e-25,4880634282915967e-23,0.02587720793159546,0.278546584840516,0.6595845658945936,34545103200123504e-24,3563324018471853e-23,5363034992646624e-23,0.03599129968291312,43047450684127944e-24,12340406899232755e-23
23295257149900916e-25,8786413894637618e-23,0.028143754937016503,0.2824028959459215,0.6578708280296188,2892638188666832e-23,3081269524479986e-23,17864464893609095e-24,0.03158223749606179,4436855555367425e-23,7142573942092376e-23
35224334170514346e-25,10068309611861982e-23,0.01099054162795835,0.28693850625365386,0.6691451535697627,5582339308569475e-23,6741789299628135e-23,7407610423827692e-23,0.03291959441483043,8025962134195377e-23,58223513785102255e-22
3769566036002796e-25,17649400423374953e-24,0.0019030536795082156,0.2663669532307362,0.6408516588333354,60132504486439055e-25,9451541312595302e-24,11096995741649815e-24,0.02486876729663168,6394855637126788e-23,0.06600945842336009
602598372800201e-24,6755717168408751e-22,0.0003349031627487727,0.24661215840292466,0.6256597578887045,17692439419471983e-23,240746538313733e-21,6350506334583251e-22,0.021335083736506943,36467120570574498e-22,0.10605272120116473
36919960607307097e-25,6462714401999782e-22,0.0006696793313152761,0.26100273979354954,0.6389396362804812,13485586759002192e-23,3393040718578074e-22,6636495531778767e-22,0.026279678558651483,3619434521379013e-21,0.07310285882838732
153355663878275e-23,4006325959458997e-21,0.031326942523053875,0.28256093138790367,0.5553888891117771,4832848472728846e-23,25713200290195287e-22,44407818764039735e-22,0.0369536198852528,55645161748195224e-22,0.09375298428595119
27046513780168817e-25,7432294367228697e-23,0.05549052994210945,0.2945187453183627,0.6059762906875322,3893976499583181e-23,848785921723116e-22,8348805138111868e-23,0.036613389303171026,13199433058694202e-23,0.007400628420106217
20359419824103045e-26,14198770984831554e-24,0.052365657394359805,0.30517161672931303,0.6056549934918065,30480193826058287e-25,857082659827487e-23,93233778661478e-22,0.036801136248482344,16040845301586562e-24,6544755331587714e-21
24133428046412417e-25,6992098835980378e-23,0.054695912940914734,0.30677567014146667,0.600213779706333,34429341181524874e-24,6846903644146398e-23,7027501405472488e-23,0.038295741699524447,11365840838338202e-23,18536345141145512e-21
8564498083528435e-24,619638952304062e-21,0.05777595451610498,0.3223862414662366,0.5752760644063832,12595255893148759e-23,34341300330022746e-23,650125815282967e-21,0.04298527290956695,5949138017586472e-22,0.0015741240929314803
1515641678402325e-24,4446296100006009e-23,0.06751346633877689,0.3471584270270878,0.5322365582281696,2497671638836614e-23,3956631126660978e-23,49439042791267326e-24,0.04771175623970389,4660084882560547e-23,0.005379585605280519
12985086912930375e-27,7607017486180057e-24,0.0350125791765102,0.3448598697483877,0.5792453934085499,962856313989632e-24,16651156651843403e-25,16223596088674887e-24,0.040881913209505454,2873822839533636e-24,21511162441772493e-23
15609848113136991e-25,15932384993112843e-23,0.02272971031570044,0.3381781568729166,0.6033299425207247,27182349570454042e-24,9557045541295545e-23,6452352156165962e-22,0.03575889782840551,2110061330907338e-22,21525826495582146e-22
4496037231680704e-25,9610725855118703e-23,0.009731916794781834,0.34227824171827254,0.614063106807164,7382860988705468e-24,5471909410655141e-23,28249531730740795e-23,0.033925992501334455,15954694012416358e-23,14147774296066383e-23
14397799378431286e-26,210665543599762e-21,0.020783066064223327,0.3407699406828887,0.6029103017676074,4450032042094163e-24,8366294124170046e-23,4785694430065122e-22,0.03553561623835163,13527490234027888e-23,1624800043699987e-22
29181681484265113e-26,3522870658479272e-22,0.030615988774888508,0.33493152216820865,0.6005800672679582,8889538948555789e-24,13939229300972858e-23,6859512778525836e-22,0.03387090825759508,2254578982654507e-22,10126148898633259e-23
10125140210919015e-25,6902737356257717e-23,0.07102871351749467,0.30447917752225884,0.5930091259602642,14056918598848909e-24,37793389435137635e-24,11752283539938712e-23,0.0314826443946955,5979892332882001e-23,3939337353899898e-23
2043743648044675e-24,1944266263955694e-22,0.07130661165105759,0.3079609978871469,0.5896489104273486,30871680067810715e-24,11904211416776062e-23,41648035521246233e-23,0.031082386004322126,23848844529538605e-23,9267707428708981e-23
14102374675444652e-24,875234173461399e-21,0.06531672987019983,0.3115368702719611,0.5918415306634482,21307200988728493e-23,5497558495298709e-22,13195140782330483e-22,0.03130025418956925,10474108077278807e-22,5959155249422639e-22
4565632036873831e-24,33388421418537746e-23,0.07106586300021295,0.3108660448807571,0.5863602830035546,71934009611075e-21,18579406731070636e-23,5541165870389879e-22,0.031706014537517827,4523055517500795e-22,1919779866049342e-22
2956299449917143e-24,11759914632472677e-22,0.05688498773483282,0.3205066425098892,0.5910763309780132,7433712405605546e-23,6696954118772596e-22,34510314667774806e-22,0.03152375850457342,27387370416435923e-22,16752407179221867e-23
1017864649265602e-24,11197445655564343e-23,0.0002519034928257643,0.33313131491357534,0.6387445329353016,20522799981669436e-24,8167046160234356e-23,26364324628744547e-23,0.027870260567037942,14652819364023435e-22,4397888186135844e-23
2350196416288787e-25,39256065572374525e-23,7168062660024027e-20,0.3211702289538832,0.6507704634232612,16308585165110773e-24,202677422841539e-21,6962644440684653e-22,0.027981794142881124,4513466221658786e-21,11341043161601446e-24
43789879395618473e-26,22777738180246196e-24,2187209511785998e-20,0.3214682447862402,0.649830086184753,7834019822487427e-24,16721620404165146e-24,25838409587054413e-24,0.028679481366338664,2291279296570727e-22,1282993109511907e-23
3358779869597168e-24,12396273020033512e-22,0.0014264519190254957,0.31833783182083447,0.658067968928565,10063621577185513e-23,8232460886394181e-22,28026896861871442e-22,0.019982914385971898,0.00217971711930225,14626798265491757e-23
566347020763247e-23,21598424609849924e-23,0.0018366959814256835,0.3145416934885425,0.6591561915014889,10235131955379068e-23,18983173115615701e-23,2894120245424121e-22,0.021131417309250687,0.0033329874234502206,21105288281927994e-23
3019395695069635e-24,15127083068007132e-22,0.00023697708164630075,0.31861392859340343,0.6579836710917943,9870443559174805e-23,7721638550140585e-22,4365267450108137e-21,0.023139260862277713,19288843778595543e-21,121663641558132e-21
961930953451988e-24,9946970874727637e-23,0.00011719801838958667,0.33309136625662195,0.6418081825214296,1659659035131919e-23,48932312290635015e-24,9330494056582891e-23,0.024974966475328955,7993156678071715e-21,3430591943749524e-23
14150322069364344e-26,6094609835174238e-22,6745726224739932e-20,0.34374559982449765,0.6284688868182985,214432887627061e-22,12818412278956618e-23,10306905262127112e-22,0.02770334366863072,1289575347620067e-20,26752258750387467e-24
301659096425223e-23,41073588032342706e-23,886444091563573e-20,0.3461136219703117,0.6313864138472598,7149226467462606e-23,13585193975799852e-23,3586486890757041e-22,0.0218005576294103,0.0006894809530500982,8141436679380497e-23
14046451221066408e-24,35775238821532283e-22,0.0015700548162848142,0.3560511264369496,0.6192977874297462,2399980937884757e-22,5521601676229566e-22,7284837740407979e-21,0.02240021934297427,0.000668519578310822,623831382081236e-21
40654669765020073e-26,20661371047498677e-24,6836126283998002e-20,0.3586024542520298,0.6099988770903226,6709220898682738e-24,12953312969243877e-24,30602334297472627e-23,0.0264421800015305,0.004887759355745651,21284424230036612e-24
8542403822516402e-24,11003853371017322e-22,0.00011524243938238875,0.3447922855747218,0.6151125936262234,12933310891536517e-23,21980218995831984e-23,8582315860862991e-21,0.0399680532543544,14279114641925899e-22,3568153960026777e-22
13367896283332864e-25,6911991083453758e-22,0.00036096894889601735,0.34760504209055576,0.5934286090259105,22483531955020494e-24,4809223793341258e-23,0.00014194630826218363,0.045728082775362916,0.01273453702914938,5070994184809433e-23
1834142124797345e-24,14787711334162353e-22,0.001983889670061172,0.35875245272503414,0.5825778350519911,36750726316735134e-24,9540266076436086e-23,6270596657823935e-20,0.05661732462714543,4086088305956078e-21,9311265345391934e-23
2253817797736322e-24,1327995475386668e-21,9489389388236946e-20,0.36243026107762033,0.5729022715022479,45555892066652685e-24,11635577280043075e-23,0.00433851143053088,0.06023033492762865,2127170842313902e-21,10783693373442239e-23
7540268761753828e-24,1335217606199091e-21,0.0002237288531657026,0.35775515422236304,0.5781687432059025,11471934276730446e-23,37341973474480656e-23,0.002691136589915451,0.061114223493432596,44994821424397106e-21,18791686383071068e-23
32511740222936707e-25,12408126263127683e-22,0.00013235104899413468,0.3615461488891592,0.5731607391506912,6028895786117371e-23,1850645308902981e-22,0.004616972675837159,0.0604916647357608,5051722312577788e-20,11685880825317997e-23
61708735617116786e-25,21343410646736507e-22,26274306251464648e-21,0.3703191743950482,0.5569949480468201,6917357715596602e-23,14753681655862366e-23,0.009865958638976135,0.06278052076004759,10622464777398074e-21,14416574207292452e-23
4130463304584577e-25,2289158675739873e-22,1386794068238481e-21,0.38549103984431243,0.5509536342491851,5693499292562004e-24,11771127241548338e-24,0.0025047558871105504,0.061046670313526064,22563257583311703e-22,9794565399960247e-24
18701563757181203e-25,9515285752722698e-22,7065947384780155e-20,0.3898978006070261,0.5406110810548971,4481815703126685e-23,11115295782229426e-23,0.007722089733378459,0.0615449768339255,0.00015219188931840568,910369268183691e-22
3072151163075117e-24,10849560425434112e-22,11055675555535683e-21,0.387312892420985,0.5402050153612322,7260182214441951e-23,17884102201073276e-23,0.01082121087259621,0.061520521638954655,0.00012779814887466906,16641075847898553e-23
16303522679356596e-24,5324311740046222e-21,1521158269678276e-20,0.38169691586598287,0.5312698646506911,3092716938390766e-22,6166403772172907e-22,0.024924734396473563,0.06160230845451853,0.0004839528401052953,7456820883857093e-22
3856031849411067e-24,2512883491599834e-20,21756779222731648e-21,0.3859595134929332,0.5284434860444417,46601419052223525e-24,13962588427593232e-23,0.024040340830325344,0.06126029336943572,0.000249228846166575,617191911165637e-22
36649358322483975e-25,0.00013145580282392823,541692412972562e-20,0.394439918451716,0.5160089169475904,5989633956798976e-23,11596483839348713e-23,0.02532957751252599,0.06399280636585764,9154770631050202e-20,1807629317619722e-22
1293242357697085e-25,9939696989507172e-21,702955197388249e-21,0.35871958850696756,0.5281326346797482,49890796641092675e-25,7298880135054553e-24,0.0477065439505715,0.06542237351231286,8189607108535982e-21,14673789985859664e-24
568949697133442e-23,5047920960697216e-21,2161223131185407e-21,0.3499212273342836,0.545955057615309,5127434616197911e-23,8222539508252033e-23,0.04096868068484197,0.0631445016977028,28465128610166477e-22,33782168959957055e-23
3726021470549984e-24,6272867019683883e-20,4594630893740322e-21,0.34278906798091296,0.5463904010643252,9679061021272788e-23,5647622369930898e-22,0.05026219585151361,0.06035689081378127,0.00013338827103102474,6743848181025103e-23
12119679089429909e-25,11957672792281999e-21,21542852290311807e-23,0.33269598327137107,0.5308220524537652,2060437253595435e-23,5757620236901749e-23,0.07260391879202104,0.0638399306425093,25829697457637542e-21,3264891918664275e-23
17499734642765915e-26,2650226344077922e-21,12453180601817177e-23,0.3280325839816815,0.5434940268402855,1207675903714077e-23,7378284492877948e-23,0.06389952662329218,0.06184764743256735,0.002723345098958877,9230446927498679e-24
3272794660374825e-25,797848014244195e-20,4248942285099338e-23,0.33683032802308716,0.5319349716783408,70411064781727054e-25,3016068554225757e-23,0.06401499944102942,0.06436850556575478,0.002843128246945359,8546221371133647e-24
27506275027846025e-26,31847673947510693e-23,6633599532101915e-23,0.321588612165309,0.5312978550555209,4361140451421152e-24,8293339017522025e-24,0.07217802894369212,0.05948014385537187,0.015454955281155765,6956676292862781e-24
6448924732938446e-23,5800791579995658e-20,1123697935979369e-20,0.3168507870701848,0.5303893671789609,8547025529234707e-22,10419533264254103e-22,0.07772060410386002,0.057536701713426494,0.01742980093398911,15329592918786891e-22
4396536046193516e-25,7290347341237357e-22,41214023343834984e-24,0.3205436657006794,0.5114252735880115,9298060908898094e-24,4434481681250472e-24,0.09081722683623139,0.06227268737762845,0.014940337492825478,2458366924581622e-23
10443168401758066e-25,11145148107237458e-21,15490256023441088e-23,0.32076978394406364,0.5179411104529897,11629199628322653e-24,21015414030340706e-24,0.08386815035716504,0.06126107124478235,0.016148528227888138,2203351311595552e-23
8176904442371916e-23,0.0007419410824287679,37884052537492183e-22,0.31258692316424425,0.5276042318251479,918057512745068e-21,9571509886377277e-22,0.08313287317040442,0.05898823898261237,0.01693800872935411,20376630086726272e-22
5065177261076035e-24,42460853984088804e-21,21116722230487994e-22,0.31439203355759027,0.529107850416238,8845531423165576e-23,5335692015911154e-22,0.08425797104922843,0.05984110062313269,0.012355717374727022,1273631872386468e-22
8188596458245408e-24,0.015008174284394942,13087885890665589e-21,0.32842283159724994,0.49507311904994294,6832239912908293e-22,768397651398797e-20,0.09371889707317856,0.0639804238359698,0.0037749501797521025,14070451517193197e-23
8483391637874598e-25,2217722165406241e-20,13714587036290447e-23,0.3092830106753975,0.5361853564598547,1400998191236259e-23,3514091616115169e-23,0.06934407685192069,0.054803796861845826,0.030361375843600134,18940606449621044e-24
6937134985162218e-24,6904143684525813e-21,5215888210006684e-21,0.29506280844042426,0.5301103577852404,21038928586138872e-23,8525922444880263e-22,0.08116869876085714,0.05301355857374653,0.040631240019195956,14646999948334496e-23
14568151158747344e-24,0.00013366768605399415,10604126243291393e-21,0.29290559425224033,0.5502739068462087,22743740840234107e-23,9037838460347838e-22,0.056969944942001326,0.050195141705678806,0.0495097904235118,2042287836156027e-22
2770901599120431e-25,11169841243075681e-22,18430361698749445e-23,0.29258887043928433,0.5422957239232105,53875725038190385e-25,20911306839727847e-24,0.0654598806513609,0.0541033513547657,0.04555084163859889,4129138442655161e-24
4967792988499977e-23,9679185693923335e-21,64534082803748285e-22,0.29158954798462416,0.570737135455948,7341726237026745e-22,2011777411173898e-21,0.037444706521489686,0.049335469176504866,0.05087347804863009,7345908675229736e-22
10557491401426127e-24,5134970643055339e-21,31595647122082296e-22,0.29518122263849894,0.5452031874125854,19251295118819683e-23,6490080608445712e-22,0.05764078970016042,0.0525771113480971,0.049388369162707106,17312409058043268e-23
6657031537671296e-25,13007239004791642e-22,1532387632027381e-22,0.29313757843469346,0.5246803969482214,5913234227157888e-24,10985477781902884e-24,0.08505164717735553,0.0553591109347775,0.04176978820824768,67696245318783925e-25
22098397537417111e-26,6607742606690041e-22,15991069858733145e-23,0.2996238905191391,0.521413992417515,16113560343433054e-25,3809996656048628e-24,0.08277297279851824,0.05446663056492677,0.041721685647929184,17247172132491605e-25
17016281745974844e-24,0.0003141894968124701,7611311609247273e-21,0.2940035226871304,0.517597726661533,4132671497354884e-23,7677688294883299e-23,0.09069993814024195,0.05435436835852881,0.04302245741441668,50809839086010916e-24
49212021765903815e-25,8878356193543379e-20,31628942662334863e-22,0.2948329478502019,0.5291667595506339,6049403682495319e-23,14353203516926557e-23,0.07961942774666257,0.05077272870954504,0.04551592763637572,531031058227771e-22
6388943508975534e-25,69981439107758765e-22,31412570800185036e-23,0.2934240184082665,0.5491450067590844,1579259686959898e-23,2928296654940846e-23,0.06680408737801385,0.04340071532326843,0.04721880637434603,7772942442007662e-24
6163842743536979e-26,45664980686508e-19,18973407028330537e-24,0.3086616274776128,0.5141450122601516,5400988748287715e-25,7752904036445908e-25,0.07860013433855716,0.05349802372075238,0.04509061456184184,7926314306095294e-25
17602480698704934e-25,24026293826897356e-21,12972462675460071e-23,0.31209304385108405,0.5082588236753918,2554915477494908e-23,43141463039779785e-24,0.07841948210536935,0.0522894664052795,0.04891492777374978,2971982811491932e-23
15749342946477e-22,308775856285572e-20,19328116285944664e-23,0.3043774246174824,0.5279345395572888,2096465053180394e-23,3021890117029253e-23,0.06902645395398373,0.047076477688788934,0.051581741036876426,2934738250438974e-23
29421679077071554e-25,0.0005124138241032002,2635925722229447e-22,0.3024383063055813,0.5424228869111752,41759854645695894e-24,7485179063858515e-23,0.055255139654423746,0.046602379863765114,0.052768444328966865,4596560208166593e-23
4274343985450377e-24,0.001272499567509164,32588384880020985e-23,0.29418383689302263,0.5496576547447054,6120123017241617e-23,9339352746441525e-23,0.06418028403080882,0.04151229341750674,0.04919288481473948,6177874276414146e-23
6020251009333976e-24,0.0003702862389450197,4820660640544385e-22,0.3025191053627475,0.5439035687475153,8602580654551649e-23,1256337508845967e-22,0.04549097898221656,0.044198954414981506,0.06351631492290444,915848842579098e-22
5802695412137492e-24,0.00147320717012882,9001697243930807e-21,0.2959183976639867,0.5500874941282257,983382157970628e-22,14027562059790926e-23,0.049236108380341016,0.042055951621473874,0.06121950929818316,8562387682679235e-23
13320801376317373e-24,0.00858083071729532,1129037718723328e-21,0.3096986317177854,0.5139835468029958,1838707516060971e-22,26708756267669826e-23,0.06744830329566635,0.04606228463964856,0.05422460041961513,20909017790773266e-23
29329375284706613e-25,0.0329781234708773,2459283494040159e-22,0.32219633063072906,0.4798832142667094,396238561314211e-22,6092744946899553e-23,0.07919380675197266,0.04711258464787146,0.03863554613532791,44683920101564166e-24
5316145876719511e-24,0.004861949216997382,5201443770671042e-22,0.2872494805178091,0.5181834137134265,7616285487607522e-23,1345482603956482e-22,0.09898229474022088,0.04285598627748776,0.04786602392868971,1154337212816014e-22
16385028881791132e-25,877756323023218e-20,22102478989430867e-23,0.2392057724040666,0.6277274718828607,3144262097092505e-23,9574032678493326e-23,0.058605487616427275,0.03422401594797847,0.040228092135364886,3260382939443174e-23
5707573328710946e-24,60352896118550935e-22,1319500997630346e-21,0.25151231792623274,0.6226944666489668,14068696439273328e-23,4881909432122539e-22,0.04966856666897607,0.03429962244663245,0.04181683861357951,1983195169915474e-22
2597865985880155e-24,6395288122721335e-21,8352752766394531e-22,0.2492197122587392,0.6304393310260471,11541510182955943e-23,3441129833335502e-22,0.0406637771836625,0.031006253342892802,0.04866310762026251,12587903261907568e-23
36402005042663052e-25,32762166403807895e-22,6796292930581459e-22,0.2598679986503331,0.613862599061855,7020275498235036e-23,3957639932370645e-22,0.044862767229454974,0.03505178375403719,0.046350341683355695,8416808191099342e-23
1623393884345234e-24,16247230380768613e-21,6252370699481963e-22,0.251301124412005,0.6196721119811965,1444994441861633e-22,20907966131232752e-23,0.04429044747836052,0.029694242749051986,0.05502468010555051,1656038892164479e-22
13845261364730177e-24,21473869876057944e-23,8269451497111808e-22,0.27005246653678167,0.5897559948034826,21227357003504584e-23,7861227116083161e-22,0.0566484406620548,0.03787032175824936,0.045670451813040074,2705010024246236e-22
4258475344898259e-24,2037203499762828e-21,5806250538689456e-22,0.26082732064564434,0.5931636159878677,8856360844459757e-23,3533825747989963e-22,0.05909789433608719,0.03967281144560001,0.047235194654399716,9889718965034815e-23
580244784113253e-23,8290551530241472e-21,9298844547753846e-22,0.24789619018845888,0.6093441578488155,18525035222943325e-23,4889323259822745e-22,0.05590548507196649,0.03836745755193724,0.04847667383901639,13507869935087562e-23
4939217317772987e-24,261076225648386e-21,20766784569203709e-23,0.2953293353793012,0.5304694066416558,52439635084643385e-24,1387571085948983e-22,0.06844705378909273,0.044187733295858594,0.061565751798705035,5421535284015958e-23
1009648831308756e-23,8604107362015373e-20,558404246221794e-21,0.31387896974397245,0.51150250953938,14699499200265383e-23,27177378110432556e-23,0.07940624536313605,0.05812033386244158,0.0370047929545322,12019341034754763e-23
6637828128456624e-24,0.0012770541679492922,24878796164879225e-23,0.32239607254575614,0.47027430789894265,9804957768267752e-23,14546423137122334e-23,0.09925745604078365,0.06258594390001938,0.04420859628318079,7022380952683386e-23
6328171593033906e-24,0.010454512855504718,24256576571995013e-23,0.3341957577641364,0.4374675649524473,7346729112929e-20,13180415703997315e-23,0.11107625563067772,0.06876153464649437,0.03804384805655746,7192878643112904e-23
2005636017108171e-24,0.02701362983989894,6443450525519189e-23,0.3483747930879285,0.39307570501376277,15878205248198277e-24,18190564323458345e-24,0.12340808564191859,0.0738814147670712,0.034246254433870534,16706641484807513e-24
10386000543965066e-24,0.004801514376779447,3366561455171256e-22,0.340531131473411,0.4156573819067179,12633795014956983e-23,22460932603231332e-23,0.12472371719935159,0.07330237513121295,0.040983069885718766,11203739051725818e-23
3943483976030147e-24,0.00035618419201405207,1842875770228892e-22,0.33702683183818616,0.40345506561252503,4463955612253852e-23,790666164036938e-22,0.12899983841046708,0.09784586923950753,0.032315863170285765,35599780707424603e-24
8134711080940414e-25,0.037853188250948265,2989488822800856e-23,0.3529444861796385,0.3699425536722072,10110800180795437e-24,23123458395522513e-24,0.12523911285938735,0.10382130190432788,0.010199283818012302,9372863275248357e-24
