12109191449223828e-25,668924874751853e-23,0.09256840332020486,6543712544988361e-23,0.6258139088319412,2774666325629533e-24,0.2816176003498708,26665393511244437e-25,4032333812665485e-24,4687731264841839e-24
950390347019374e-24,35527283147336235e-25,0.02736953113726748,0.011274658356577916,0.6472245724516423,15815616540370014e-25,0.3141312219174241,15152659580940351e-25,5702144309306134e-24,28351395489169005e-25
11498520850889776e-24,3705266246126295e-23,0.03497281025891864,0.000741496443679814,0.6415257083405572,1789952866523562e-23,0.3227598097588694,16584572619114306e-24,6536488108724194e-23,26797894048638957e-24
21818292026892883e-24,9025639648934878e-23,17141431827805865e-21,0.061713028360285804,0.6278614612379718,24445402119521925e-24,0.3104077482423546,26188490358756768e-24,37885907909117636e-23,7915992527632037e-23
2456840963992781e-24,12867379508089097e-24,0.006043271708839326,0.012090882774208724,0.6661697109197567,40156094573848904e-25,0.31569607053469534,4191057087501472e-24,31652621578451565e-24,8878329485100185e-24
17804205712902366e-26,7556421642584303e-25,0.07953185749891363,0.02273465580170504,0.6267115756711287,21365531321114984e-26,0.27102190768353807,2341642035525462e-25,11935995006697364e-25,7664224840143065e-25
69156084776811705e-25,3770940175499795e-23,0.10011257529473003,8317940077969877e-21,0.6557698021667698,12510259782787517e-24,0.24410916798427812,14320430676231733e-24,38785993010347436e-24,26374258335298142e-24
5588111441872201e-25,24019458953032588e-24,0.026762619636994035,39297222976044365e-22,0.6948534822168452,22962311820104785e-25,0.2783799290452895,25286793308699708e-25,8113858020106739e-25,9163176616768388e-24
275891326246416e-23,21925179992481627e-24,0.034759641945993486,44995095440325556e-21,0.6677582946283573,5328546850480244e-24,0.297437006934269,5532686441778065e-24,16114915404906774e-24,973558489194445e-23
9247773913696154e-24,6815924290194124e-22,6460841865137472e-20,0.14915250705758104,0.6103046401042509,13731209759567357e-24,0.24047736612695864,17672980008199874e-24,27242747880019524e-24,1288054332234822e-22
2621274770214914e-23,2462359100324792e-21,31624422442031587e-22,0.3061701619001108,0.551804881962492,8964336273784564e-23,0.1420179707239868,8990328497716532e-23,8204326180320026e-22,3344201812133003e-22
489946040785635e-23,1118984901748737e-22,4232597663088182e-22,0.26932488789566567,0.5750953201394955,11418139975077404e-24,0.1555791606395814,10944605399651611e-24,44077957351567684e-24,2482683841181182e-23
22092118235446418e-26,152984099742377e-22,6495080303432198e-23,0.28766581153808923,0.5307668518181256,2475784171878902e-25,0.18156722638496972,21491324292158088e-26,28500346152433315e-24,8258386631708662e-25
14620820251213815e-25,8789783793237969e-24,18968896804490846e-24,0.3373752916965095,0.5048579982799422,1293330251063014e-24,0.15776662889560542,11102799555990334e-25,4621837760073139e-23,32851917279155044e-25
3411580465805643e-25,2603394291823735e-23,39116549090737356e-24,0.3920823980458376,0.5061014522551742,5745295335254045e-25,0.10181607575389631,4978578448419294e-25,5072605704647405e-24,23084490623350384e-25
3868676262313852e-24,45872657203895154e-23,9729771064947939e-22,0.40681974396649734,0.5224707464721506,8941660406219258e-24,0.07070799467649026,6963796942022264e-24,27058605389849393e-24,3634845574841976e-23
218629346792625e-23,38673783434398237e-23,4344458096831668e-22,0.4371051492205949,0.5004220347095819,18146038335552556e-25,0.06247197768308803,1446952337203399e-24,5337597732113072e-24,6417657964545686e-24
15759009672210244e-26,11382807288464817e-23,3393279997695766e-23,0.4870970225696768,0.46947062900325,17359980437847452e-26,0.04343219892213359,12452356149741512e-26,15172851901514935e-26,1136659003386245e-24
59917537750697624e-25,8248765792783514e-23,4311346840123944e-23,0.5912470888371217,0.4087278053914703,3603082377494787e-24,2494898565438724e-20,27666905738470122e-25,1087792484372124e-23,7946408953724383e-24
19203513693294266e-25,16701580821898084e-23,740849437666864e-23,0.5968974695057621,0.4030987849879649,6538782586695538e-25,35372478740395658e-22,5026780256706447e-25,29061790291763518e-24,17005734282455706e-25
742442033898758e-21,21711811419169586e-22,22922188395581086e-23,0.6239877970181584,0.3760062379357175,4831376680289294e-23,22380420976714288e-22,27381743438866475e-24,39817579256670323e-23,11028762181084615e-23
0.00042424131713305366,18534586335886804e-22,2911032236344662e-22,0.6759100052681506,0.3236582144727342,25913938135273023e-25,5344697948470292e-21,11537388966953994e-25,33209941318479255e-24,12727230913827791e-24
0.00028509307959988033,16730064120891233e-23,3034553297921585e-23,0.6142353629493313,0.3854775983651582,1331965999856154e-24,17098451364408836e-22,8369087105237229e-25,26911165023690355e-24,9034546184665733e-24
0.002008607617064499,19173784483982476e-22,36839418236234694e-23,0.7106275479596679,0.28731901772741003,3563046163538803e-23,17591610858519294e-21,23394858151455698e-24,24749365463625413e-21,14092153559867823e-23
0.002563383058063125,37922402651222917e-23,46478587907393745e-23,0.7546474868699653,0.24254066075200967,40082231731434594e-24,2599732299750394e-22,23191925578102544e-24,0.00024715042767303524,151634939361113e-21
0.0019113022535133571,34700051304423918e-22,5162744616194487e-22,0.7256063502820606,0.2724415337091295,832180924580272e-23,30982230032163063e-22,4728719679024631e-24,3355968892665252e-20,15651314129134093e-23
0.002235300628902595,7581333362132198e-25,31214364091396205e-26,0.7484208223152523,0.24934310319726238,21788798961261876e-27,25858232958209526e-26,13924049131842336e-27,7724364302176471e-22,5752645286631556e-26
0.0011033513073042192,1596157488853874e-23,16089821678672572e-24,0.6810657316685291,0.31783038068579034,12579918375005795e-25,11826130795870792e-24,5510258290295247e-25,484686085862901e-21,5965743135882597e-24
0.0011481516549371746,22202951712145773e-23,6826741622186814e-23,0.6979687859330892,0.30086886203240765,13109393812016709e-24,23553248052639311e-23,8856908510125766e-24,13608688486152916e-21,4389480515501896e-23
0.0005412322817707783,7504158554018066e-22,15195713542476887e-23,0.6504996745734055,0.3489554859543251,29324913841596397e-24,2452702475671386e-21,2123952156714251e-23,1319162754258973e-22,6963864641261837e-23
0.0016511327345993243,985915006318913e-21,14288302911016844e-23,0.7578058164710494,0.2405290648065642,156816346564056e-22,19296129329413416e-22,9726711646450424e-24,10764591145596575e-21,1375784057095257e-22
0.0032535332137706412,15118386058962192e-23,5661548482471612e-23,0.935675359950045,0.06106509721478491,1819255133148456e-23,12641665852713393e-22,13044948753740901e-24,4473345587795198e-21,3307465972756388e-23
0.003370158444678658,3463687398121585e-22,11782665463669603e-23,0.9829608583186006,7229314854695377e-21,37867125892914354e-24,9598261967412036e-21,27458682880232558e-24,0.01365156111181979,6502719808558389e-23
0.004195130579677506,26036680173006324e-23,8522568502742085e-24,0.9404706638286949,14308683724365195e-23,41970654366058904e-26,0.029482687917666974,3085976903387801e-25,0.025851102420167835,2549300359875268e-24
0.004180584108430254,13393179667160574e-23,24302692179874563e-25,0.9377485944271571,14048941811636855e-24,1364097694346789e-25,0.03263422105440679,9887840031978542e-26,0.025436448670574586,1093118767936454e-24
0.004906232358983645,3131665274746875e-23,27223748529687122e-25,0.9029073148397132,5730349705429978e-24,22870521530097893e-26,0.07424776884134382,1845787168840224e-25,0.01793864319171265,5855855558927956e-25
0.005160305389289531,6651686712178234e-22,358595282022281e-22,0.9470378748692511,11726548547308926e-23,29374941900698006e-25,0.04779593929335082,1357977034867996e-24,5045123208389319e-21,127361729982489e-22
0.005049305130231209,4257631051741946e-20,890413505760937e-21,0.9506062125948889,14737820841246727e-22,8646727967197631e-23,0.04428671098047128,6815302151800781e-23,12348009232775075e-21,3281591000954238e-22
0.004574948105255656,0.0001622288087321046,4314519138299087e-22,0.9807401997625703,37624913860080184e-23,3158232479610137e-23,0.014520127738187826,24505503707796717e-24,14133199921803708e-22,21850556978979613e-23
0.0039515212482628265,0.04447910244650088,6952211322511247e-23,0.9515180924195735,5708034712577826e-23,2107985110407915e-23,5097214568215419e-20,19283964540466112e-24,10568501855927052e-23,3908889853806947e-23
0.0032887302864801175,0.1697486171023336,21194025182616186e-24,0.8269602069059706,18999398146023823e-24,55144853656769576e-25,20375586661764344e-22,5208865238439198e-24,34673430103025577e-23,10495471042554408e-24
0.0028966528882789257,0.23503734140969693,13021233644781865e-23,0.7616827627140096,1984614215525151e-22,3033159927641614e-23,0.00037793718511831126,27830384342556702e-24,48594871589234845e-22,5947986564266384e-23
0.0036672347333096818,0.17288814455419071,13794173770424716e-25,0.7136401511799141,25387264942646635e-25,20182428522585483e-26,0.10980446173200167,14336146511948487e-26,31923778385111684e-25,34488146455628715e-26
0.004459241670053301,0.09631457807206596,2538132534000791e-22,0.7587073866582181,10130056876729326e-22,5428707966763864e-23,0.1405073519199066,44244718444393175e-24,9981759823991004e-21,94569675439232e-21
0.005383218382379498,0.02587411945773057,10921210093156847e-22,0.7831352810526588,242546553235119e-20,11860592645606905e-23,0.18560254903647735,645609472703447e-22,8988090320097066e-22,23250770888647912e-23
0.006599309436456912,6256469002129209e-20,1242770208202984e-22,0.7366006191075525,25836093882709237e-23,325174890867432e-22,0.2567365784367592,25422657065383792e-24,4371125109903145e-22,5063927155606635e-23
0.0037089305814921266,0.22012791103889867,6681101058424559e-23,0.676298019379825,23827332398517374e-23,16671932168519306e-24,0.09986459869418665,5702315629373458e-24,19185184769425e-20,20994987916097022e-24
0.003057013937245119,0.23743644630605648,14395797737782386e-23,0.7280504278753773,21492349700800393e-23,2796551548218599e-23,0.031455625137077614,1793134392638641e-23,34792433432200315e-24,4717594129951654e-23
0.0021561329810594215,0.33559364061935315,4026186487103639e-23,0.6606534750817173,4362454551138112e-23,1113622809607251e-23,0.001596605170226611,9751563822419877e-24,24006486082484716e-24,1736730719697548e-23
0.003820826139963143,0.200222858723805,15535246899878266e-23,0.7451126568162508,13968880932278893e-23,38856476299560415e-24,0.05084311551896279,32748752480695424e-24,10594851712234286e-23,7020655600898546e-23
0.0028167485708516468,0.24884385942734757,20854330561996095e-23,0.7482421001932065,26930142750504345e-23,5031898651096298e-23,9592213023320528e-20,3896338769672765e-23,7065299149891295e-22,96021394466016e-21
0.0023925923821927052,0.2897638257981726,29596068704267616e-24,0.7078413276409262,4749255036132923e-23,4696062551413937e-24,20540738198871056e-22,3312965587240952e-24,10234128239568462e-23,12664941203729924e-24
0.003506290521333374,0.29112403712462104,3112215993218273e-23,0.7053687372140527,30063847695755667e-24,6861334746087035e-24,7837756308123761e-22,6073189575526501e-24,6375543901129011e-23,13488280083477825e-24
0.005079592155567543,0.15699742332672695,7956637306186262e-24,0.837921850346469,11339542422742513e-25,36277798803706975e-26,11225842737462569e-22,2670602638326413e-25,6969830805432598e-25,11694696088443377e-25
0.006045018670232872,0.054377703510737334,9883765339099527e-22,0.9395594531209206,13439185668262804e-23,16710019434474547e-24,16464137725224058e-21,1606492625710495e-23,32697389853633114e-24,1723196564460639e-22
0.005373899243561814,0.09629479535976801,14284538506396844e-24,0.8983311555423374,4465593974333896e-24,11428785000902628e-25,12309357581082575e-23,11014669444987865e-25,2347719105773094e-24,34185422222470684e-25
0.005850710413184697,0.060878917351473584,6842359785789911e-22,0.9330341602030737,28256634535018396e-23,9271248517468097e-23,0.00023463100963067545,8384943165489669e-23,1624604047551759e-22,27519879577610013e-23
0.0071934494768859545,18237247277210113e-21,20388450417801183e-24,0.992787796692223,73402259272102766e-25,2097996293928204e-24,4751533819291128e-22,1904711242801976e-24,3685010026454848e-24,60132610078202295e-25
0.00631404500068852,5129079064781407e-21,3338338994952291e-24,0.9936808107277134,10032772302590462e-25,311872205141536e-24,8893598486115962e-24,3029921882845205e-25,46332134092514215e-26,878660968993556e-24
0.006820058567565006,3369683046645795e-22,3174736820960492e-24,0.9931795945242237,881419644010532e-24,28259032768751974e-26,4038014432538734e-24,2952753431650971e-25,4847727469823189e-25,7827889734601443e-25
0.006678691070791594,7490757212910608e-23,1707466243999128e-24,0.993321220487003,5928472516380346e-25,1698986261712196e-25,10109113750377625e-24,18020057205567e-23,3314108243234558e-25,443608851538455e-24
0.005983351211419879,16920247208567338e-21,5108663578311257e-22,0.9939975049146225,7515195600933491e-23,18165278140781078e-24,14945647321179504e-22,19705334417631706e-24,3753034690650933e-23,6764271474785877e-23
0.006716587452064057,8247397326646202e-22,1158454354389182e-23,0.993282554381803,1483323384720255e-24,40250191939639093e-26,1747900631267177e-23,42429656182792533e-26,708513311621946e-24,13442738127641146e-25
0.007531378574908185,0.00016654481712137498,3929558260501106e-23,0.9923019739329094,819210587880283e-23,19884125901716395e-25,4033895112428465e-23,23484061541099777e-25,3979554286769466e-24,6532601671531667e-24
0.007121052320725635,10549158985433273e-22,17739252247369462e-24,0.9928778396735813,19762613610502466e-25,4814053193840489e-25,29348710743773368e-24,5483780873965494e-25,10222757893007075e-25,19736037481299012e-25
0.006919158289199429,12888867954460408e-23,25974939528471118e-24,0.9930806385233875,13045321496287358e-25,24543523068915755e-26,4383126573939312e-23,2625923495660186e-25,5394231163250472e-25,21391142944368044e-25
0.007486117655169326,16173135461816547e-21,3780507684074588e-21,0.9924853270036121,13922859296554703e-23,22190712758758046e-24,798246404455275e-20,2355897609783273e-23,5590319123118416e-23,3783525451925747e-22
0.007261596247946626,15122700717170169e-22,4897852092265318e-22,0.9927354392168735,25525099795828714e-24,252107904739446e-23,875943392305145e-21,2482370336199906e-24,11805768805775652e-24,4420216573413824e-23
0.007170532913781406,3879214877590069e-21,8901099750267162e-22,0.9928224020840722,3630112194910847e-23,30437964145087433e-25,21644457832615982e-22,30889269474651177e-25,158547821125099e-22,7294289051095456e-23
0.006141292391358159,25850582332701765e-23,8080046047984472e-23,0.993858045593952,34246252105865856e-25,6561723280752722e-25,30857859348951115e-23,7332479471069728e-25,15647733096973572e-25,7751057072816533e-24
0.00562189880562435,0.06748348740022089,23444611949750076e-24,0.9268945611842426,517451580806211e-23,9744990283211171e-25,14056069116013807e-24,10444262695168953e-25,25788092070430023e-25,5336983076320317e-24
0.0024712853815326793,0.16515725820395843,8549987584449028e-22,0.832369452960743,19065524918352483e-24,28684475113262603e-25,1046673053062609e-21,32617823414092204e-25,11942449630815207e-24,6464380228235567e-23
0.0026309861927431505,0.13007600579075032,6571409386685617e-21,0.8670601692350323,4411394227726434e-23,9433041036603414e-24,0.00022590788503832934,9927613364438975e-24,32288613143679364e-24,26372369821993057e-23
0.004387842801085387,0.12174078620438226,8257689776329985e-22,0.7239048833651166,226026843072169e-22,6470672336692191e-25,0.14996556161917166,6265934016693612e-25,5971744308449137e-23,16647468654137847e-24
0.004405962569886634,0.030233900861166965,14734980702948023e-23,0.9653511746594476,40750470666686353e-24,11774891326349597e-24,8684918537236908e-21,11827860170773415e-24,2438138251797229e-23,40906752659903905e-24
0.004847803327269921,5419486923353106e-21,4973685222003776e-23,0.9951460041929197,3154896363904557e-23,5791448553888879e-24,6462779234155804e-22,5710746469890796e-24,1369585265919899e-23,20231105298540287e-24
0.003144874632231494,0.1176948601715926,7438435078593023e-23,0.879158266576676,4047915749342928e-23,6004667418091204e-24,18320517400152932e-22,6134547426529118e-24,1641869088054173e-23,23146361786214043e-24
0.003167100122786983,0.19014349969546052,28005357744035577e-24,0.8066890609703192,14242700428649542e-24,12468155400330742e-25,28367163118964944e-23,13111453696977573e-25,4595833711942303e-24,61379788548499485e-25
0.0033332926007252164,0.16289194032293972,8708642797928415e-23,0.833770063974778,35202580764735537e-24,4830860172217873e-24,4527826099851433e-21,5047126274227914e-24,13402330403791861e-24,29706118155839586e-24
0.003328140066168568,0.1816369764077389,9215975105006655e-24,0.815034335948797,5038508468791462e-24,7972711213252069e-26,5280218062689939e-22,777056573794446e-25,2562945816123184e-24,2580614823841792e-24
0.0012237327943767189,0.4008446854744673,5591096400981448e-22,0.5978891795727417,9354635108635862e-22,9480785064526879e-24,3853868054560269e-20,14721882756269036e-24,21432203147919507e-22,2014816721528867e-22
0.0006560095415443438,0.39237514703860243,32742023088790466e-23,0.6069623859786334,34359139527008334e-23,4637669019638783e-23,6923644508559678e-22,4420735363024624e-23,481787780290605e-20,18560230846205955e-23
0.0007234560953422083,0.24959441341001917,39046620934714485e-23,0.749661922691825,6410070608655689e-22,7735865535192521e-23,13542516496096118e-21,681151305476177e-22,4999288620628232e-21,4890492866940132e-22
0.003372810929890263,0.09530208307130035,21580761442466738e-24,0.9013241680160313,5376831131649956e-23,384868785083861e-23,7956390626318096e-22,4041952406063765e-24,340982341878927e-22,2500611620959856e-23
0.003470428792712413,4367511741182365e-22,8182532884784384e-24,0.9965290655413866,15727203174725848e-24,26881254326123873e-25,2437285648931515e-23,20790499893084604e-25,7359647625725469e-24,8505818394576192e-24
0.0032227489767633773,4319406723693255e-21,1071119388280496e-22,0.9967702936727195,2630335457898167e-22,24968211258301493e-24,20058381304496898e-22,24493898082504518e-24,11349396947389617e-23,9900409138317631e-23
0.002756033916225085,1781191237348534e-21,3204782201322916e-23,0.9972410840923177,44836650127492184e-24,10389974375344384e-24,908896102413174e-21,9883680356713212e-24,642929739192774e-22,3045301774591317e-23
0.002768208310566076,15944071546956458e-21,1896764561250174e-23,0.8596007206583955,28158531663590705e-24,5315449156752672e-24,0.12243222186706051,49403470016194936e-25,0.015182830127242313,17583447393808136e-24
34461180426401684e-22,0.0866704160641378,34899015252610234e-24,0.8369120323829935,6235294328836696e-23,8460735438040382e-24,0.05271998614663024,755676286600851e-23,0.023693976252150063,2976665580681984e-23
8310770278624333e-23,0.06107111810061092,12606360367536284e-24,0.8977664831273331,1589163398585682e-23,34925042430195024e-25,0.0015596295047092458,3184853525676375e-24,0.039602637491612296,13493612063093374e-24
440500635769572e-20,1302875623703219e-22,4489858118829673e-24,0.961648274223388,6692806424697111e-24,12281414945690548e-25,17072783638055e-20,13092228232076173e-25,0.038346999277521075,6758995186065346e-24
0.0005093224258155918,463180353767186e-21,6978830793030552e-23,0.9780764792058702,7618193962801708e-23,26179718745033865e-24,36236550801456753e-23,2442476040957463e-23,0.021413105836117167,7041154456146476e-23
0.0004183288695331873,19756892204264736e-23,617323159271158e-22,0.9771463102713193,7914779635159366e-23,25073975648123454e-24,11383849177909012e-23,23460866218150193e-24,0.022434798316470023,6172035148192812e-23
0.00020106844516063597,2414881081648293e-23,14305703622818527e-24,0.9751750193861864,1594475965761342e-23,5952762047403303e-24,1785497107039246e-23,5502256275096302e-24,0.024623814878724153,13580369492293097e-24
7147740978081907e-20,5727644043896039e-22,7459071804769405e-23,0.9671972277378861,10618115236735287e-23,3047386966877929e-23,863954075912642e-22,27421181035619422e-24,0.032730327525855,6949992978622452e-23
12678368001856975e-21,1702083105576727e-21,7437801379979714e-23,0.9604262542696488,883814366737178e-22,24713505296055138e-24,9755530788539923e-23,22246351766298553e-24,0.03955899326066664,6474300325308446e-23
43252863931714185e-23,2875897320712516e-21,240422178143705e-22,0.9564140233985712,2802877605128455e-23,5736762416261389e-24,49110913453032995e-24,4969897769533336e-24,0.0435825315904699,2469632979124693e-23
5942213406787579e-25,6409399999179468e-21,17497158137791576e-25,0.9314107681165745,9660084278849932e-25,155906508427182e-24,3775234355007568e-24,11796928877646972e-26,0.06858281198624755,31373813213739067e-25
844508942802695e-22,0.00010374256185918081,19222400185402745e-23,0.9297899301832742,15964923193102613e-23,5256652246546612e-23,9312720915315009e-22,38422227686681234e-24,0.07010447801391187,3906559875430029e-22
3403780013762776e-23,0.0001832232124420531,4613534039042925e-22,0.9397363505203966,35256708484597505e-23,10594538178449176e-23,6002425809190065e-22,8950168391692683e-23,0.060078174535124346,6080843236945606e-22
25082133182452034e-24,687326642672539e-19,43062478847047977e-23,0.9356124079271589,29663730436785233e-23,11531306792762805e-23,36466841751088387e-23,921528002811227e-22,0.0643167246445621,8102860366016743e-22
815222782354462e-23,13427253399130172e-22,6956861923182462e-23,0.9304523722540935,5832504759988602e-23,23581961217284094e-24,6852077170929144e-23,1716689054901476e-23,0.06954562794892873,4117572830704619e-22
13462579214366975e-24,6673020422858953e-21,34240262100549515e-23,0.918306337431437,38349846675968543e-23,4529942314658861e-23,2590437447398719e-22,2421333061744159e-23,0.0816782739805805,7647647407256663e-21
14429147678888048e-24,10819176887724496e-23,26124242197301473e-24,0.9083942657689045,2336358961568221e-23,12759713082347929e-24,24765298886223682e-24,9073506620031693e-24,0.09160537642549313,13909833809786883e-23
12463435679393928e-23,17197940797896842e-22,3654747027244947e-22,0.8788564340569568,28110442054137903e-23,16386097934350886e-23,3860278121381356e-22,11475996986117649e-23,0.12113401013965718,64001512533989655e-22
2271935251354888e-24,6266008201772766e-23,57158471345071724e-25,0.9229361735226886,4546931851384547e-24,1776016401728526e-24,4624343973288636e-24,1128021849400473e-24,0.07706336899507409,3747596733961303e-22
24343794038527734e-24,9237195244150954e-23,3718983794626619e-23,0.9141986269787363,28104595224819666e-24,16331002631510724e-24,40900580236061315e-24,12685975724706435e-24,0.0856269433565551,0.0001741777363564991
5607301985983735e-23,2360103257426451e-22,1955536356809504e-23,0.9812051218367847,17463707336115904e-24,835536261173281e-23,2318779618526306e-23,6631736891113325e-24,0.018787911424240904,6599461661533746e-21
7732920323830567e-20,23693976815123766e-24,11492057469068697e-24,0.9991404110537732,9716666073406428e-24,482720606663993e-23,11903645995103281e-24,4387423393935496e-24,0.0007821112004831719,8252150799173687e-23
21067830127874488e-21,25374011981123887e-23,17951309493997626e-23,0.9999711791124409,1485777454528721e-22,9557863223768147e-23,20965213318199682e-23,8273565110714544e-23,6675747739861661e-21,10751230204168278e-23
386546745389939e-20,5391245414781316e-23,5171520123151621e-23,0.9999957796732425,4228156031950722e-23,2512782477454468e-23,5124768261878197e-23,2399221434593118e-23,58885159189806844e-24,4769682261318193e-23
6321403493564423e-22,6502594910935458e-24,5157470355185108e-24,0.9999992945145588,4198014822575096e-24,26159169116867986e-25,5663392550092672e-24,2463142161809429e-24,39585538932817704e-24,7160464256608015e-24
0.00012765627179881758,20968901568414837e-23,1722548776397779e-22,0.9998709484484216,12630769274255746e-23,8231361986023198e-23,18090956261605068e-23,8328499119090741e-23,26019535925852834e-23,28032770490977597e-23
9994239806573609e-21,519272256002388e-22,4505262253508505e-23,0.9999895874708249,3364957096782519e-23,2146263115414668e-23,44696892188470024e-24,24123473805670643e-24,12934112154206232e-23,6803616955146789e-23
0.0006186949997496997,2329486038753754e-22,19663333860022247e-23,0.9993796286174771,14473884161144375e-23,9306172888670327e-23,22202483300602225e-23,10595155761912304e-23,3487512829758174e-22,3322721085579502e-22
0.0011246208915683881,18877782307643294e-23,15278533239116872e-23,0.9988742511811246,1163425354744876e-22,7678177854864878e-23,19501424066551574e-23,765992226664955e-22,10544804516651196e-23,21617730902611201e-23
0.0008242990299571388,20880102133313762e-23,17630837608269885e-23,0.9991740651445993,14459777902704762e-23,8912685351260823e-23,23042360981828326e-23,9768963009368967e-23,438686910391592e-21,25018985300826375e-23
0.0007709650622027498,16596227538880255e-23,16539938498069136e-23,0.9992277013332685,13613822467986585e-23,8649118762372583e-23,17971730159210586e-23,8930027079876824e-23,2813531733034009e-22,22924280837127574e-23
0.0006799144819497478,1819318512992676e-22,18482582384772114e-23,0.9993187286494198,1391081476967894e-22,8748992227443243e-23,1881202058057575e-22,99992949714055e-21,22061833364198892e-23,2547815298007346e-22
8812196106430334e-22,8936404125259273e-24,8365866787170486e-24,0.999999049649723,6566240047505029e-24,4505587987775501e-24,8607283647508487e-24,4923526576138767e-24,15814596829605188e-24,11411156760681011e-24
15725865572308083e-22,8416534138653029e-24,828221806551306e-23,0.9999983603582968,627685509913506e-23,4256337070627715e-24,7883560223561254e-24,470460063284559e-23,1637195031089468e-23,10863048118412112e-24
13717940890028997e-23,17226353986917724e-25,17071937226889373e-25,0.9999998499928691,12806267692729325e-25,944973144737608e-24,15048440740226435e-25,10125931465882583e-25,24854158754511094e-25,2169368486266806e-24
2010334428466446e-22,24959211479997397e-25,2368407482644271e-24,0.9999997804773635,1851816043700446e-24,1346001792745631e-24,2084849231029049e-24,14538358784677954e-25,3900943252151766e-24,2987385935428765e-24
356189063450453e-20,25783590874596825e-24,2408301120894971e-23,0.9999962481241975,1852893675869936e-23,13248856040214678e-24,2021605427218377e-23,14895533395983075e-24,4187403531677e-20,3135536748598967e-23
4128317485747787e-21,3281365686005914e-23,29084775835797134e-24,0.9999956311415338,23011011829890202e-24,1552144685891346e-23,23906512678572487e-24,18553724257958014e-24,5980781751828752e-23,3784194594016002e-23
40161372078042397e-23,8313276311827545e-24,4877507482495212e-24,0.9999994991700055,4274719822504202e-24,28699124942429107e-25,36703564794060655e-25,3258261522666365e-24,6502344014910747e-23,6928900818809539e-24
754307580637996e-19,1495039474266088e-22,11885839931368066e-23,0.9999232827050338,10788838207377207e-23,6906122642065448e-23,10058188795525936e-23,8826392639226798e-23,4972573884965338e-22,15512100048402764e-23
0.000108906422946767,15663463806436202e-23,1117513511519674e-22,0.9998898437757238,1147537359097192e-22,777186593950462e-22,11038670748422989e-23,8551537401816523e-23,4291793639242121e-22,16386076961565057e-23
0.00014199593604673368,1710528490274842e-22,1197817405500574e-22,0.9998557620483899,1275194127904557e-22,9170685713304844e-23,11950531497080594e-23,10473675748837813e-23,13473893103345782e-22,16032317741678447e-23
0.0002449470557080651,59573209189704454e-24,265361611906706e-22,0.99960580490046,5022400142701445e-23,20677650555932316e-24,22889697655165375e-24,2915915079670351e-23,0.00014899819981731294,40780356678488405e-24
3405998896816529e-20,7509321038367728e-24,4131183240841917e-24,0.9999633807805014,51669818433064975e-25,3277579690654412e-24,4574114173629566e-24,407175324513848e-23,2524348321458339e-21,6151363610268626e-24
40605071832660185e-23,51775347763175296e-24,2986316175789385e-23,0.9995280981351576,3656950770103433e-23,24521283385481544e-24,3551919920861915e-23,3055629213194333e-23,0.0004712397053157109,47303661552522065e-24
11393084463697949e-22,1008634835984341e-23,526465830708766e-23,0.999441277960418,6579646527875894e-24,4066096252977699e-24,6186385256806802e-24,5911987431998069e-24,0.0005575342604656156,10375534031017425e-24
23797297555053495e-22,15180417096193935e-23,8440880966733841e-23,0.9999966356516204,10688088130790358e-23,6707378163093598e-23,10217698442816312e-23,10263794287105189e-23,20662832332262518e-23,16300783262239618e-23
5404449322845973e-20,3009496820939006e-22,17134256564534618e-23,0.9999283715922858,20164707339866713e-23,13434753043402675e-23,22388096722367247e-23,21952333279838135e-23,16013322307175182e-21,318901418232769e-21
30442907604399288e-22,11231530093692278e-25,588006444480395e-24,0.9999955302736955,7063714751875346e-25,3867650688730311e-25,7147966981069714e-25,7056011973995952e-25,14201156707662028e-22,1095223656608608e-24
0.0003133102590145522,15837344087544295e-24,6537054290767046e-24,0.9982680630842926,74166788616642414e-25,4005587921106272e-24,9042644903140452e-24,7724025791267631e-24,0.0014185628803732018,13212973798523318e-24
16497015782935998e-21,21456128399674165e-24,10551934414426605e-24,0.9999833775869483,11605895544256406e-24,6202206034361653e-24,17979855049880427e-24,13543535637558266e-24,2575764599680112e-23,1830282838601493e-23
11846139101728934e-24,4666367630140875e-23,23713739580221583e-25,0.96580965775778,27039833035168285e-25,14210488154664138e-25,1065586561696622e-23,4169019114538577e-24,0.03419025505083294,73602820354796765e-25
3852018470477783e-24,1197068119607547e-23,3465934553798464e-24,0.9186272315531601,33926574367163894e-25,20769250751455282e-25,9599393345532635e-24,4134125090456559e-24,0.08137272078302267,917095777604677e-23
8722701444484766e-24,309104724909518e-22,992611472122368e-23,0.9034192489021798,10338716155961916e-24,6103330323074021e-24,2516762609188199e-23,1642832185079e-20,0.09658060928871028,34211808498526185e-24
28756537725787075e-24,10355425840523063e-23,29752422028768266e-24,0.8868302149748706,2681683906356242e-23,17292139165411735e-24,10437042493629728e-23,3569758594970409e-23,0.11316933038506702,10839986553226123e-23
1931005159391243e-23,3098666872863757e-23,8622410924171069e-24,0.9097599584011494,8191397188841197e-24,59161069249232695e-25,2968870270629153e-23,14337660381687646e-24,0.09023989555548824,28990361807041567e-24
11171694289354585e-22,19654637186533732e-22,22637255041435215e-24,0.9760046063613913,1999984882076973e-23,14170413898537131e-24,2608250848369172e-22,35173053921307354e-24,0.023991757605505214,20059384026157807e-23
3616785282867237e-23,30639405953055347e-23,304137663310744e-22,0.9946997428704988,3460079885934003e-23,24290547413090186e-24,9323109821999522e-23,7549802773976296e-23,0.005299420295173681,23623817347118526e-23
14972284385077454e-25,3372159940383793e-23,9565016150452646e-25,0.9836412032165563,12577543281950894e-25,9027829063954941e-25,6403945200829017e-24,7838086422577547e-24,0.01635871231874703,31886797924838824e-24
16300606314473529e-23,2114407447770351e-22,48535098785379135e-24,0.9842861071030438,48145485793476375e-24,3864694346655731e-23,11919003379628593e-23,10275843015517081e-23,0.015712825810594955,33536355816322997e-23
17578240468444136e-23,28775740255289104e-23,4119584975295574e-23,0.9944410855417369,4443368818602324e-23,3330653807710488e-23,14648541654197173e-23,18475297562982083e-23,0.005557703086961635,29767044289299095e-23
24372909847445237e-24,6700710962630806e-23,5282104084647543e-24,0.9999994503910982,5323846279546528e-24,43850232811865504e-25,21177574794173587e-24,382335222074603e-22,2593616568004235e-22,124465143668606e-21
1777139853085231e-22,1061245088590776e-22,25426024170208043e-25,0.9999948505667482,544200120296111e-23,36552024174711657e-25,14173803423850021e-24,28009103543161452e-24,4549630498031579e-21,2621417551073417e-22
4818518783581966e-22,1768852953676853e-21,39371182013744354e-24,0.9999712994674115,7777446269767442e-23,7851765093437837e-23,30126491740778753e-23,688620562937381e-21,22529171097963208e-21,27351078749370936e-22
10100781653465378e-23,3413626454130638e-22,4736885105689424e-24,0.9999982641128757,7490302478313827e-24,6929892908052393e-24,313920090163203e-22,481722633359675e-22,8427641980340317e-22,35203101162943307e-23
846586424976829e-20,420145957729387e-20,2423990088715446e-22,0.9999789506032283,4408320104605563e-22,4049035087802254e-22,8871602299148771e-22,13008733298079077e-22,3665511741128022e-21,14403930933858704e-22
535844812765327e-21,0.00013874378870328574,11894887338292182e-23,0.9998429966045884,1499882398157169e-22,11458025442784073e-23,3110426217146397e-22,3801573224197423e-22,21260056173446852e-22,14523038389060409e-21
1139087516027567e-23,0.04670230746221388,8433205052570254e-25,0.9532960528957244,2088506034329311e-24,11785505478440997e-25,3953064405953234e-24,3757641501082152e-23,4593336276306443e-23,15366779440912831e-22
10155604730738513e-24,0.06995614443324535,23989877496769946e-25,0.9300434696307519,28488883152256794e-25,17484686882732942e-25,42370556708822305e-25,41553998987138325e-25,15912465684964138e-24,3444792278215478e-22
4888561466050772e-22,0.23151138588900622,10990230351730058e-23,0.7683542470981773,13816523940768798e-23,7865056125843846e-23,16140315754261893e-23,4993196681561824e-22,5302933847951925e-22,0.0001323604223484992
2435020297614807e-21,12785288796148407e-21,5064612396390648e-23,0.9999812803543238,14312381221177238e-23,6704166949934576e-23,24152105590799256e-23,11666588737126175e-22,3257561717113992e-22,15045889046699132e-22
1426916417593498e-21,0.09638691185126645,7182829531451482e-23,0.9035228405375255,1214659530290333e-22,6821341064393276e-23,26129389058027073e-23,10949904070852198e-21,6149945917204913e-22,7673299458632738e-20
26457070395154533e-25,0.21241281442521015,2746027355980889e-24,11882274910606342e-23,498601873043353e-23,28043662006006977e-25,10015855603409687e-24,0.7875870275640863,6135642258165485e-24,9853418231222657e-24
8149106775457083e-24,0.2642236947921165,8758705287307146e-24,0.005953672507783152,18228608120651464e-24,8930534362583871e-24,20743314814979308e-24,0.7298225166652936,17995954571469793e-24,33228675365483796e-24
6399730944550762e-24,0.1460969253314134,8540165573521954e-24,0.24474508199613396,2022414282008983e-23,8494921909043969e-24,38419466289987795e-24,0.6091576262771358,3798600498362532e-23,2463308858798472e-22
13418173478884953e-23,0.23025955132203216,14518382663076118e-23,0.434134882210001,40635198401206496e-23,14773677733830383e-23,1770060111797729e-22,0.33559425326560044,3870933687095229e-21,64318083449698245e-22
716163943996928e-21,0.3078958954958012,20118701326812604e-23,0.4313689008230966,44410440324198545e-23,20373795662076267e-23,5192711421857121e-22,0.2607114304110015,978929734716739e-20,1189950830390819e-20
20563824621509795e-25,0.19234886059617667,29760458959783395e-25,0.30373847756908123,6895588779244534e-24,24265200017630693e-25,760093032060335e-23,0.5039125464024053,3642081984707094e-23,5705606328702384e-23
44953892048705114e-24,7028678338908723e-20,4430918402743358e-23,0.5248297595850158,11523369919747539e-23,42526427230692884e-24,1477814230720411e-22,0.47509457778103525,13677841572323694e-22,36132615027025678e-22
820293253190887e-23,3464496173238967e-20,1172876263467609e-23,0.22324905208367257,3220882878207258e-23,10678396357935254e-24,29333417727096933e-24,0.7767106077064493,33180825346748286e-22,22850129127707703e-22
1051438168050295e-24,3913877338030435e-23,12865637603548865e-25,17669223442848158e-23,34479497302754393e-25,13088471291818513e-25,5788151786912168e-24,0.9999962667766708,34311532943803937e-22,7335585981353277e-23
24635193104086515e-23,9520581756831144e-22,10423332786934319e-24,27787939391637816e-22,10511835889402054e-23,14587144853163183e-24,11714304864087445e-23,0.9999940646846517,20715755149547567e-23,15036816488593702e-22
48663561569276246e-24,325013591815191e-21,21596296332905517e-24,5449462328476739e-21,5103113890388941e-23,2122209428162542e-23,683272628326366e-22,0.9999932913264682,1854651084106027e-22,537892175398085e-21
3065195441256047e-22,1304481841983457e-21,58222511076443106e-24,51623947637906036e-21,13151398586048054e-23,1430495740722451e-22,21874770113952017e-23,0.9999376126580456,27753638266106523e-22,5825495716105552e-21
263054073927713e-22,1320678041776868e-22,28138326955314233e-24,0.20305283191993395,4921551722907398e-23,3953581742586621e-23,9258205895114465e-23,0.7969454635932075,5051975388335753e-22,8314443897146275e-22
4930281227637355e-24,4488825495255595e-24,4678950376723057e-25,0.3762451048042692,8905941253035697e-25,11444763273044458e-25,16221396255741058e-25,0.6237548417586333,19237029397611756e-24,20655860401464743e-24
1658857829076904e-23,3528797447853915e-23,14492610820770931e-24,0.31614979599872184,25358560728685806e-24,20217567530637743e-24,46558304977721194e-24,0.66647578326846,0.017374167768356628,9446096192612112e-23
11389305725019697e-24,6921212932533458e-23,23005468209682374e-24,0.2396610759187641,42192438291571953e-24,43479578914208656e-24,3691133216835598e-23,0.6914281116243479,0.068909553161372,1033105262251169e-21
10119055305249521e-23,7080899862983603e-22,12627446925132269e-23,0.5273575843574335,18377121237506207e-23,23835897380014364e-23,14707940018128142e-22,0.3649728764304391,0.1076625320273305,4178705621639222e-21
175764919434009e-22,4026557198925266e-22,43950934942329375e-24,0.27671422429960296,6886655968601652e-23,1184958098592174e-22,45162328252923774e-23,0.680788091470458,0.042495079111812765,15019495116148082e-22
6667834655175129e-23,14762890089634057e-23,5961298610378838e-23,8468820747722469e-20,770499266313193e-22,7006054774653431e-23,23371548263954603e-23,0.767869286593305,0.2320452022712551,1681827446973149e-22
34289685399562124e-24,8543926983876384e-23,17274481340062054e-24,28949107295504866e-23,22913436194866525e-24,30694379781894924e-24,27311368557173836e-23,0.4189764822361249,0.5810227176972957,4685064197188999e-23
11861028192158077e-23,9418001427409923e-22,28844554030608413e-23,4428732409950216e-22,38264017511768257e-23,3366844231699531e-22,7138290161283815e-22,0.19625006409980816,0.8037460530696131,6579477722727081e-22
16613556953815328e-23,17016866455933787e-22,24943698554799565e-23,5992733496389292e-21,30910451955921874e-23,34585983898592485e-23,8899073434219242e-21,0.24090437161164385,0.7590765931909186,13711668820428233e-22
2704460002287192e-24,20881867152948674e-23,21157378036886234e-24,3912759407247904e-22,3496396108506796e-23,2886839017593408e-23,12673433306821378e-22,0.14229080053579002,0.8577071488504466,954815484858979e-22
5656989090787117e-25,7634041183643227e-23,110030506507008e-22,890071903717039e-22,15354489616808972e-24,15765643947096386e-24,16359775095690088e-23,0.0522946443801233,0.9477049516761992,3230944048172039e-23
19154290734348564e-25,10102663503947164e-23,4500803046270881e-24,9578463278417738e-23,4820603789235875e-24,3864681266738773e-24,33102811861060686e-23,16482471129961528e-22,0.9999977955980291,13213819185671091e-24
7679333319657038e-24,33209485127163274e-23,3758326123460577e-23,231733744054595e-21,25068329748785267e-24,2312967632137755e-23,1069967764667989e-21,1418451934750848e-21,0.9999968426582645,11632978277499195e-24
4899948381453817e-23,2138370463287824e-21,1976745576956833e-22,11462775844054837e-22,2147768193383123e-22,4000067848187946e-22,8906066227758569e-21,3264147020683421e-21,0.9999835269371846,15674371982459116e-23
3143697669058581e-23,5444997125206253e-22,44167389481793375e-24,44426011499536136e-23,4077269139890231e-23,8811488123948779e-23,36646724244253407e-22,44323585828721294e-23,0.9999946441388436,5470098168664794e-23
10694055602035358e-24,7480936960863983e-22,6087247933162803e-23,0.030438053239284807,13545562323975651e-23,3076591505110183e-23,42101626295642766e-23,7458006084779078e-21,0.9695530149765071,6687977805250503e-23
11830654789144414e-24,16247888466161215e-23,419064735702516e-22,0.04321269274445616,6711266435644862e-23,3395737188160884e-23,15070409332279985e-23,10509461067626322e-22,0.9567857301212505,58198041234036976e-24
5913825802089865e-25,7341271391831298e-23,4838924023362032e-23,11464539047384809e-23,4389759329730941e-23,9641495829190338e-24,11099450708888459e-23,30141632254247464e-23,0.9999992189336951,7807907640293568e-23
