3932295310110423e-24,3820815770972858e-23,0.36612289918297064,0.08076001346918832,0.5254555307252697,2224427139570398e-23,0.01118977932722441,20146031916188083e-24,0.016471667435285366,25328872559059758e-24
4135994760716117e-24,5426503903697564e-23,0.2935949631246325,0.12665001853423133,0.541897965573154,3287292949102385e-23,0.023271065533682744,28800636596512892e-24,0.014585830122885788,37036837080123626e-24
6522848673184562e-25,7026587273769837e-24,0.3197553915545188,0.12252483415763532,0.5117630478514595,4233011842572135e-24,0.023704051142448414,3605685087853633e-24,0.022252655591780638,41846102049678165e-25
13388281779186705e-25,19399936282480854e-24,0.2302351384069596,0.16317375996057057,0.5506015825205858,11221283178172744e-24,0.039148710301717585,10475992026277281e-24,0.016840754401347222,11972784231477099e-24
10425811456840974e-25,11688682326804785e-24,0.28243933939784355,0.12920669892321113,0.5498942347410737,4426619204040827e-24,0.024154777782211433,44378290078648646e-25,0.01430492306537457,4494515748516483e-24
10802358795995921e-26,14406597319715063e-25,0.3151261960812426,0.13316980461327277,0.5241023406801905,5886481140296699e-25,0.009960935491579951,5794562618355006e-25,0.01764071971492987,7020516264598621e-25
10725402889808462e-25,13041942734909553e-24,0.30605913024922227,0.12072144210285389,0.5609756622716786,7837554579119495e-24,0.002495152740894038,8377518179625738e-24,0.00974857304593243,9258408388773176e-24
1066452061431328e-24,17879896159002486e-24,0.2826059393590469,0.09756225581406723,0.6048438504211839,7238706544354473e-24,0.01346209279042985,6655370833892879e-24,0.0015258195486162367,922394562467362e-23
44414414804664546e-26,7924157295654335e-24,0.2770693827431155,0.11921259877428125,0.5734615474121059,31101857405204075e-25,0.021724706505735582,30389355662387764e-25,0.008531746015174462,40319729949373575e-25
11251349180422095e-27,2776091735577932e-25,0.2098063358735134,0.19266084716938564,0.5734596350108525,7676266177964057e-26,0.017996414287499873,7734418189533173e-26,0.006076767108760835,10664601798915464e-26
488479736619148e-24,12914149023483398e-24,0.16727855930768637,0.2580625306126606,0.5665396428968433,32448333748793695e-25,0.0014380167944867248,301840610610261e-23,0.006681226135503567,4586452907789515e-24
1664136852497159e-24,1590876575515707e-22,0.07021486809579192,0.2702744845796264,0.6288211867479175,11933085222836525e-24,0.030689084127447353,12026911782371311e-24,1731092096103134e-22,1862826873446615e-23
4456388666878661e-24,11544669276897915e-23,0.09341532810450215,0.27048735687443737,0.6000785301947391,31114195815814485e-24,0.03268398129613815,253122661949696e-22,0.0033345892747864768,3792502585869195e-23
1183062619727768e-24,6799033775894267e-23,0.040190896566405,0.3016012126342527,0.6169885898044656,9415319398485563e-24,0.039976982231974295,7387587441301827e-24,0.0012422199567963057,12827998504027389e-24
4163343262065967e-24,6998379620442895e-22,0.045803988528560234,0.3179187972001164,0.6175672571431035,3007069975351008e-23,0.018705045723081334,24192976586254097e-24,4107562435910922e-21,4557753046106817e-23
1733619116458252e-24,13431585533333828e-23,0.08969930571644552,0.3022281308960482,0.6080591809490289,1199947181426506e-23,13174076655979361e-21,9078732990130515e-24,34483132681837045e-24,16749975790968392e-24
3221364074176256e-25,25589793380868864e-24,0.09310762126301668,0.3071995683757861,0.5996915114259884,20211594278622404e-25,8178248239558005e-22,15525037958491417e-25,4487235619683685e-22,29013082287480063e-25
17573842530715746e-25,15683501997534727e-23,0.03799134615479944,0.34601061069269906,0.614516428547423,11558365872629867e-24,0.0014813515249667713,91153501723442e-22,6653354237360269e-23,1728080980917524e-23
3694119019086678e-25,5574237090871873e-23,6458653633905502e-22,0.3893024303080806,0.6106903395105524,23396050934594064e-25,6509868006893059e-21,19653315369176423e-25,10186748365774016e-24,3844954037919165e-24
2231027832399836e-24,10820670824128877e-21,6554343471592604e-21,0.3889270788996057,0.6110361559891095,13198668193859084e-24,19081001865154938e-21,18394804381693015e-24,21548424508469283e-23,5978582422522676e-23
290737774643974e-23,21477583945706284e-22,9774307091827159e-22,0.3981607286499693,0.6018345090943832,18068875542132507e-24,11840613984605148e-22,12990658804518025e-24,39362944255795394e-23,25408761237893477e-24
14699452305535339e-25,7111792912312122e-23,13780313553766294e-23,0.4150030014388288,0.5849239350847075,10426742076265662e-24,10493002753219671e-23,6921809248706999e-24,7271561826094413e-20,1518863406416913e-23
13008347780134186e-26,13573515266525525e-24,7333859504948922e-23,0.39723281471045285,0.6027664805540389,2974653635167105e-24,21219124209369627e-23,15743535816503761e-25,39839054315403714e-23,2563006706143692e-24
9379852547254987e-25,1160275467285871e-22,3223269493475481e-22,0.4328598880534809,0.5618659401971593,19299767442686345e-25,9182705432331263e-22,17780495340191224e-25,0.005272804642946418,58353930392078575e-25
19714990965293654e-25,483955197138296e-21,4205578096903226e-22,0.4528660562172618,0.5367504586771454,12759937419146448e-24,13470909718165964e-23,7623361704388856e-24,0.010382405801633174,17727119611953414e-24
16606593869966423e-25,6237615309579315e-22,996592621481133e-21,0.44219765053053,0.5495699754920016,10352174199155554e-24,1263085504695426e-22,6502742703930116e-24,0.008230594265792465,14532194144497471e-24
219488738401165e-23,19962833681601534e-24,4161110771022635e-23,0.45005845530748,0.5412199333365324,11295619666146712e-24,4029621953816027e-23,6600501457779196e-24,0.008721476311315713,13083532488120806e-24
11244793568311729e-26,36022614651598516e-25,5028251015572609e-24,0.4175151335212915,0.5824303823126499,707947533168169e-24,36012450917008686e-25,4432746132903448e-25,5446968556767577e-20,9841668013588984e-25
10468609383180785e-25,11533749229050014e-24,2029506662735412e-23,0.42677021126735765,0.571032730764048,6184335039083147e-24,19408958884500647e-24,4107892845887167e-24,0.0021969860895704038,9304393314327951e-24
6901004069016816e-26,24808077247256076e-25,32278560263279285e-25,0.40511764197135536,0.594882344801685,4304524432369439e-25,2288711630511473e-24,309522930158394e-24,37568258531738565e-25,6631707251122022e-25
4188670688072483e-24,10744260994952656e-22,5656336560462524e-22,0.4492294662588949,0.5507471016330635,2876210199417165e-23,8919388485773562e-22,2025432136162797e-23,20784658014545473e-21,6224652565094192e-23
4635951147543834e-24,6898737762801162e-22,1840297505353855e-22,0.5164412292537346,0.48351608410963437,27094267927982268e-24,44036130312064753e-23,19241518696727513e-24,4127508593768331e-20,46314558183651255e-24
9499816861757827e-25,11802414162535403e-22,4593754192509284e-23,0.5527604954265225,0.4293523501916024,5777434227627115e-24,0.0012021927598866106,4660770623966105e-24,0.01668371520809129,8841540549435672e-24
8989531478416473e-25,0.004866759650868824,10030554819862606e-23,0.5622724994111434,0.36563155293578103,3500617930382515e-24,0.025615107632144998,26164498102322117e-25,0.041613967648642884,539984579654151e-23
1265622963741565e-24,0.018220775213354447,5461173118120158e-22,0.5924464759686195,0.29739128274731513,11591291978281557e-24,0.036919848999935265,7579887233127193e-24,0.055021033306165826,17210578474889464e-24
10182825508916836e-26,0.04789637670562392,17079345538294243e-22,0.6015532967357807,0.2425325049785164,47635688658612945e-25,0.044290326695827165,20660662158515033e-25,0.06372577617857729,3839740019200848e-24
14758420790376429e-25,0.08011595835868732,5638806348602051e-20,0.6598202114537062,0.16065346776883443,3015997757389748e-22,0.03131996243191399,10782143445027121e-23,0.06803348187017268,11915634538513675e-23
13806427595596378e-27,0.12832910339244416,531167528009437e-22,0.6857747101380256,0.09795782410468137,10251810573702936e-26,0.013631599062413185,6031940567975306e-26,0.07430670992297718,8679066637893967e-26
45074657146146765e-25,0.1785147058248699,37514869781076036e-23,0.7343823746001191,0.003179384959967127,19791432816946933e-24,10501034382843606e-21,16505801884970023e-24,0.08391259773685418,1988777910416331e-23
9857718299796105e-25,0.1962165247114793,5129531838421804e-21,0.7229628029152242,0.00024267284846218594,38441339099316994e-24,4636595222103335e-21,163466017972553e-22,0.08056817148980885,6134459132399263e-24
148235135304617e-24,0.24844816322403232,10599031107491226e-22,0.6592864829897657,13656752516171854e-21,106406061627361e-22,15549483937429538e-22,4257595153245652e-24,0.09224906425593539,2879835181324365e-24
18449850735270125e-24,0.22466431320243188,22669120156801314e-21,0.5838357601786516,0.11761863550077867,1700732189604781e-22,9955121071484218e-20,13689717568918368e-23,0.07375858276712628,16259989476590884e-23
7269236293528498e-24,0.23012337266430752,3853927496746027e-21,0.590884347199862,0.08187504398604187,2126671445467462e-23,0.02516138548091891,19950678305086657e-24,0.07195192481230561,2344237994024164e-23
2508554226117828e-25,0.18350176306037358,13860523566388563e-24,0.5790871657923337,0.13862840232243334,10568207955668818e-25,0.03517946246562085,6523661346620207e-25,0.0636031897886722,7499891027354074e-25
3797048146610522e-24,0.1741264212998846,9183215777418834e-23,0.6048055977420179,0.10933889000139414,45016172544984364e-25,0.04588534080914295,34373897667966267e-25,0.06584364305723389,35221062166133125e-25
619471069547226e-24,0.13789269677628768,6839573645606957e-22,0.5904148044022143,0.151133894864588,5709535147462835e-23,0.057917100594176096,12532191977537397e-24,0.06264074165669672,7501604419502645e-24
1611583337287232e-25,0.20746686459184357,28797325227501543e-25,0.5623096092532968,0.17863814325959665,5911102908293968e-25,0.0029413014264131755,37853168915232797e-26,0.04864407694628743,5122497364775898e-25
71595230673562265e-25,0.2246432404518672,217987845138574e-20,0.6016668399930323,0.11844285861044151,10286899947866927e-23,17206110320945502e-21,31333421392019373e-24,0.05522750406313403,2953080526274507e-23
55799769122887195e-25,0.25634905895386045,744917435482955e-22,0.5715560705035412,0.11756976706735357,15431267690680026e-24,33864296673992346e-22,13730833592678266e-24,0.05452158981267356,179990048867896e-22
4012012798868062e-24,0.2606001844028694,4102142235185326e-23,0.6556268839556499,0.018108014665761694,7163392429448902e-24,9368086201481975e-23,5081484625108242e-24,0.06566475891333151,7096692117954674e-24
20438163854730455e-24,0.2702831120098464,1281574334270938e-22,0.6643924637401036,4048730445961926e-21,3650461797874564e-23,3451342360852251e-23,25209488192117446e-24,0.06532009957021316,3112598069973056e-23
3323865082074182e-25,0.26787251322619315,7396731219466343e-23,0.6319548273913945,0.04409307739418218,42495608439446175e-25,2310008428462833e-23,2447156093479373e-24,0.05607947292525211,4966236429273227e-24
2535963552104164e-22,0.283658639874734,1793141398414572e-22,0.6467667792498726,0.0003084608585775068,13285280961718291e-24,38200944355833136e-23,1006047805632315e-23,0.06926526801487619,1373502321133197e-23
28100664950567234e-23,0.24113002115020604,29732219910835097e-23,0.6877962013613671,363031325318319e-19,3118359636324356e-23,1465290926186474e-22,2475063785712153e-23,0.07103665913401665,3442541279771011e-23
0.0007624284225849218,0.2064487897026953,8176233372533413e-21,0.7306282342031526,3808033895291844e-20,35106165035701367e-24,17065834855967519e-22,21955902761581895e-24,0.06211250187984092,25570387348387858e-24
0.0004857765698177465,0.21987419864289653,10095147419667826e-23,0.7165959151884379,7706830417569142e-22,23087610789653724e-26,9986208733648443e-24,12402298925337852e-26,0.06304322749547905,12772384443528066e-26
0.0007249151795519608,0.2125032811526559,1860818435757066e-21,0.7244310248864724,6026690577773868e-21,14047301907541618e-24,2587178132823325e-22,5933325563654894e-24,0.062332608409715266,4163859412262707e-24
0.0014256874309625926,0.1797180069147233,6388191068519409e-22,0.7529850381005508,15949077980665468e-22,8224923978508681e-24,5989025895714872e-23,46508341052050206e-25,0.06586895458100613,6479656648979237e-24
0.0013655445522174476,0.18067110351176496,58685605230275763e-24,0.7634685324932716,58203226090316226e-24,17301621701466563e-24,43725297990043285e-24,1521958473320478e-23,0.05449460379662283,2251136735307753e-23
0.0016848190754841896,0.17177635632324464,8285001288264822e-23,0.7691151022498164,6182478696466584e-23,177826053394416e-23,893943630117912e-23,16871375798860228e-25,0.057423562727710646,25439637588240207e-25
0.0015346253900335647,0.15848194661168372,6226002000960596e-23,0.7788785548749488,10080127439578764e-23,1348633084743591e-24,15235766312658416e-24,9159339955444623e-25,0.061104691362184,1199526986455541e-24
0.001433387258220658,0.1484213721246898,18066046887137224e-24,0.7929179197172559,10340693246438583e-24,3570203386110281e-25,1934364797504822e-24,34895599310578385e-26,0.057227289345182536,5073653113687637e-25
0.0017290447682016788,0.166601531555466,12388002986233435e-21,0.7747580244272613,39761603113913e-19,14511160167542481e-24,25177450420801315e-23,9953420989140957e-24,0.056894747621041505,11225678771426152e-24
0.001992811359667182,0.1773370274853414,0.00010039962692534791,0.761606471766064,128391746655114e-20,5831419926544353e-24,3083360703874401e-23,9969179836390502e-24,0.05896194974957535,9460787815277136e-24
0.0017059896138579232,0.17195735787440125,3861011768459184e-20,0.7678788967582078,2712251324104776e-21,4443452527840565e-23,38181842957407783e-23,4996802072738424e-23,0.05841587297169247,841885337023843e-22
0.0014388520925138473,0.15352040511451284,21147407526593386e-21,0.7821781171190709,7958073813534404e-22,20996229025365464e-25,1242359436192789e-22,19466400764169383e-25,0.06284054957778018,4599012580768033e-24
0.0019781843649790943,0.12916641923061883,0.0018342566253092597,0.8036524378099215,7496514307678995e-22,21828269795375933e-24,1498083997054968e-22,2344638466845544e-23,0.06336770062098276,5661365563804765e-23
0.0016373193091055753,0.11789878247960742,1269216770061111e-21,0.811449128073907,2380034167404016e-25,21455263122362956e-27,16442737396243632e-26,22402376050147815e-27,0.06901350044252849,48449035175020086e-27
0.0014566552246018968,0.12780103995018682,0.00017475314230679974,0.8022335549656344,5169251122910957e-23,21036593723602292e-25,12444103157633493e-24,2267128169309012e-24,0.06833392317961136,50302212729353895e-25
0.0003728294010282357,0.15535619817797353,0.0054202264863756275,0.7726798758322436,18368288694804568e-23,1520406253547427e-23,1395242283975805e-22,1661290901541365e-23,0.06617046960908503,45468024278338264e-24
0.00042921932792274603,0.16848566812046448,0.08314735600368367,0.679117768331039,4675017325835293e-21,1693744060347818e-23,19073917302874434e-23,18504439732520206e-24,0.0688150532565938,3376197866276318e-23
0.0006917811718015707,0.10027001838713136,0.2536513917467882,0.578269028936838,9325819156409729e-23,45711945460315666e-26,6764095140803718e-23,16334817360469158e-26,0.06711761715976758,10781523524350288e-25
13811269538581317e-22,0.11271678081441452,0.21023872295635665,0.6086793495819306,3531205475791261e-22,27382763147530585e-24,19241290043693683e-22,2405919094349182e-23,0.06836120056419481,23626453889060286e-23
20080380312439394e-27,0.21671983724594263,0.06719499593392522,0.6505619191919645,61782550384849645e-25,13684854186037436e-26,4797501131844736e-22,10343394602630805e-26,0.06552275949150457,19480799065589832e-25
2182607192742927e-23,0.17059215730920002,24174482551357685e-23,0.7730680382503955,4591669491280715e-22,5765113713667955e-24,17198696885899846e-23,391828216774208e-23,0.05633888171894087,18313315890235136e-24
4960197816684436e-25,0.1502316161845203,6163046954049908e-22,0.7902926096532041,4004747732854256e-21,8516472493788234e-24,17682553770589464e-23,4461211920783193e-24,0.05947093674228568,26067914502719267e-24
11119071590370778e-26,0.19902435676017238,6752658872891251e-24,0.7420097903959497,7139511013869685e-22,5836442718337004e-26,11424896634674795e-25,36665094119098175e-27,0.05896513050369618,28661149837586506e-26
4321301464072301e-24,0.17844751329874786,1743341727579643e-20,0.6552172444835732,0.11706692851286882,27506723540428504e-24,3153977970738255e-21,21444826012739268e-24,0.04924715996176262,5130749575379326e-22
6494743783841937e-23,0.19582236643116527,485984495213182e-21,0.7016040894658075,0.048594065407966076,24320776670014104e-24,13898497489566702e-23,25181617136032823e-24,0.0539786687959082,7047985120674742e-23
17068911632642193e-23,0.21810850441050708,10864475399830377e-22,0.7164818196105561,102122076996042e-19,41974001176303965e-24,11258162093726574e-22,3325622319686205e-23,0.06539679523003765,21035809965435047e-23
1552755065245613e-23,0.29578505000180705,10440446509553339e-21,0.6364955858116277,47073768118786e-18,8202821255906049e-23,33319800728704083e-22,4977106514834468e-23,0.0676578439966604,5266663822381762e-22
15301700968095056e-24,0.2861789668792872,4130352479020538e-22,0.6351326374883453,8412085516858446e-23,7905915287539128e-23,6191535844292947e-22,736793606285325e-22,0.07868684348726315,26779695980337e-20
29588854903959533e-26,0.23688331581998884,13783779954583447e-23,0.6873608064754979,11253948558702096e-22,2654822876647595e-24,3729981597521016e-22,17228495532262963e-25,0.0757541701563262,6664400816647226e-23
4866845262431884e-24,0.18790987304432286,1850760283667475e-23,0.7346170257947783,0.001722149582852666,3904665865462358e-24,21943818825248775e-24,2964306881424649e-24,0.07575088790392803,11486249774809706e-24
14157246339516646e-25,0.08236091756182762,38301937878545674e-23,0.6974595895360839,0.17358686316633637,3534842324373916e-23,25295607724915954e-22,15163343089180918e-24,0.046589228448393985,43677966112586207e-23
4448785530851595e-23,0.127833770209142,40820501130287175e-23,0.7891285694252415,6144156877795372e-21,3226052290755985e-23,8683310834713166e-21,3525175729167191e-23,0.08302219966609138,11302683181891217e-23
7204922257475106e-26,0.13475691919190397,6928946387374862e-25,0.7789089062409413,34419546778995203e-25,1451332745203216e-25,44592483376327835e-22,13787596118931805e-26,0.08632971027537725,5536576051537606e-25
17823685343330216e-25,0.1342445387554727,11074586709342288e-24,0.7295064898367245,55569641905441714e-24,23259333930011284e-25,0.037897409982143734,2103687614279314e-24,0.09835148147758088,7091878922071512e-24
9340742186595921e-25,0.172330582645482,7627151143551944e-24,0.719921416551496,1054475978054742e-23,1565189581026632e-24,0.009797560318169554,14211495031197634e-25,0.09795041328524282,5110979687942078e-24
1859859386728968e-24,0.1625554410299245,17107196421302123e-24,0.7343327474399186,3109911870037851e-23,3804319343913434e-24,0.00011258078385182433,34087864621326914e-25,0.10299915788180673,15585026600164184e-24
25130001196328377e-25,0.07755076832363128,1222208576897502e-23,0.8098690832309179,15462002545329814e-24,3404575570807061e-24,0.006490970665164762,33947897111563648e-25,0.10608913014852,1063404065834828e-23
6174767235900718e-24,0.04944537427646519,3817307817700368e-23,0.8479042440133984,8293436389107158e-23,74001685499474336e-25,32054902539410318e-22,679139639119669e-23,0.10264701712615944,17619363756267613e-24
60469800910762264e-25,0.02645011805135374,5624905750871295e-23,0.8688631679566238,3930626212570777e-22,7976195135514411e-24,2777826191190972e-23,7490967369827307e-24,0.1046861966117706,1877537758579313e-23
61573439969444666e-25,0.006083620051964703,13697394075747445e-24,0.885708283511772,17965880144925374e-24,3794402475684963e-24,6323370071575212e-23,26463021962086207e-25,0.1082079765803504,12360854332641426e-24
34479891245975327e-25,0.01951912084694059,3380193748599868e-23,0.868525166240144,10461360717798252e-23,3526856338746028e-24,23827861496408793e-24,3890383452117414e-24,0.11195553538326446,44210130635132604e-25
8224291729977843e-24,0.046566683847836104,13656066447798355e-23,0.8410046243159597,2203157797221002e-22,1115501693097535e-23,4253499093307823e-23,13661641280672382e-24,0.11242824895548488,1042836677631492e-23
32186430478668415e-25,0.09853685798042558,17461478930781803e-23,0.7912153408477848,24775267991222786e-23,27248800096517886e-24,43850436368185725e-23,21496616204103362e-24,0.11024679237967644,9595624221560561e-23
8497689677576173e-23,0.13912071955255767,12029182318915103e-22,0.7468694234559827,1163446811010963e-21,36408990945346826e-24,2264903460404522e-22,7199465773568541e-23,0.1140070218961321,4885944232199962e-23
2520210025278539e-22,0.12784373182505185,3893412164724982e-21,0.7565237888552324,4185190952455058e-21,9662776581514098e-23,3390345040017428e-21,30332922504709185e-23,0.11562000338586421,355008059427357e-21
212488806923258e-23,0.12868966538828988,1104751480034921e-22,0.7590002580903312,8398506510829789e-23,8840448402733515e-24,13456815584569312e-23,71241039621689616e-25,0.11230967839005446,5101352901995871e-23
12864407751642702e-24,0.11679657784505228,37982229516908285e-23,0.768916721495067,26003946019969447e-23,4784179572359423e-23,17010895095603882e-23,3642484222988061e-23,0.11428563336078125,1601973599051354e-22
35139403350419702e-25,0.03299485444933048,3653645970055657e-23,0.8454097471310533,2747832473884529e-23,12515314675888025e-24,6914027011480802e-23,8167823141126443e-24,0.12159503314541309,2079231886865433e-22
25187167625627792e-24,0.001571584163319703,10265476824315462e-23,0.8685475365710588,26721747928653166e-24,4223580770103108e-23,1229004910247532e-22,21763679094040598e-24,0.12987996321100562,574591000238335e-21
26569319121508858e-25,0.042108872338835736,5178097010878723e-23,0.8290906327643424,4885758602446021e-23,10297210739681527e-24,6057091641247208e-23,55503746427343586e-25,0.12879855807046942,1757112116609656e-21
267726122906904e-24,0.04985743103866493,9997690692599879e-24,0.8131612419108761,6053625098446737e-24,34416803327971903e-25,22715530176505846e-24,1947168268817211e-24,0.13698052401525102,7586118442508973e-22
10359599747062859e-26,0.0675768109997419,15671910445676263e-25,0.8068982528466861,7963621142366858e-25,29397302304537485e-26,16381738136278352e-25,17903430922621635e-26,0.1255238254632923,110611406571506e-20
793765604995608e-23,0.07712179748570636,7570747185705768e-23,0.7892406413905305,2666237842957485e-23,2632472833898756e-23,2021568470827549e-22,15914593435061572e-24,0.1274674284473526,0.006169777972601766
8992983652664864e-24,0.10081024216329308,48254943154968055e-24,0.797035725214501,45023811127298824e-24,1778003635697712e-23,7557001603796959e-23,13964138053144493e-24,0.102138019879423,1580315682392177e-20
7088324146163468e-24,0.03997254500350424,12472466930668285e-23,0.8570896881865129,57550409923509716e-24,8133733613424088e-23,6142038193409116e-22,29750570272450425e-24,0.10291914502254738,1770713015880252e-20
12031076632895625e-23,0.00019938149903504513,37849127794344364e-23,0.9087541032795546,19958349173030048e-23,24338436240404403e-23,32550980192871193e-22,8708795504408506e-23,0.09081102112630458,0.00023121014056996526
7901242554818205e-23,0.0038862181259253577,12833217063355796e-23,0.9227641723878207,9148706258198206e-23,58152468854980784e-24,32034526322955297e-23,3449491430047255e-23,0.07334352575073731,5371917095874043e-21
10423040784622996e-23,18929774557899638e-21,17115031492407474e-23,0.9211780984920358,127673945444691e-21,6129376098897298e-23,40104757220273807e-23,47615446867516616e-24,0.07879217892764816,9879794630247041e-21
0.0006812027770541165,18664458588792957e-22,4673780546560759e-23,0.9209416916788161,23870800170586634e-24,12608011691430708e-24,9827955057914291e-23,9982224080954909e-24,0.07836862315999187,6424460025477845e-21
3808857949705747e-25,9158959453433711e-23,20260112981795562e-24,0.9073416675881197,3437576893505762e-24,5943325043537561e-24,3512322764079291e-23,3704036382822452e-24,0.09265802575301957,1462269373748503e-22
0.000204587787084083,13358840035650102e-22,26014040930777387e-23,0.901686569821833,1390697165243628e-22,15408920386478172e-23,1289045921992334e-21,9145327475514536e-23,0.09810340752700984,21651815630430926e-22
0.0007983551247519964,5494473798046492e-20,4370640172698836e-22,0.9023127151445176,2754222002024526e-22,18578162414371645e-23,4484751107476819e-21,13239944514917163e-23,0.0968252094896758,3260084492092828e-21
16672312799475158e-22,11867609897884844e-22,18105207781587133e-23,0.8902034305911078,3632896212617018e-23,12330818722399416e-23,20691158762504674e-22,39223715347100066e-24,0.10979011944155748,11469451157182484e-22
0.00026545798577879716,32759565889482934e-23,5638529725371196e-23,0.897179530130756,6172590620173944e-24,15944583910533758e-24,1280431500153205e-22,56935584081764366e-25,0.10255427248268972,1995643601505621e-22
0.0004888572388348161,4154818275408786e-23,7909622918785025e-24,0.8994908197830153,32504297198322824e-25,2894022405695556e-24,19579864634692352e-24,2065055716998652e-24,0.10002022244261533,23291278701588462e-24
0.0009484546670447089,31238967066780736e-22,3314758655166317e-22,0.9261804678256134,34226988739010867e-23,8318495647622065e-24,15926473652519003e-24,5567734063586036e-23,0.07286718491791594,15025005943684918e-24
0.0009318778793362245,29868663990395835e-22,4275829234596087e-22,0.9301468715740694,3730336223285276e-22,10294183600177665e-24,18191045784407098e-24,6179883046904221e-23,0.06891735459521744,18184246872454806e-24
0.0010207685699210882,197116610921601e-20,3506489812452406e-22,0.9390020045471141,2773685581879159e-22,2033803009828196e-23,1809324750908519e-23,6365303935745179e-23,0.059974502981884344,22632954357081724e-24
0.0006282613172427265,3112241503128439e-21,3585261716688072e-22,0.9344529630236391,3369316114752671e-22,19453873860386768e-24,1499338552819822e-23,7109156165728364e-23,0.06491484158222095,20838791085340272e-24
0.00046418060543022366,15486878388750416e-24,8503621105835339e-24,0.9302314001960021,7431375207231056e-24,3760269224574517e-24,5254281608727148e-24,451125916160239e-23,0.06930436429597471,9954995382197011e-24
0.0002329701435479032,16325981629273585e-24,8400391058842015e-24,0.9262719321868772,7268222442523171e-24,396417785453595e-23,5687433685322187e-24,4817293249394208e-24,0.07349504024676681,10959339101320243e-24
6422609179969889e-21,1962212843424676e-22,3936156252498585e-23,0.9150460303818758,3944569024585927e-23,10459247889459127e-24,12017997527349555e-24,17933093428720345e-24,0.08494721058951943,2098057142408855e-23
15836683681310506e-23,6233904863571499e-22,3140948053162504e-23,0.8979442451746396,4199746293042385e-24,1327571916078618e-23,25447239113610074e-24,8910314763570284e-24,0.10205480952811082,8029747167600004e-23
8900409820531613e-22,2020817494213279e-20,34204634108858957e-23,0.894771051022501,8709985598706823e-23,3012434163387825e-22,5182244077311201e-22,8978204999207998e-23,0.10520511058175071,1401783713180471e-21
22084613899635207e-26,43351681269060985e-26,178600025147375e-24,0.8833768794810456,22566382740524534e-26,14061325270938517e-26,16730080759687754e-26,15914608600321188e-26,0.1166231187549694,2382216542571295e-25
7430061974067384e-23,34921508391079745e-22,21089529756066689e-23,0.8666213576269387,21833618177679327e-23,32325523792173377e-23,5018988876611218e-22,18065265582343727e-23,0.13337306520740153,5756759544977429e-22
5028461257470291e-23,1985421971173811e-21,4935132639643441e-22,0.8633562495737146,5143493842602938e-22,6281534844779603e-22,9673807949696573e-22,4158635085748835e-22,0.13663752280239705,11726569245014344e-22
2805763698358682e-24,1153880007736381e-23,898758042596646e-23,0.8615409432932589,8638333704659133e-24,15629699866788785e-24,2700022004783595e-23,714063450697023e-23,0.13845894330810693,3165841263791868e-23
11929636770494486e-23,7933954744226085e-21,45919988222944114e-23,0.8626656118164818,4957281112477508e-22,9548669348696613e-22,24662360442440222e-22,43088687106218037e-23,0.13731629134267734,5236671887552877e-21
10079193379494703e-24,5236551455288363e-21,842857719586792e-22,0.8806810359322763,20391402666172305e-23,4169528048695614e-23,7294202445572015e-23,13358687218034811e-23,0.11931303251554648,14844543453100328e-23
5150312694840293e-24,10897646425094635e-23,12797302132157855e-24,0.8653733142047929,15172137089321615e-24,6128058612188099e-24,6351953316722605e-24,18726446456423017e-24,0.13462650827543313,4217107212433734e-24
3251408542499179e-23,11602094861891713e-22,23054181182876457e-23,0.8584127525040421,31421080427796547e-23,903270758011123e-22,39591668575393096e-23,3909494640210456e-22,0.1415845225621092,11026372884831856e-23
17030414748816609e-25,543381420144584e-21,35551674743493196e-24,0.8502325525753776,3085824792903586e-23,3030429315901619e-23,8079885189809906e-23,13025570852294124e-24,0.149766559788052,15201382072681352e-23
5186693648822157e-23,9325576033694503e-20,5301295406466137e-23,0.871233218183473,7532553340804057e-23,29418515506106737e-24,10135329510935261e-23,8302632355804467e-23,0.128673044019015,8802363872687621e-23
13468338338902125e-26,0.0842447210194212,21767888396719725e-25,0.7700107558676373,2512881039064847e-24,11326264904397045e-25,9607317844538878e-23,7680556590473808e-24,0.14574440239432013,11007924541457375e-24
32442380512725555e-25,0.047166844069623404,7206869195973093e-24,0.7848925917378508,7598961568051016e-24,8121992726266855e-24,10823070724549687e-22,9580154606161159e-24,0.16793917338755432,27274598951093494e-23
10845475475627413e-24,0.08316911040211175,9807530079289707e-23,0.7509075903399342,6159367606272837e-23,6482367871736247e-23,21709219558474972e-21,22795895373011175e-23,0.16589836117352885,2765567214472738e-21
3474721048311815e-23,0.0768454490178707,13077728202773112e-23,0.7487405535641685,1242192658108059e-22,7891215234988634e-23,33768904842028614e-21,20550910832363116e-23,0.17437206116964082,7593178177768616e-21
14369760940421422e-25,0.06078333554310784,6417157707421488e-24,0.769287508461006,500804125756863e-23,8335236140872641e-24,23833919302348404e-22,4593517584916105e-23,0.16992620078106804,5046909291283826e-22
10961431353579964e-25,0.11222553864347265,2790312504249505e-22,0.753109381789829,35138303141801944e-23,1949041963212381e-22,23961682511173693e-22,7216262990489441e-22,0.1346601373515718,9980059472275775e-22
22495984208984373e-24,0.04295115432175604,5059114300902437e-23,0.815489657503169,3424487455012154e-23,690196163906792e-22,486297167146108e-21,11675863540101579e-23,0.14155792144437224,4873233201634408e-22
8945627632116607e-24,36291039126235606e-21,22754297295201317e-24,0.842442390160583,26003506292744626e-24,14512705273112727e-24,5674331316529349e-23,12533929377450817e-23,0.15752097789550099,8660600561055349e-23
5642528369733774e-24,21984264731344256e-22,15323416800877822e-24,0.844490828177413,11625490794685362e-24,1504127339403993e-23,3264181521293242e-22,4009681042823538e-24,0.1555052459883968,13493472334117445e-22
10881767528845462e-24,0.003322270819537762,21323941953305808e-24,0.8454941207178382,21961254376676636e-24,1775229934812517e-23,12865010168662645e-23,1445534361090801e-22,0.15118055367174105,27096679404379154e-22
17334918612275056e-25,8350911975075726e-20,2924722962401259e-23,0.8936804979032053,4221557443264144e-23,759324302977465e-22,4915758139743346e-22,15137241576031631e-22,0.10622926014052672,45784091189627956e-22
21672627633712962e-24,0.025562822636402745,3333687464297696e-23,0.8517732967770499,5618417503664701e-23,3663151343384088e-23,11631971451897063e-23,1480026380760809e-21,0.12263659619833231,25540216724094657e-21
17669624072484816e-26,0.07306815111787447,4830926712786663e-25,0.8184929786694055,784516781292298e-24,309653011554202e-24,997828116945873e-23,23561426172232548e-23,0.10843818979089345,43307516415283147e-23
13295365465131472e-24,0.11405444252330701,35358605769863034e-24,0.7978575968473921,45799341012165185e-24,3715101862897691e-23,28566973975366545e-23,2684429245642041e-21,0.08807495887043697,9900055794863348e-21
22890729075333453e-23,0.18411505326642172,30535295791068415e-24,0.7522232637355997,6657291916836565e-23,7712601535179699e-23,1994507937767805e-22,21905121850963086e-22,0.06365639674871182,24931447652598773e-22
2859670731219282e-24,0.25986044841087524,48289209504601965e-24,0.6805927922716305,157148607626665e-21,7042225044300416e-23,43610583937807427e-23,73561944257303605e-22,0.059529095018950685,9593278535283452e-21
9355394565086668e-25,0.3097942745903312,5067809875304147e-24,0.6481279219926978,7305200668950498e-23,10512189345240161e-24,4242685693094791e-23,1087177036299057e-20,0.04206565055776448,11490942109764815e-22
33930364978669895e-26,0.33442502931829826,439125144059138e-24,0.6450237246755841,4103982690722652e-24,4989051619911203e-25,1592491829962431e-24,22593634522567628e-23,0.020550884731349212,12836476467569035e-23
33190921571047745e-25,0.3984397799372428,10813949922979096e-25,0.5915321948053971,5342747620181795e-24,2536589003677852e-24,29292008018855045e-25,12514383217106318e-22,0.010025101517996512,16570916128050312e-22
13577536529491436e-24,0.28134236000384877,17728341481742903e-24,0.7186433933221418,3003020831667258e-23,13545990032427698e-24,22757470684720064e-24,5877782073621058e-21,81126765478013e-19,15857576552289175e-23
25771666331919194e-24,0.3445114700237772,3441231088597865e-23,0.6381413652990251,5405468661030548e-23,24854914038550652e-24,45965684386465216e-24,0.017254155671856196,9255650478961075e-20,26744064690030177e-23
3535363920808374e-23,0.3127735982597063,589931747646934e-22,0.2289497295202137,155725548540838e-21,737296928894507e-22,16620999816368078e-23,0.45729804981920275,0.0009779489676230184,18342152456660094e-23
9551252022042321e-23,0.303123012307215,14548486465408355e-23,0.3077626485895327,4116967306138046e-22,14108436012617247e-23,2485670711126963e-22,0.3889583773665139,0.00015442338388444438,4960073565319994e-22
7157165145306548e-25,0.25554126449717895,1231451876742209e-24,0.3906264038890484,37115841285868435e-25,10175417033062685e-25,9468146241562146e-25,0.35382711591755067,5188611463475687e-21,19461521584999942e-24
445476972402269e-23,0.2803276231957484,510393271359286e-23,0.4593756416603647,17097886096192223e-24,4348685627322812e-24,8124438744972655e-24,0.2602895130733083,71559415431258e-19,2699969197313354e-23
21699559295938197e-25,0.304462621865959,596829800804522e-23,0.4611392888085001,16267854044704503e-24,4830132039570007e-24,11075640960292282e-24,0.2337248665607081,0.0006731420559708182,40397166224433484e-24
22999307270788686e-26,0.2673603350824374,43496668929299574e-26,0.4082986141951598,5549707418218695e-24,2031682784781842e-24,7836273278218092e-24,0.3050543232269352,0.019286525683983553,18572888081085476e-23
14355233763396604e-26,0.14534904517040256,3026661971209023e-25,0.506427107883827,33478581373618067e-25,889180250654656e-24,2841130077401597e-24,0.3280259366710461,0.020197625203204325,27754712077918754e-23
9579589307461073e-25,0.1701083924436285,254507602120473e-24,0.3830164225842658,1429843757933482e-24,5789957175910245e-24,4164972234475388e-23,0.3970454343954818,0.049828592232469264,11082620342392813e-22
41689291052250676e-26,0.08089671815351628,11531886868120616e-25,0.24031168841646317,5549725720483772e-24,201482520442635e-23,18469598380862978e-24,0.6148524005229534,0.06393856155761313,6037452004773089e-22
1520397567947655e-22,0.0005792760183265006,23512421184775042e-23,0.25405629348734105,2129860721163053e-21,2891155680779505e-22,12061771446009856e-22,0.7446316259027604,1629678567903976e-20,0.0007124954880044546
24726547927227316e-23,4577228694094839e-20,37907474051013206e-23,0.2978153792329204,10779164222919085e-22,3846512882469472e-22,9502040168114621e-22,0.7000826396225063,0.0018384853459786875,0.00021468439998650248
15832966189578755e-24,4091339259844287e-20,17236203428967834e-24,0.2928190756957309,17602965308663057e-23,15077536031719802e-23,27642610668789547e-23,0.6892560295532869,0.01761096138246324,0.0002723836765419415
40683535965196534e-24,3442754406223123e-20,29734585186009287e-24,0.4230068118997877,16937726035679284e-23,10388057558813235e-22,17971874540203169e-22,0.5246059593287145,0.05220797027868792,0.00014175516037274463
29746759782159227e-24,21763740376719732e-23,4192338882814899e-23,0.49407301524807756,7898300343350998e-23,6271051195397283e-23,13669221285436218e-23,0.5055820343270047,0.0003395659101564792,4816822960618237e-21
32882545591953245e-24,11467049106030622e-22,351591118402265e-21,0.4303197559772732,10328475015950128e-22,5272576325876357e-22,17882227367616037e-22,0.4566813179221163,0.11299362192501455,4246689948946928e-22
4762906898798387e-24,8177242971431702e-22,7647705041115214e-23,0.4055750577145589,15800187211921327e-23,34200212362921704e-23,1527814655124845e-21,0.4646300249642898,0.12977689470397347,15095834435095372e-21
17543615006137116e-24,4357109848708908e-22,20877489530232583e-25,0.501887306736936,5263303444230267e-24,11700352530726965e-23,536081464121571e-21,0.34301847764364085,0.15509172349489259,13784341869178196e-22
2140575962997225e-24,6650681633490417e-22,4351074964143897e-23,0.4145598911592189,488008207816935e-22,1465833108747583e-22,9029892167042646e-22,0.45250671909335605,0.13293015249249585,1428163394871397e-21
34219984873963287e-25,16817412106590095e-22,15423763204523547e-23,0.27024017773987413,23917242452364307e-23,3203100815132095e-22,3396901190979048e-21,0.5118411152934318,0.21791114836056763,17628215924030605e-22
14644626392786783e-24,9991045068947098e-23,3605917935411427e-23,0.1603697865934775,4145783265746237e-23,6870544036441159e-23,448537388616244e-19,0.4672616550739531,0.3723227711213752,6726949029603381e-22
20837385891297175e-24,4970757647482395e-22,52081271891856156e-24,0.09417416086043325,6957144290557348e-23,6173319841410753e-23,0.00013605358246447682,0.44179756885372606,0.4638913083817517,20702329410624416e-23
6942612674915728e-25,21685722185564346e-23,21751300730939167e-25,0.08652639237167871,2246385632832885e-24,2589087348577562e-24,475742544646251e-20,0.4644002896390186,0.4490682823381616,53663599053493325e-24
16291616402090937e-26,8089306525034536e-23,5032313880421705e-25,0.018421045328949892,6014909253557976e-25,8333562142883854e-25,24547039947282e-20,0.48606801759137436,0.4955106052528817,33616434245481516e-25
4351355343645997e-24,6716317651196562e-23,10746487029580932e-24,4907729240653919e-21,14659706696047692e-24,1220666241383575e-23,785097360326065e-22,0.4665224668976538,0.5334724168915972,20842093713821424e-24
58581784463955076e-24,1648976330971997e-20,1740630921175002e-22,0.0001074994716836581,20463495933678855e-23,23156891345562239e-23,0.0002765154706657727,0.37108656524467853,0.6285118058394081,45536204669196735e-23
6019354718993997e-24,1141407400986885e-22,14579053425710477e-24,761502186503002e-22,16293116457719432e-24,15652919335372824e-24,0.05309719537792831,0.10416035279708397,0.8427421907217373,1826785207388548e-23
3241658935293643e-24,2461473953036806e-22,920883005270125e-23,6462497766467028e-23,9400964435532917e-24,10319234350262455e-24,0.009842587121161117,5717321596171082e-22,0.9901564946020595,3601820079673761e-24
65633903194966505e-25,40378444545766864e-23,6814849061037083e-23,16173138955030197e-24,7016848764851696e-23,2348598212804288e-22,0.012604375483429959,27748028538136483e-23,0.9873943622734702,1850634048571297e-22
4535034165361346e-24,2493247504785464e-23,18290077710630393e-24,0.4172208516770088,22386248555831456e-24,1803987393936123e-23,6589431693094276e-23,4971013875993382e-23,0.5827789219992979,2253566109684681e-23
3411251930993612e-25,4486163061156797e-24,13872633102289194e-25,0.42127588786490244,14675730310962403e-25,15056636115548513e-25,59729424149458134e-25,3200605421255192e-23,0.5787240633004649,16680643982283165e-25
2602867873067135e-24,15807538462070844e-22,7890453677085459e-22,0.3735230776634331,12059546498918878e-23,8591394858872194e-22,30206455395740364e-22,40022051518062645e-22,0.6264660936004255,45374842618875246e-23
163072469419834e-23,4917431441580555e-22,21739515312035697e-23,0.36765416649209315,305882856387678e-22,30138570217894116e-23,11657226904325694e-22,5961109243255384e-22,0.632342820569471,20836180700110412e-23
