19450949120757716e-24,31962348385998745e-23,0.36253744508084573,0.12928187025668084,0.47476590101103583,22163930473136142e-23,1405168442425983e-22,1453777898360771e-22,0.0334139140423255,23018829708742342e-24
7954228757163267e-24,4834997431984255e-23,0.32868830263912535,0.1556307964082865,0.4838383273492595,3575239558418839e-23,4465195996016399e-23,22659223364674616e-24,0.031842405258676335,897880164673405e-23
13233012783919105e-25,13493959810865094e-23,0.3437790838085685,0.15348759317316155,0.4660847733861638,19008112053169137e-23,20210240224942418e-21,4544700434762658e-23,0.036627939066546926,2853426139262805e-23
1607417663337171e-25,1518931996668256e-23,0.30188800716288944,0.17760649462641087,0.48817282254797734,10806372332502787e-24,1325887788054393e-21,5191792764838509e-24,0.03233131594390975,2482784904696671e-24
14714624486354332e-25,481500696814367e-22,0.3172909072401854,0.15845014741859112,0.4940018660998655,18201711555666206e-23,34556533647595534e-23,13730749866530002e-23,0.030256447086383403,23760068234955244e-24
2621253790031599e-23,3284317743143652e-22,0.32899926868670604,0.16099007947669422,0.47669063736631123,17503579277983236e-23,10975695041412268e-23,15312036211358198e-23,0.03331920207096035,19858660445638592e-24
18032505214784303e-24,26794475588951085e-23,0.31363068048072196,0.15386421829518065,0.5048617837549589,1433872603845099e-22,7931924074109462e-23,14817907980620632e-23,0.027642635981723764,24643110546437617e-24
3060143327853629e-24,11260513290697629e-24,0.3061808766059853,0.14049384661622433,0.5310641318997212,5336118192478094e-24,957119954234664e-22,36839310397863237e-25,0.0222610181009282,7724756978667846e-24
22537420090606483e-24,5517997205694075e-22,0.310412730486414,0.1539898537472684,0.5089102228847742,42917605287744766e-24,13177436366783293e-23,6408660818550839e-23,0.026686362635802756,1715280558074116e-23
4983182225901613e-26,12319229850144504e-25,0.26664497395932857,0.2011067182491156,0.5074616188068918,4979312117934861e-25,12961220471609072e-24,4772152777747135e-25,0.024786673260019473,5071478714062477e-25
9322403390377052e-25,11100273139260693e-23,0.23047496501523945,0.24043410713501842,0.5038601887412179,9368464848062043e-23,14246855963393257e-24,5699098408301323e-23,0.025230443295312346,18958109067635225e-24
19716806717278573e-26,3638207909319713e-23,0.1837995703065362,0.24530306865169915,0.5551949318086177,1952298428925696e-24,18998535280006258e-23,16960003179941457e-25,0.015702196832077898,2188330661260645e-24
1611845480724931e-25,7451472656159707e-23,0.2097823228547836,0.246242625518717,0.5212698792369311,4668457204816952e-24,37908898280488665e-23,4795626704758644e-24,0.022704707655807982,35184373765397406e-25
476224556919111e-24,6102192855203887e-22,0.18514177636233817,0.2635151185973709,0.5299306921400768,274300495418752e-22,11219527266811228e-22,22342739543339706e-24,0.021410602084898728,28394349882836866e-24
976937680558284e-26,8297650948910542e-25,0.16147941255888584,0.2732384622820553,0.5482275524645155,21399827344258476e-26,35746665046502696e-24,15623886582529348e-26,0.01705453552434145,21377469257539787e-26
23131604774991297e-27,11273872336342799e-25,0.16117450986529272,0.26336435081575027,0.5629417685265498,2699648474799549e-25,13914537570964515e-25,1901101898399418e-25,0.012519367511770572,2785887876135941e-25
9316355502936951e-26,19696735859800337e-25,0.16949009567555634,0.2657952842406076,0.5498140851653546,7362488775094406e-25,3850354851739073e-24,6337671655661235e-25,0.014900526787916571,8473894056937842e-25
141996885357925e-23,9191692136612961e-23,0.13358069084226534,0.28706284022189926,0.5668045842965408,11800838786373883e-24,10443287002193161e-23,932198213513108e-23,0.012551652807701336,12938973865137705e-24
9864493519408297e-26,14852300958210643e-24,0.07980925612189979,0.3209157521320615,0.5909251384969427,19307640945603587e-25,5812324490610964e-23,16709983420555576e-25,0.008349773746135693,28270063245552463e-25
5264721917879008e-25,8458664195778034e-22,0.026660448919543892,0.3367544656182792,0.634910039207844,787153964142707e-23,28792067494483075e-23,591755884966729e-23,0.001673883304863492,14846584697961842e-24
1616903741828418e-25,13348610586147947e-24,0.03592093845941629,0.3422664421215131,0.6156411241862392,3052722510116964e-23,568124622482667e-21,14105819081010067e-24,0.006170791396191679,7756813623344435e-23
28705157057230206e-27,777810819958496e-23,0.06548192735356284,0.3462902658527171,0.5767261052715159,16214351302355686e-25,9331797862802016e-24,9294200068955192e-25,0.011501679967251816,18644432187733744e-25
4806653733572422e-24,36224907890084045e-23,0.02385113095843805,0.35096484608429296,0.6194723328341215,6355549233307893e-23,35701832739106545e-23,4075781259482289e-23,0.00571079225707811,69478544582603e-21
4579800785673243e-24,5893540546230075e-22,0.034881664933485865,0.37241304796575586,0.579064568501554,5239073763571598e-23,7000466411582618e-22,34161203627564883e-24,0.013639282513514654,555532770248653e-22
1347628687748988e-24,1405972097185015e-22,0.049967705899337675,0.3788794785159395,0.5528764202709067,15816771109591642e-24,5438250137593907e-23,9885252273119487e-24,0.0182761557092369,17573696542344868e-24
2391081883441885e-25,14923424073868021e-22,0.0660151785007704,0.36709836950795,0.5482521889019861,4395550816070511e-24,5009722879096948e-23,2138116733088382e-24,0.018632710663966507,32131656944236238e-25
1547801709537401e-25,2262555209697284e-23,0.024843978626913014,0.385168420285682,0.576357087913525,13204272053963802e-24,4051391101888521e-23,3656526630835196e-24,0.01363042070039535,123216247326573e-22
2332992154130946e-25,2589158040782935e-23,0.00013680778632347963,0.3723062426271502,0.6234706542966547,395168399688301e-23,21394412705760784e-24,24453767787172143e-25,0.0040862362396229005,5134922988007411e-24
465453639283996e-24,32866620253614526e-23,0.0075737000370283605,0.3758289128547142,0.6103332308008359,70799750423947475e-25,51023313880595917e-24,48094433363410454e-25,0.006263756058334137,8204978032919374e-24
3491085611587036e-25,24730516003224866e-24,4439349394846763e-22,0.35790820257050154,0.6417043102166089,4561769441160646e-24,19183085348693326e-24,32516974513609303e-25,0.0003869850297483545,6168247045061025e-24
7774086769695134e-25,5615511122517058e-23,12398132072078062e-23,0.39208793038951556,0.6065093809796455,10344063937658136e-24,36169612529274216e-24,7286305964960124e-24,0.0014024394905766161,14426247221689459e-24
25538079866028973e-25,8002416584063915e-21,10253331247187953e-21,0.4365755578264152,0.5631056708815055,42097854430101285e-24,25130292083904678e-22,28733970300596586e-24,0.0002978447935408379,8433578829170397e-23
1616430719563734e-26,5307180186695937e-22,42747632674164577e-23,0.45662036984091875,0.521888715104318,2443533807626789e-25,0.007511147639693857,16676943813483032e-26,0.013978808471354753,3220890840181231e-25
6567806679601902e-26,0.005584316487039836,0.018483329552803036,0.4551389445311399,0.48241296001165657,6258756170717383e-25,0.006746778922183589,43832567678916917e-26,0.031633668560068766,8053420214356412e-25
38165965698535855e-26,0.015076681383843353,0.009954136684490151,0.474227226182501,0.4474984474080238,4705278229976397e-24,0.014610497571711678,331962205435507e-23,0.03863299717314522,5188759042274529e-24
6975924131870718e-27,0.01082295333969253,0.1060279401839194,0.450491076780652,0.3780091625609447,1062022340714105e-24,0.0053019281716990595,9230485994327655e-25,0.0493469368758453,9519606062680484e-26
6432537668812317e-25,0.050045594972673205,0.01359949443102063,0.5063766415117944,0.3729146851080666,8811098257547033e-24,0.010542237620861199,589311788259797e-23,0.04652132286343923,8144565943230853e-24
4921893593093876e-25,0.07102414776831546,0.026340782469595096,0.5132260650860236,0.3383861922806479,53549605127785595e-25,0.00029749719215081525,4049424142966143e-24,0.05072530023123003,50748932759881295e-25
13889327923373413e-27,0.09594172927001667,0.012936978538924938,0.5395451253674699,0.29454914889447414,16894051570832355e-26,6792206442088978e-24,13362676107184895e-26,0.057027010667537056,15443481570773775e-26
1746013764117606e-26,0.11377521943710522,0.010545165742634166,0.5416488631064565,0.2757629310285674,21462395848568874e-26,2959202336154937e-24,1528240191803378e-25,0.05826781718387834,1574995983601165e-25
16244581990054473e-25,0.15908822621979427,0.003596748037620942,0.5087778902807981,0.2581003728248203,3495495958555599e-23,3372573581581797e-22,2150587800643809e-23,0.07043635227938226,15015238205771824e-24
23237449259748002e-27,0.13501937076976656,7455288564779336e-22,0.44503616286353803,0.3714017953724127,26233643637341056e-26,4721030931383334e-22,21619596723094437e-26,0.048541452565553235,29491210881699613e-26
15318218165968328e-26,0.1332046577545371,0.011883086221382871,0.43995298950822437,0.3547420979629098,16881440096047907e-25,0.010998870373589792,12682685496488643e-25,0.04921829337922352,1690291223408552e-24
33885071213387706e-25,0.10448633010444613,1220334910371001e-22,0.4356931207305001,0.39426090491163013,3080450733921808e-23,0.021066160168352176,23723629289193227e-24,0.044493273397899526,30736903436000354e-24
5948964795336678e-24,0.0994547244235121,43483216385656874e-21,0.4530471952181787,0.37541839405545135,3391788289857782e-23,0.02680912880439792,24444784485724915e-24,0.04522698152782258,28442625948751418e-24
1689631595876905e-26,0.08265794019950952,12473185469259145e-23,0.4572053629561609,0.38424950168852573,29594707428007474e-25,0.030246051571358804,7654811755880482e-25,0.04564101457147772,5392798884313057e-25
3032627700017396e-25,0.11667071546985026,24832301923142792e-24,0.4328946985916765,0.40844102293805407,29855458981181792e-25,0.004789580398363926,1910974648368266e-24,0.03720395007292607,24970912118792802e-25
30494831719832015e-25,0.12909986155873956,28483891066856314e-22,0.4586877091639459,0.3708368414877278,4045861088548447e-23,4437044311466122e-21,2126625586442311e-23,0.04136821351925292,24062757880906014e-24
15866975516200782e-26,0.1508035161377614,1042378829599394e-22,0.4419561846990141,0.36527733214836144,1631168367104045e-24,10730875592813164e-22,10729683804973795e-25,0.04196178545109978,1375617486774623e-24
26097609712763578e-24,0.1528943207693781,26131636668328563e-21,0.4956415317897298,0.3026181661882177,32083786906118045e-23,9596473751094029e-20,1612166937532189e-22,0.048723151270825237,22545852535322026e-23
13851165415816627e-24,0.16600132346779775,11149777897084751e-21,0.511262598220053,0.27129959263300224,10965379511663488e-23,17390613224898128e-21,7782401103522575e-23,0.05140761367919385,13027986633705682e-23
23519950469702812e-25,0.1555058409021305,11987885151412094e-23,0.48096163325422336,0.3217595400058303,12605388208951084e-24,5366837819907794e-23,938851825183607e-23,0.04177277411724546,13827439519749028e-24
10591189252705969e-25,0.1648200221256563,526805177373171e-20,0.4952396880289484,0.28437409661151397,28768853486920527e-24,23170801222223223e-22,13811539570056825e-24,0.055558527100480266,37362322625590706e-24
832479614637394e-23,0.1470515286633702,4356143229257867e-22,0.5308621898472736,0.26065444074769745,28002333263955486e-24,11122592460629856e-23,22188610542798862e-24,0.061431207416852034,27970871110333567e-24
1304933670346317e-22,0.15340233878679568,14233543013992053e-22,0.5914262703765002,0.18736914984234843,10968675945083835e-23,24245403512298625e-22,59318839182653094e-24,0.0677979806624192,1129383299475112e-22
15348286375955443e-24,0.14905153609018582,1151744952448238e-20,0.5655557457293439,0.2249302726356617,1587876673232257e-23,7309180329898414e-23,15035678113055115e-24,0.06045079033457488,18406211311998042e-24
19729137958601634e-24,0.1564784071311284,10872643545519616e-21,0.5831788268921791,0.1952255113609213,5346466530363793e-22,22148451736069402e-23,3217629997610543e-22,0.06510517278195084,11156708940153457e-23
32795416697239436e-24,0.13825936444451942,11698147157405924e-23,0.6033160263794661,0.18479132873821866,10461089658354006e-24,4098421779207191e-23,7877532128193901e-24,0.07363306230248329,9030919152034338e-24
1962470500359892e-23,0.16046045412775434,8276676174455437e-20,0.6388126355941462,0.1267061052493084,11872008400490386e-23,1334168694173004e-21,7818503231551863e-23,0.07393636553257367,12203595554393459e-23
13848684230517183e-24,0.16444837709219476,0.00011311030256991313,0.6565571011228608,0.0989683465808709,18410256149712742e-24,5926867874167435e-23,16546043913994398e-24,0.07991293757481907,1925444434943068e-23
15461848609174581e-25,0.1451171094142045,11282793540064562e-22,0.6454390213375998,0.1329249010113354,5891928686532474e-25,7853105468657928e-24,7744258830133189e-25,0.07651782819699286,996734063227228e-24
6573093645997481e-26,0.1503649770967475,12256817520398216e-21,0.6666568755740152,0.10474379836396451,8377818631983092e-26,25699770938126836e-26,7987469203306773e-26,0.07822209158197208,8527348564346418e-26
1106123659759276e-23,0.14195845148447386,0.02576603238143673,0.6426686158876418,0.11123391017689581,14234497193526893e-24,4202943526191335e-23,12887573262273428e-24,0.07837289510188364,14754750765244918e-24
8821832469234202e-24,0.12602097936205656,0.05553634650255227,0.5988151615749627,0.14447326557490167,1301904532097058e-24,18749819641177555e-24,149662107885739e-23,0.075154214958061,1657249106463381e-24
45130736160467765e-23,0.14520136191280847,0.05172025559003604,0.6328144236840973,0.08930096745471626,4163354543890097e-24,9532756393266447e-23,5149406848787431e-24,0.08096242790698562,7503890732519364e-24
8671225201198803e-23,0.10572790512985397,0.09981145915855244,0.608349657229535,0.10404883118178743,14478591991555574e-24,6575223991092219e-23,1511629983061455e-23,0.08206194476522162,2047567351206387e-23
0.0007020193049331507,0.07966350762234221,0.16495874180680786,0.6177813356897529,0.046616796530620376,4260578311191263e-23,1463204469112179e-22,3861167129870048e-23,0.09027733447172841,3703537980587787e-23
0.0006582344864984752,0.07966726392952976,0.19169531104529394,0.6255311498079259,0.0021001910682691303,21589770898403172e-24,8201282705621663e-23,21825149931463702e-24,0.10034769537351428,28857380924501185e-24
0.00036420391990692896,0.09009673542816884,0.17680842194224777,0.6247013458902528,0.008658413459126981,4057191174613457e-24,16454387170414172e-24,4238409804705409e-24,0.09937084879265039,5820555899377441e-24
27117982177643772e-24,0.09525653904810052,0.20566373901073098,0.6009644190138593,0.0007936734637460897,3879893157348524e-24,1812712951258174e-23,4064831392158439e-24,0.09732156940894074,6864157580228803e-24
5557826517925507e-23,0.08824265612939935,0.18665072530896148,0.5169421608968793,0.1271112070130154,8076766928159534e-23,14854138591976992e-23,896518020542453e-22,0.08105276553301959,11057967033289612e-23
1928313284629922e-22,0.06109477242980275,0.3479935476272592,0.49318070798877844,0.0022626492710349634,3295128193037622e-23,18920287384164293e-23,32339452017038817e-24,0.09546781149440367,6386191445418068e-23
5267393251666023e-25,0.05961479185129221,0.3421149791150773,0.5030729012884261,11284053377400697e-21,272890433755276e-24,11761720099117669e-25,28145582456174807e-26,0.09518604077546669,6597016996713454e-25
2453992927477382e-25,0.11530109317726915,0.24845760440905942,0.5209965208465942,0.025166589387933827,4024861674771785e-25,11657359839475202e-25,34942984256028076e-26,0.09007818938738434,628719567725544e-24
3566928279291537e-24,0.14208313479334259,903754799033095e-21,0.6608725609809253,0.12936765407489687,4913195540929943e-24,13860554215757034e-24,456232020189213e-23,0.06767571429759976,51952603762197765e-25
17075291277572502e-25,0.08840037349112626,19284759081618716e-23,0.6110834942000404,0.24494999431106348,10016902902863114e-24,17815597288760008e-23,7735531120696522e-24,0.055565726662951676,20871337801087078e-24
16936260129565495e-24,0.10385751099121124,2895245039554183e-20,0.5649107202011207,0.280681913075546,8437275236315156e-23,20806435590119215e-23,7431826448611475e-23,0.05052038108281495,13850728775494672e-23
6299409174258008e-25,0.07946021767734884,10701060594572553e-22,0.49481754053166355,0.3866344617925474,5248335221181454e-25,20291248377032036e-24,8970619622440369e-25,0.039086677370633705,10178652582789513e-24
5562694912111236e-25,0.09025779155958914,2053972478105345e-21,0.5232584627166871,0.34411487750363867,1468748533729219e-24,14364432599295103e-24,16723964914172512e-25,0.04236678873351007,7452369839657594e-24
5168021713348625e-23,0.14087432854515486,8087023008511302e-22,0.5847337020081032,0.21221074648368074,24659740409296104e-24,5704161028015642e-22,2597598533161248e-23,0.062179615569538924,12595913522705262e-23
3128063282331688e-23,0.20440307816057715,7451530037834049e-21,0.5492705184325144,0.17988940847803983,4070781671952202e-23,44422982829975116e-23,4124113809046141e-23,0.06642880687673754,1790626866662951e-22
1621307072587928e-23,0.22788203461501363,26286851165782437e-22,0.5881592362785999,0.09503868416791858,19886316143867158e-24,11129743118781931e-23,1831972906780311e-23,0.08891721259808792,3793871919339503e-23
3233016528838808e-23,0.17362438790177936,10801684636150725e-23,0.5973280803936237,0.1507594871372621,5978800833383766e-24,8796731216706279e-24,44589703023828e-22,0.07828787523361369,9752187890654856e-24
1111141432869979e-24,0.08571853810833979,22434015195487964e-23,0.5444599621582181,0.31758637139698187,5254818137644251e-24,12957420606954014e-22,29590244206290976e-25,0.05223333839342097,2605356142673275e-22
917301169608894e-23,0.017064128794502417,6221063768235917e-23,0.5171790998914532,0.43131172321320244,10223563157352742e-24,4662242036961964e-23,7878894250616897e-24,0.03444486401317715,47978945936313285e-24
6535023878470281e-24,0.13627517924413118,14522478745907883e-23,0.6940133841166248,0.07392879549303558,15523701860141164e-24,8550740117268012e-22,13522087701316307e-24,0.09578155517049382,5009609962844277e-23
2507507206171394e-24,0.15997090221000623,10217605203999788e-23,0.7179968040291158,0.01772568309099581,1455962989421376e-23,716134900218915e-20,12365835833622024e-24,0.10429929274253423,24970437574408288e-24
8996445463373681e-25,0.14221991918157997,393713271475559e-22,0.6679635989558816,0.07236581981466218,25291777558356507e-25,0.015157231945247035,2196074809949571e-24,0.10229337016760665,1493882719473196e-23
24287197658619304e-25,0.16555376882599018,1205961262096137e-22,0.6633024569139852,0.06750327725196549,14146991047857869e-24,0.0010233452340227783,12623514636044422e-24,0.10261694644400861,5553550630309607e-23
11792776591338524e-25,0.18310920666023045,192418409646311e-22,0.700988964502791,6350514300966401e-21,2911056270667131e-24,5606525246711894e-22,4807397008766856e-24,0.11589486613652641,233966655630799e-22
3883874943952519e-24,0.13051797124213355,46685786448285335e-24,0.7493540188448046,7769078991602448e-23,10988907547246343e-24,0.0033265737962900385,10969687001905135e-24,0.11680125561742408,302817127063748e-22
783625999225772e-23,0.11460104333465553,7853932549351098e-23,0.770357605564565,17271403034088044e-23,2062394776662937e-23,12370271919659086e-22,1821202624190815e-23,0.11503977732566248,38822345158067e-21
1686155744030725e-24,0.09981045263747472,34823990822342345e-24,0.7844899486395707,11151315497793884e-22,455954644164448e-23,2193026391400366e-22,350115741146825e-23,0.11569821456391942,5154005045993763e-24
5015173283641078e-23,0.08526257914538572,16320112780464346e-22,0.7958430797905143,8266399594758597e-21,18296674475905653e-23,11854278431094976e-22,10578082196140341e-23,0.11888254662070184,37170538286889213e-23
20840378090130034e-24,0.09410771222088347,5210167702260389e-22,0.7833429482755568,1826036494761474e-20,7435961991297706e-23,32927955894915233e-23,39224377722148506e-24,0.12253000584397034,8857393957740338e-23
1842960347159197e-23,0.11304249657427883,3291870593370262e-22,0.7637995105131583,45371206510285736e-23,32948070192542614e-24,17919427936854117e-23,23466283155567385e-24,0.12315687622453678,7975069108245898e-23
43900804540291305e-26,0.14548776032812685,910557319290455e-22,0.7329193844769034,27412560413671077e-23,59985285440676425e-25,23261172568993106e-24,3553467249277614e-24,0.12159243938682915,17374687796075827e-24
12672654406905342e-25,0.17266058462656958,4794054490041733e-22,0.704682412741539,4685259418439975e-22,6381106388649337e-23,3450869703868003e-23,54902707164387126e-24,0.1226557522638915,14795317497618747e-23
14898136038287732e-26,0.16533982905958305,17342709078041905e-24,0.7107994909827634,15107292683951138e-24,14225380288937173e-25,21797090732276783e-24,7809123890612588e-25,0.12386061627039409,7087734606852647e-24
13308082682674473e-26,0.16655947430473667,22741776647194426e-23,0.7115341848092959,3174173988657009e-22,9761026066439055e-24,141425880751922e-21,5395458525365904e-24,0.12190559411502337,452203088251868e-22
38610470771773895e-25,0.1605800713254329,14269057585625402e-23,0.7164344704187952,12923009754826088e-23,1672351677184127e-23,4448421692645708e-23,12901589552718477e-24,0.12298506217886335,46187563074221546e-24
33141786992433856e-25,0.11555255696630948,13434532583875748e-24,0.7596737090423181,12224338889124176e-24,6915833624751621e-24,9802652621163036e-24,5415799621382477e-24,0.12477366804415689,14839879631958716e-24
7531789032196122e-24,0.09569325066318886,325799532755664e-22,0.7744911785289077,1671752193883573e-23,18506135541663296e-24,2256102459039741e-23,13703747171133036e-24,0.12981544540266252,13805078533613887e-24
6395019493181893e-24,0.12166157181008942,2624977931450497e-22,0.7493177576576635,34495622651652546e-23,3875124485644074e-23,10488570944739615e-23,12263653480537923e-24,0.12901967395305688,22682955047892723e-23
4237218080158476e-24,0.1259787391551783,3505699900163774e-21,0.7413210900051342,6748755437655402e-22,30490880977187287e-23,1007979364552591e-21,20480624776392947e-23,0.1326867980590049,7670274603549285e-21
2530250203124391e-24,0.135313681508019,16530751049043187e-23,0.7363887872766317,7872411866766714e-23,22087690973429274e-24,7306657337681997e-23,9061199815155135e-24,0.12829633913884578,8412991589000862e-22
6165394838438286e-24,0.14238121884811286,7660026645013383e-23,0.7265598389706694,12940769936412476e-23,24461756294860152e-24,348793328879039e-22,1796695086428375e-23,0.1310571732132862,14794865007706176e-22
16835628593295087e-25,0.1522425065377576,15135259729808884e-24,0.7329439232920014,1987178855452474e-23,5708441844909121e-24,11122022789782365e-24,4742560580240081e-24,0.11481295051876365,5613878380495455e-22
8217650799651953e-24,0.11771628454299245,5333032040046858e-23,0.7674207678124855,17560548781709365e-23,8561334662241767e-24,36686115186633634e-24,5866455512558007e-24,0.1148619328305848,7265465736282422e-22
48322805714699434e-25,0.08783926597813471,3014355834236228e-23,0.8053883321485688,39949804834741044e-24,993560199236135e-23,4362458540792708e-23,6250076152146702e-24,0.10677162263332121,6445040382945602e-22
6695326752260177e-24,0.10270317488428189,1525401326780318e-23,0.8031272207934959,20120882427558807e-24,5144106254848952e-24,10415289538905618e-24,4591149118422259e-24,0.09416951946991717,22631533684758012e-24
234481789548421e-24,0.062481358088590074,8498563671027775e-23,0.8351175107926493,10720626658436661e-23,14624095794043373e-24,12946715808547832e-23,65707987387761915e-25,0.10239866414632261,2123883999713545e-21
42991632893400044e-26,0.057680094705944,7387395227388173e-24,0.8332263565086988,6804895652143592e-24,1907200288779066e-24,47503122956268746e-25,18051089050519395e-25,0.10909338648599515,13921382188057382e-23
9795020641417394e-26,0.06491987707350236,605295903460889e-22,0.8156842773297499,2531137700495194e-23,8839811467805556e-24,10421772033118022e-23,6916616609122509e-24,0.11939474744979121,8922338945025272e-22
6314091585427514e-24,0.058003610153342135,2767901247845812e-23,0.8151568724972728,18398128136471392e-24,3632026464197125e-24,1586892311770321e-23,33732505536872125e-25,0.12683943074009862,1134385159995081e-23
7499006028111389e-24,0.08008081440149498,13339716826840427e-22,0.7962735590260975,10301146689440755e-22,26130824131021203e-23,30272628745769904e-22,20491011909626972e-23,0.1236374466929733,23148128452116263e-22
8122600373987884e-24,0.041598877461036944,1076891680370709e-22,0.8202058982462254,8287622865802783e-23,21908850348140666e-24,8471321327928377e-22,18820399383006803e-24,0.13819377549852593,3622390975697889e-22
4422965393057962e-24,228947345409131e-19,11835745753175457e-24,0.8569489724664681,13357702599646432e-24,4348123046270424e-24,10921628310345142e-24,4271109777131843e-24,0.1430280691689748,14470301490866818e-24
5618452963120453e-23,0.009587825001143028,17981099368681282e-23,0.8510086506896973,15209469368800162e-23,46097016101675205e-24,1287233403172448e-22,530900580065632e-22,0.13940271010981664,19819848776999515e-23
6350749262974066e-23,810423515122794e-21,5708462950967107e-23,0.8766091880369822,5933468575530114e-23,3199583813889834e-23,49437027488972467e-24,39399599720862695e-24,0.12338962657594116,742042270671969e-22
30283095258465607e-25,6582142301479942e-21,1865737728526763e-23,0.8804395004233626,12681013692940782e-24,4809724560119971e-24,16943245892635828e-24,41637589743639475e-25,0.11955381735509109,39796269097005414e-24
25186387689982083e-24,8008488703125037e-23,31350168805573146e-24,0.8868668039048386,4091876324484242e-23,14944218011267363e-24,1550620120071665e-23,23938015963497586e-24,0.11313294810053846,15997528730048278e-24
28594487650382106e-24,3613811698579544e-22,1842065657058953e-21,0.884766180703089,2291683384600154e-21,6001492379136802e-22,8145208420203359e-22,6166851856704203e-22,0.11522536492660415,18993465725885466e-22
23214285491106785e-25,1540772723934515e-20,1855674516848561e-23,0.8828785221499872,14522386262231109e-24,7231529918481098e-24,12319509394570821e-24,6694117157075612e-24,0.11710597062250291,3785015654088853e-23
3732720268426815e-24,45551877641415574e-21,9168103281232764e-24,0.8804725567379195,8430283602570041e-24,3751333898138096e-24,5783896451219691e-24,4291179654060237e-24,0.11948184281316673,13413776364906818e-24
5941009029011127e-23,3172046587937975e-20,8597255877788653e-23,0.8693002901867134,7323403527749355e-23,55486489664666064e-24,6664723703419885e-23,65832119207316e-21,0.13066746770113988,11506380291165216e-23
2250784085334793e-23,0.011337342392282354,5544682904262153e-23,0.8485370930020486,7706227696400146e-23,24729786840431796e-24,3323812745613828e-23,3346027822347056e-23,0.1401252569988022,6116166568876046e-23
63660958042743934e-25,0.02030049123392803,10807027622637593e-24,0.8388876361368657,17724383480884023e-24,70788717933208215e-25,8732385293481764e-24,7920643588603866e-24,0.1408118000966801,13903000888132062e-24
6759665044727055e-25,0.004814429630352605,19249513497101076e-25,0.8430650874724697,31772302680953256e-25,15860201202515907e-25,17253696217313763e-25,17543155836350239e-25,0.15212046968184229,2373245784516241e-24
23957973127300134e-26,0.03305089600585418,9254453384896196e-25,0.8091147735615198,4122409754163793e-24,7205922914739243e-25,10637102897967006e-25,6177220073705638e-25,0.15783432126868072,14744953357477471e-25
21838171662119212e-26,0.03406890105504356,7000709028887593e-25,0.8063705047534399,29676245977806835e-25,5380138389330215e-25,8438117041192226e-25,4672018194427141e-25,0.15956058723919442,1217218064420629e-24
8670824770329177e-27,0.019486476925326162,2604213093823109e-25,0.8170452868821143,14388485285502486e-25,5345553900145478e-25,9473419572725055e-25,4478061094334227e-25,0.16346823152753562,1026880896660331e-24
21810313252212385e-26,0.06155810311167192,5014914111065455e-25,0.7835899626659736,1469155068394738e-24,4221063163704806e-25,6358597797589262e-25,6810944075569138e-25,0.154851929213608,108093135404089e-23
6880738530052847e-26,0.0494930338972622,1365838895651236e-23,0.8009429380223329,9391207875187952e-23,17068521545258082e-24,29778254369396735e-24,7142641704890961e-23,0.14956373257108954,6959686688870489e-23
5717633345138493e-25,0.0471632059725817,14403506346617654e-25,0.7920314077119862,4693910406894446e-24,12336446445766717e-25,21787583852384515e-25,1921102273810856e-24,0.16080537019445648,4081389015283388e-24
9916804994155456e-23,0.06838553535617366,22844360566562597e-23,0.7706111548515185,10590783379358334e-22,29606898703397873e-23,16758178954781185e-22,20482123371769963e-22,0.16099581800520876,20849978854777827e-22
4282421401144475e-24,0.1035725466373481,1033983065633064e-23,0.7352890899567182,13642639858880936e-24,5528002582855695e-24,7931008115789562e-24,8625719536441914e-24,0.1611383018636925,11192686348515067e-24
6414656250949339e-25,0.11318074618884391,13084400355423847e-23,0.7422741030624296,5927462220540949e-22,6806982537484378e-23,9403756861055153e-22,2437774193922801e-21,0.1445406123560041,3679413395506341e-22
4923885734853582e-23,0.17649535849360126,34189408888934823e-23,0.669598940444217,5515707312687352e-22,14326652551336926e-23,4330900103264449e-21,4534768900654133e-21,0.1538945651701109,11842528636138287e-22
17960670690818518e-25,0.15768505286368314,8417285021445334e-24,0.6775526122160097,11367163650292873e-24,3835950808681718e-24,4423002263457775e-23,17928209748241368e-24,0.16476220528108634,4206444434227927e-23
52381238919582304e-25,0.1807363214321985,38354320651914444e-24,0.6562859819800806,5131177667116097e-23,2200203194048372e-23,15269071422704996e-22,3094743234141572e-22,0.16297565459644442,8870350648264324e-23
14512549399239836e-25,0.1779338563165784,8906035674505435e-24,0.6533533950973752,847854490408306e-23,4120441162194796e-24,28688751512935584e-23,1857996770579977e-23,0.16871227220321808,1479590998670799e-22
895650864815214e-24,0.16759591290555087,4502880764546595e-24,0.6662007322269584,5032879645296628e-24,2825010910942433e-24,11001073121582505e-23,2664649640286489e-23,0.16620317219912165,3275470212300971e-23
25601453987112202e-25,0.19888897680053588,11996612265748319e-24,0.6578735200547674,11313850237331721e-24,5161783884897872e-24,6969189861259765e-23,4840642443535362e-23,0.14323728801592506,6599806415205268e-23
6350678844701085e-25,0.16592598155266977,2656933162157411e-24,0.6881828964909165,3045156832316622e-24,19565479584950845e-25,4200319211749932e-23,149769401747839e-21,0.14589089600200195,258881069195802e-22
14385893585195741e-25,0.1305149783981829,8883505444298243e-24,0.7145536514876131,10154862423864116e-24,5024309822640694e-24,1661821590995391e-22,11915253320693228e-22,0.15492989681515962,9009028172163511e-23
5700180009141955e-24,0.11070548582757542,13832788251637368e-24,0.7301264080336176,2154886685997181e-23,11304224684945495e-24,1696437420029587e-22,12331616426230701e-22,0.15916646146925054,18947810750076542e-23
3120527653500891e-25,0.14348422118683596,12247499288933964e-25,0.7065853627834746,14662752756602328e-25,8705344950654392e-25,32977495845307543e-25,11094223257684798e-21,0.14991931081318927,3821534430912065e-24
1605259966255779e-25,0.13502006957992893,39605295008771263e-26,0.740607490741,6167335146086012e-25,3743588781347673e-25,27700859000305625e-25,3485499722443391e-21,0.1243689451627353,4698153193672763e-24
56471860292855196e-25,0.15880961516840592,8524100447058217e-24,0.7085996270563261,2054037647693461e-23,5416851448471484e-24,13734875060264437e-24,17927208896509523e-21,0.13257218610538515,590597595606287e-21
7008798361389351e-25,0.17533524115344973,3157941011814851e-24,0.6801812771163499,505227044870934e-23,61841263634409255e-25,50629895940241194e-24,0.024514714471836688,0.11996854839150892,15314317697710763e-23
221034479216915e-23,0.21294365031574936,67687114538118525e-25,0.6779658468137417,1054653821814293e-23,30211676806667694e-25,8440079995383455e-23,14423061935490884e-21,0.10907508130520437,8915557949069942e-22
21942800229033936e-24,0.2592217985546315,6421916352961246e-23,0.6474888669652015,12767400660497285e-23,10064029631344634e-23,5985122060146129e-22,0.00013399413549810963,0.09315241293527333,2014420926554236e-21
19035507328277954e-25,0.3084980941294243,12896277420985025e-24,0.6009489194419954,21242833349394602e-24,9766251913166104e-24,3094096722268214e-23,16841147192582133e-23,0.09055259078178393,15048542540319983e-23
26336144917666237e-26,0.3362219010889741,1029241925552153e-24,0.5830975239190921,19956198617309226e-25,795237411642271e-24,14943486116624543e-25,8169618897091888e-20,0.08059886899529928,4229996181287537e-24
1638902801068938e-23,0.3505454267730188,487464648065689e-22,0.5820627326403153,10348584631461659e-23,31207927086108136e-24,6266642675546384e-23,5321551334070568e-21,0.067385916653017,33988660027512065e-23
28469045044051573e-25,0.3916467057165962,11062394956525513e-24,0.5487316418670148,22393602439404543e-24,69687555664942544e-25,10599374598653085e-24,20941517139263444e-21,0.059600584614955314,7241157745641951e-23
1311608587439969e-25,0.304459679215133,2761513199363547e-24,0.6099058091064521,49586347126514794e-25,20128830720269246e-25,4704965245438709e-24,0.04077230566711522,0.04486197966381201,21177814429154768e-23
2400454194791984e-23,0.32182695720550747,2931124237388638e-23,0.5484724314817636,42179232972534025e-24,1585230851379574e-23,427129874046375e-22,0.08505978862153736,0.044640644788210816,2384263165511442e-23
10427867394159792e-24,0.31277562845518186,3114823938432201e-23,0.30564846930386946,12364100698932923e-23,3004384724692775e-23,5299469684285647e-23,0.3418743087331256,0.03970128913114391,5612100498975885e-23
1109572046176403e-24,0.3046132234001172,6958812214605343e-24,0.35714331529583165,51942528672639536e-24,7776391009132451e-24,10239419098001548e-24,0.30268645933491695,0.03555689469824288,29244181372493676e-24
20787074451785145e-25,0.2752018017154045,7038808562578973e-24,0.4068756948252362,4790799207126642e-23,6629067242576948e-24,14158674975815305e-24,0.28510450732360704,0.03281780592963405,11239287005579942e-23
3398260578299459e-24,0.28740890808974384,16193599774757966e-24,0.45098867608073806,12678889071743048e-22,18308756295544715e-24,5513446643591966e-23,0.2274022131305866,0.03419849815748816,3436174557785318e-22
21021883744665637e-25,0.301500739245843,10320119849619452e-24,0.4486604441300947,4182860986626774e-23,9203573345851816e-24,43600504691850696e-24,0.20813294508051958,0.041705032645093024,7318431965977199e-22
627733931980816e-23,0.2803627423396416,673790736526107e-22,0.41365618162201684,34752537939989047e-22,43299492078753624e-24,13855211242777304e-23,0.2512508442987154,0.054720926138465846,5574839358458633e-21
8396918745596899e-25,0.20693058156243332,8011363371115445e-24,0.47494274566017985,8794407860261863e-22,2137454897600433e-24,962840940243592e-22,0.2627859284976876,0.055337359998697905,2397567602205331e-21
12732641721866262e-26,0.22192539026466465,19560742481574895e-25,0.4013622794661071,9967166392475153e-23,30329152974620366e-25,27358644421020555e-24,0.3039773998342149,0.07273403880136915,7594870155200709e-22
22826934425079634e-25,0.1738749264306864,7511324312207342e-24,0.3146639859390925,3153260996585475e-23,7597439457790794e-24,6856593430039696e-23,0.4314894844363445,0.07996752777689056,39579270426574275e-22
30372047607361324e-26,0.11249573907211918,12809786145004946e-25,0.3321923983346806,6721283687241205e-23,1346643079086441e-24,1064892306079489e-23,0.5227975568040144,0.03249924497407455,1498002197265347e-20
8582712948551379e-25,0.09677375601624522,9481019121707619e-23,0.3513920511519382,1643075654404192e-21,23327583097053577e-23,11597452151395484e-22,0.49863411895881504,0.053097920057464894,990220503750321e-19
6304876944453323e-24,0.03879211915980656,1663518391260322e-23,0.36627557781299797,45017962147362234e-24,2724464881286987e-23,43268672597701616e-24,0.5287308645603986,0.06594252935590227,0.0002587706395294534
16147837997686625e-25,0.03639213304434801,4565048170026373e-24,0.4428602824939017,11288281559370578e-24,916523616570667e-23,23442796059940956e-24,0.4340498535779683,0.0866376511492924,60029658366798576e-21
10710783026157765e-24,22772935084711673e-21,3148337415958486e-23,0.4956900027506342,7256410869339281e-23,9693440237501627e-23,6201979262142777e-22,0.4499873122990487,0.05340652770336018,0.0008925524221623918
7012749503605435e-26,454042752317458e-23,1976359590873157e-25,0.45270307413772476,4834993432857242e-25,3891330719500087e-25,21279898637830506e-25,0.4155356250754503,0.13175436122439396,69317543568725704e-22
5315018326107878e-24,35327020895665944e-23,415589239766128e-22,0.43975125697784107,11777425865147162e-23,16379171730494303e-23,9469446930901936e-22,0.4189182420216616,0.14114374735704832,0.00018512498863590608
6551621641131655e-25,5562682176116643e-23,2589831345186063e-25,0.4959068273454247,17337267727560312e-25,14389860669372987e-25,5140786340202956e-24,0.3394862527417644,0.16460681406991445,40988354731994924e-24
34484353759717724e-24,4935500932509556e-21,10676411881319227e-23,0.44198523643311105,1726860864586529e-22,16898184186396167e-23,24279592671229464e-22,0.4071201942392397,0.15088125603784647,546691324534246e-20
29380128185833716e-26,15838616996054154e-22,5780679966214245e-24,0.3496096649984797,12406252255647867e-24,38989651360414364e-24,695158495077793e-21,0.44174994908146636,0.20863781868991277,23073954492172995e-23
10543193141982302e-24,5542323868188051e-21,4057711416006236e-23,0.2874853341338284,59290363615862704e-24,5926858807538738e-23,9601538901730303e-20,0.40686014221153616,0.30555260422358765,1920412850676284e-22
22493634835670892e-24,0.012372754693686193,8428220024458166e-23,0.2449889164649543,12145908755202342e-23,8895464148709446e-23,0.004294344485044127,0.3798167492925562,0.35852672185549844,19601879445568726e-23
4542312776708247e-24,2227245021959519e-20,1546861435154194e-23,0.2449966579266643,226023902661074e-22,20520467450315992e-24,18037481287841726e-22,0.40453587183326173,0.3504432671876009,6372016690912667e-23
33258872226085083e-25,0.018745057670265717,12203693702131755e-24,0.19656609577309778,23875924761535738e-24,2463391255793027e-23,391673399891235e-20,0.4121196046593546,0.37256523785018064,23273672876837544e-24
24425112668959247e-24,0.009357765849774014,9343450599604343e-23,0.17380300712959337,13889438027571545e-23,11588809242059827e-23,11754278065355963e-21,0.41443377323072533,0.40239313388002035,1929897695206915e-22
24255888348945617e-25,0.07104718591367724,14795459057205419e-24,0.15073314330625973,1709426414382696e-23,15755292143838137e-24,0.00024224416483505348,0.32276232136221356,0.4552148809505781,17423182852754052e-23
4376885264589393e-25,0.016840612549757827,1488520332438864e-24,0.052007999146610764,18685535977205864e-25,16031863259136774e-25,0.07424215434397377,0.23034946690685035,0.6265597603046423,13501901115160514e-25
5238912319448369e-24,0.00016096487683843784,10090258060739058e-24,0.010233386334780561,12474299783222808e-24,9831547258231652e-24,0.12085630293921178,0.06842255125474397,0.8003267501250515,68352181635305404e-25
63251607291372885e-25,19956028658807645e-23,9078191419057002e-24,0.07106525909629727,11354038846090379e-24,9916650551705857e-24,0.13109239520096533,903553948485715e-22,0.7978420122343818,68786477129666534e-25
23748344817235743e-24,0.03526848195746549,12386003531483118e-23,0.4682936724946761,11655255814137706e-23,14470793933442366e-23,7684283635303084e-20,13530733159320227e-21,0.49634692066272185,1424467663472653e-22
10194678516518896e-24,15355685541592158e-22,11847720504551562e-23,0.4971112302918596,6611437112571506e-23,8449363163458826e-23,19311514625119973e-22,8563579325616326e-20,0.5027993117077568,7620754924890883e-23
1254548639295525e-25,2668542140468061e-23,15257776945182776e-25,0.46956931646806105,7532594156644859e-24,15212522385640497e-24,7908017684458323e-24,22420609495453814e-22,0.5304283759127533,6568195334773164e-24
17612124675616543e-24,23415083521344407e-23,10097478093514707e-23,0.4684295411415286,14112060883015266e-23,22705577170152066e-23,21232180771844902e-24,13359900604279144e-22,0.5315682863402822,9438227943311486e-23
70815996288609055e-25,2677317108173557e-22,10154325311704377e-23,0.48750471689700553,57504600654600544e-24,9420854057229535e-23,4295887547707802e-22,205201425511361e-21,0.5124940699918719,50250770490702396e-24
