0.0055635148240142885,23661063959113324e-26,0.47008679033787654,0.017125407480509953,0.5072242832178765,24305433122058767e-26,35684467418464106e-26,1265284826189342e-25,17922842433938474e-26,29974056092378854e-25
0.0058011383810396165,19232090723430338e-24,0.4725674367215981,0.01680148498618547,0.5048295795293828,4778051346682372e-23,12732817694367834e-23,1461660538566422e-23,16367935635982778e-24,1350566757154639e-22
0.006517948568636811,30564482588830153e-26,0.4957324247956113,0.010428604400942952,0.487321017470952,34284420267239745e-26,10161576607292088e-25,15724198850504417e-26,26598575212208944e-26,2675999657574406e-24
0.005796505792142416,3473760049936771e-23,0.4804997821755311,0.027938469126009353,0.48575557563710875,9374126057771164e-23,298602237097997e-20,1506334869369262e-23,4739970730953962e-23,6490307085621919e-21
0.006816883490064176,23625455866125906e-25,0.5049938400608576,0.011757628894436966,0.4764316099964514,15376456903152691e-25,1657687383094434e-23,9348611474833505e-25,15419648813192252e-25,14604536212460687e-24
0.007910618231080501,944981808466633e-24,0.5457583981253309,0.0058925904569486105,0.44043837609024433,8623589183368337e-25,12201437116193483e-24,41911070693957656e-26,5744890331912683e-25,20942547779629553e-25
0.007219409118860864,5408774324942473e-23,0.5339433256725358,0.05336465110227256,0.4054709142035504,902290889017169e-22,7027136232759568e-22,28890759450402007e-24,3966127682687471e-23,7843201727907838e-22
0.008400194004659191,1344806795311622e-24,0.5722377134699979,0.04366151337795675,0.37570050332103483,15350320562872417e-24,884512441571272e-23,16504348044128673e-25,415598629910122e-23,4448202313600896e-23
0.008981833178906194,33200736377316306e-26,0.589533152410084,0.043953823568730385,0.35753118621890745,41128142329328635e-26,1546953072001557e-24,1752713851190082e-25,3627266704191289e-25,17951958531969659e-25
0.00923542430697505,3093096833426508e-23,0.6080766171903222,0.09656990761514556,0.28611758332866066,7642815919367764e-23,14975541929656748e-23,16012240647267025e-24,15883084460813334e-24,17858744864311754e-23
0.008315836959090378,5842962315637959e-24,0.5873346535900442,0.11766280244920249,0.28668667012257754,33452917730198867e-25,6823998288917448e-24,28251429267482976e-25,2224747780568286e-24,15816607934898344e-24
0.007549027821475609,12178292784557546e-24,0.5681767228207009,0.10418539610908628,0.32008794524229,2617471781287689e-23,2846548827047526e-22,5121845482485854e-24,72740952385544955e-25,5726025086361169e-22
0.008170962591727523,869688881109277e-23,0.580255474191114,0.10142875686568274,0.31014470686946993,8326075268306243e-24,35939010482576506e-24,37063028253567613e-25,4817516532457401e-24,3799637804108049e-23
0.008062938927679435,1790248608276463e-23,0.5793903082499666,0.11094990187251216,0.3015967189768714,1607634600644565e-23,39003506448748114e-24,6770050197366444e-24,11859287636741246e-24,40361278069673174e-24
0.007144570159806571,12472241785400983e-26,0.5551231813715166,0.10602928013814156,0.3317029270489871,10399227424065104e-25,1198795206909685e-23,4896262457736526e-26,1649061349816128e-25,2791413042540419e-23
0.0064981803866122215,1040527172181574e-25,0.5389923269590384,0.10945203903181777,0.34505744014162676,7720805319563083e-25,4925017799384478e-24,39982018168395596e-27,14111620070725432e-26,749859328956351e-23
0.005948095993279855,10562352532254325e-24,0.5331612967211629,0.12256553818124848,0.3383249500748777,10383604350265006e-24,5116045092684082e-23,24959365798420437e-25,2971410037565869e-24,41455677926622364e-24
0.00529514661075369,36621200321126365e-26,0.5129591667006281,0.13260068368165057,0.34914500059179127,3807758265039549e-25,5893238139559886e-25,13336716146204364e-26,18116281813745178e-26,7643371989387577e-25
0.003752550723820211,5997061194880943e-25,0.47015951199747597,0.13947183453622408,0.3866160992727156,5719239000553818e-25,8879202330070552e-25,2786432461159778e-25,31100554980155236e-26,8206456722331678e-25
0.0032116524482060857,3333555524131713e-23,0.4355519578295417,0.15334117702540456,0.4078950923466184,24727058702886927e-24,2837542305739208e-23,12315187224910658e-24,11871430618003175e-24,9725374482681288e-24
0.0037873269472104482,2162578567451296e-23,0.4461819544289009,0.14714627402048755,0.40288407572644414,4604120046670711e-23,9786170947755774e-23,9330899462393632e-24,10614726632042044e-24,18340269462271585e-23
0.0032555774821558425,12697504661983942e-24,0.4342248811311103,0.16485445415440333,0.3976650278607741,7576043533205194e-24,13345981534805763e-24,6254823737655284e-24,5213063125014839e-24,14284136054968072e-24
0.0038555129487102624,16004600361016276e-24,0.45332796630199673,0.11042310820714117,0.4323922050350466,2965152773418083e-22,4471667675293723e-22,18718902232391623e-25,20748946761435866e-24,4251996205266339e-22
0.003837790717099779,10170686864255305e-25,0.4503785006813961,0.13874580281416088,0.40703776195362135,55972868299789437e-24,5614848207222038e-23,6491133869819102e-24,5674576288497288e-24,18529606412699547e-24
0.005478796835857325,199139579555884e-22,0.5010790728892914,0.11994575354133719,0.3734962549618677,27230972212493807e-24,28601291119711986e-24,9266401146130029e-24,10019894678781379e-24,26739114564040754e-24
0.005464788592163316,5413986523916133e-24,0.4846906098034308,0.11079403771323537,0.39905031392940554,6688020454226827e-23,6106111348445911e-23,4148184980245707e-24,3885243058499202e-24,10857304635890598e-23
0.004836260218488012,2221814082408504e-23,0.46691050656718996,0.109221670121926,0.4190295935518286,7424145099058126e-22,44432526080360876e-23,10367921752002592e-24,19270149301234077e-24,7309446373627496e-22
0.004369182334893015,1710742391034633e-23,0.4509237787405045,0.09728614701934873,0.4474208126246399,18331290906308856e-24,10217354805171939e-24,4929905237713461e-24,30020231012940117e-25,25692635286812235e-24
0.005340523468393507,13520474320297297e-26,0.47820682016488697,0.06714174171357834,0.44931091374225485,12657374577675e-23,22599029556002594e-26,57179201429392404e-27,681577126565299e-25,2978042335229745e-25
0.005636747531893373,3325804591949617e-23,0.48929906865057815,0.06932715956809522,0.43573673650187206,3859364365007233e-23,8378082088278792e-23,18661030974745975e-24,13509854527193412e-24,9994402600462947e-23
0.005440636419502778,23895040154041563e-24,0.468900897128584,0.09752572088320809,0.42813263165280474,73157254351240154e-25,2551758931390644e-23,13005570879168829e-24,2082720906983713e-24,42099339329423115e-24
0.004191184551184165,14274159149032327e-24,0.43937179887212335,0.16297552320970093,0.3934614029212576,672199735758182e-23,50861340829053386e-24,34657752013646963e-25,9410076380351469e-25,14181553901045701e-24
0.004673893140108492,13884556620310011e-26,0.46445618579889814,0.16129332009157318,0.3695765066716596,9120868493992134e-25,9174346989330293e-23,13563722857776543e-26,3094255802326918e-25,10587815629112147e-25
0.004453664894224156,6432987216550713e-24,0.4572260101133437,0.17187753888599228,0.36642947215587074,10607309321396052e-24,13270377971981147e-21,3591206269566908e-24,47454894773980435e-25,18195756467930853e-24
0.004722301012408787,572752946631745e-23,0.46343116801369844,0.18162425386025433,0.35022174793069966,58279341176401136e-25,5046363594556972e-22,21150811774331427e-25,14485700225581673e-25,9427465296853769e-24
0.0068059586012602325,34478692263825705e-25,0.5034157675140181,0.1536987472365132,0.335601613519143,4757941033725481e-24,0.00047789907759330114,13620689932158858e-25,13298976515163195e-25,31532503483707645e-25
0.005186673993410927,1071046372127014e-24,0.48045929852658137,0.21486470162974747,0.26684559488139303,7876958279494183e-24,0.032643719657959466,37554363198754385e-26,23550042440197674e-26,1751819372273482e-24
0.006666936586195172,9550037227811573e-25,0.5233554412111531,0.18020541591331385,0.2722402514519914,12613789009623931e-25,0.01753195134150728,301414701780569e-24,2282332802065846e-25,749773303771763e-24
0.006796552620366189,6650779866591638e-23,0.5455569780887368,0.20997793809056012,0.2338843952746484,18677707528658067e-23,0.0037838116877145674,113600226343031e-22,7730613323120923e-24,5186188952460822e-23
0.0014153688099224316,10335238624044602e-25,0.1633644608198445,0.31206084413174023,9345170001657398e-26,0.2718421162937928,0.25131719731890195,4167314918706389e-25,11021432182568206e-24,6085201877186696e-26
0.0018972639474192723,6886160655033013e-22,0.19572590386660685,0.2751378204639416,7217260805705814e-24,0.2262485234185428,0.28256199563602497,1549690911388237e-22,0.018427639353999485,25110645617254167e-25
0.001738412668433735,9827731902342603e-24,0.20947107916472713,0.23868502864705834,14415625598257205e-25,0.24998965458063738,0.29324857695062906,28843934770720813e-25,0.006867233203908406,6309316441155757e-25
0.0016033677707960033,10070891731093752e-24,0.22283713517555534,0.23270515689105936,4174598841715022e-24,0.2089275514082826,0.33392560429693985,35745777157380305e-25,11644277005784686e-22,2209731068804139e-24
0.0004574576635110964,1854743950745228e-23,0.16258277050832912,0.26392160468011605,6051885904468383e-25,0.22958999828978557,0.34344758571414125,2596620718146116e-24,5611362100217668e-22,25838064122616384e-26
806389119942669e-22,7806880694142135e-24,0.13756733222260703,0.28457151200571884,11805735376983752e-25,0.1978921039635856,0.37996895814648707,10282996176150369e-25,2411363765864131e-24,5969777547105582e-25
4087478843793264e-22,1658947423496546e-21,0.13331329846537246,0.27265947735809826,294559261595126e-22,0.19098514910920264,0.4030387874753737,1770112237976021e-22,10109774314143305e-22,2452041310912941e-24
0.000181764067218616,1070409382312354e-22,0.11539180425201508,0.25669104276734317,3395429329463389e-24,0.20811813099395846,0.4196169034304979,2475804532909844e-23,21751117230849915e-23,17875978232642858e-25
5277231865157023e-24,53198045757783536e-24,0.09776593549210048,0.2961028592927533,32607275575867316e-25,0.20440703939951357,0.4017240932951666,33293211858302565e-25,5820987743729045e-24,16335371712654516e-25
3181767753360837e-23,1525700177335081e-22,0.10892619889774696,0.29719363159127654,14668117088097555e-26,0.18353061630147033,0.4103493682133408,13844690401846641e-26,2581268901459339e-25,6577535322025134e-26
7203363140231181e-25,7209381829827616e-24,0.10568739945292835,0.297552967290992,8089693042348867e-26,0.1620559493486831,0.43470367102084007,14506438379105336e-26,4691773620519066e-24,39066833991835865e-27
2166238436844543e-21,8625235946251735e-21,0.10684847593860883,0.3012463932307146,3635648449214515e-23,0.15781943748234303,0.4340747897678569,2982084968964768e-23,28204969208092573e-24,17723186543255598e-24
0.00013361369418972462,0.000557054696494132,0.12609099859993042,0.29559565639007834,8693129734045916e-24,0.13470409602950806,0.4429185411241174,6984609911121352e-24,19571094300829704e-24,42165500808274245e-25
2307570007413285e-23,0.036898584411280196,0.10072788313282524,0.31188171800497066,5635675291549025e-23,0.11695982335391425,0.43352833642156213,5578605143701776e-23,34935365061671706e-22,25920439820202455e-24
27417974394723447e-24,0.015731467960454,0.09841709417949643,0.3203778564617188,1720662627813963e-23,0.11510946842968539,0.4503620680401675,14770773109061741e-24,19769379901503264e-22,8595214355656575e-24
3057038892032338e-24,3164961432889567e-23,0.09663584540034904,0.34790158773976504,16630091752039798e-25,0.03470449612017951,0.5207580289383619,12359267459506594e-25,33454058227692037e-25,8482765986941419e-25
19588355043302886e-24,11565058337185766e-23,0.11272225949444162,0.283764168426993,1112845392965919e-23,0.06696682196650458,0.5365465227198587,24875805743853966e-24,5117050113056654e-23,4977978532128713e-24
9969588512042873e-22,2124414655658036e-21,0.0984424298579109,0.2976189465034264,6711727389944019e-23,0.12579921798748814,0.47813592385063924,7486488215657998e-23,18914888504074205e-23,29295071418762466e-24
0.0015795145547125382,1307581956718265e-22,0.595333896162736,0.06539069069355528,0.3065113628054737,956156715090512e-22,5015005301223142e-23,63180486119137365e-25,0.031184251815057247,11265042608417015e-25
0.0021308281991332806,5110270887619586e-25,0.5639560192438359,0.1188186040979202,0.29007665317094866,37415172329352084e-26,2863186890963966e-25,6924338013611747e-25,0.025017892719164544,7062455781878385e-25
0.002909683811954437,18500914717577624e-26,0.6770346055823117,0.12472517601142426,0.1611831941837421,18305653295538164e-26,9631256350967717e-26,4545028035674108e-26,0.034147339863540134,3721667428536018e-26
0.0020471391811201986,3262426686044191e-25,0.5202817733107787,0.13387252656405824,0.3235719465404465,4269727116847554e-25,44990794266899014e-26,41669690833561547e-26,0.020226612484927988,29975494128996315e-26
0.0026980948814649473,8333712846353398e-24,0.5995001779997156,0.14559875047168835,0.22479433364900725,5235868515434451e-24,12014165345919548e-24,5639106041386407e-25,0.027408616460256618,3900233959509514e-25
0.0029673652430423337,7582461713541403e-24,0.6898249674781608,0.0972218586850327,0.1798054073762016,9866520902513586e-24,9783851064494184e-24,10889519883944772e-25,0.03018037225325551,6425602144551361e-25
0.00295453085605386,24536860325266996e-25,0.5624885643763977,0.07496708544009202,0.3467429641307381,11853191467579052e-25,23789519069596852e-25,9238528431560131e-25,0.012846847546025867,7081388847554384e-25
0.0031197364658489906,14476866924506194e-24,0.5086732643920686,0.1263317988718495,0.35316343788577537,6938138883466616e-24,13962230854615224e-24,5457048361122985e-24,0.00871171739870583,4151434798144176e-24
0.0030313945926463822,4620203025891863e-24,0.47610283673293796,0.10922468763647246,0.4111499443490519,25721050675682295e-25,57292084071561155e-25,2042993276836777e-24,0.0004911200418559113,1681145247272143e-24
0.0036202332772489218,2347635731693301e-24,0.6272764043395794,0.08407180466747968,0.2689272763826021,26543789200230393e-25,1133190065337536e-24,1920719854033637e-24,0.016104272895594324,38227925996641425e-26
0.0015097010929472569,30779782250217276e-24,0.20099912984444612,0.13561506315212216,0.6618758685553122,11728280832850733e-24,7206469708844685e-23,12127376621815702e-24,9767633401984761e-23,12978605483341939e-24
0.0015703073424650968,2099952215586541e-23,0.23204791471036346,0.11571546692048175,0.6506660422964891,4711047577499126e-24,6584534868817194e-23,5927899134192669e-24,16475786675879863e-23,6488513026582396e-24
0.000655964411680144,11417750728834361e-24,0.23749143586830815,0.06728494515525169,0.6945675453123296,10213682412124848e-25,836397463015367e-22,12753020667332349e-25,9181750009947817e-24,27164018505262747e-25
10997701561172823e-22,7782737316463283e-23,0.23541300611776478,0.018095113737821477,0.7464905458198585,1832509022719098e-23,6848020697855563e-23,19144445137218952e-24,26369136798801865e-24,24408142664737635e-24
7172373935955582e-23,5822050191397916e-24,0.2692118152128438,21041680316122834e-21,0.7307670303901853,2895082383157373e-24,21420641413092143e-24,36860384004697614e-25,20674373671924168e-25,5101259065293894e-24
5491207690934172e-24,8742007358712174e-24,0.2942229257858778,0.00021374619990145938,0.7055632803493325,3731762718315872e-24,10906470741187797e-24,4239257159996116e-24,8253936891132187e-24,6301337714208388e-24
25459121511363004e-26,4569433972952875e-24,0.20339442120201923,0.009624680097937743,0.7869808331024313,12949630884939257e-25,4675794135214696e-23,16533923931941632e-25,8380005183182764e-24,26874400048979833e-25
222993890791688e-23,23931886802390068e-24,8767545300722055e-21,0.09993504402663993,0.9000561194103077,4411758997854188e-24,21333191746420866e-24,45298976866432156e-25,54355096933042665e-25,7145557738005512e-24
2602542419932356e-25,17998412395700557e-25,611823200622452e-22,0.10934877252994576,0.8906511606478866,4731889664291869e-25,15146571996504704e-25,4810662378547423e-25,44133788216984903e-26,6695144750274432e-25
25413497053768868e-27,37497042412631186e-26,0.473418350800119,6364242144330639e-25,0.5100236279311896,141544498399883e-24,0.01655801967958945,12510293295296332e-26,5073414901338245e-26,23508070950537855e-26
4315393653581961e-27,6832350212011631e-26,0.4463979207264588,12897976233214702e-26,0.5152304425330515,27304827214020644e-27,0.03837163642202084,25216441480758476e-27,10424718828668855e-27,54071980564033185e-27
10947173514188456e-26,17841921408295718e-25,0.4418060827911435,3642225564679611e-24,0.5285031728485816,7258669719158755e-25,0.02969073548565184,7043200296000394e-25,30292852388844374e-26,16055002304360556e-25
42857655880502445e-26,5926105463204486e-24,0.43340274857358885,3780112636523296e-24,0.4398580628272915,8100152710137142e-25,0.12673916748515549,11564985841752158e-25,4175606149462794e-25,8595148377378512e-24
6077522531386735e-24,9375891255275955e-23,0.42010247524471,20194369667525206e-24,0.39672725727168184,3378551143802406e-23,0.18316979570125685,23046804650261686e-24,9655261539393798e-24,28526421275146067e-23
10003776084409273e-24,6239299107305913e-23,22582727044736008e-21,0.036917523804891064,0.9586798180537053,14347105513661824e-24,53073553419994506e-24,15847513053549086e-24,0.004379870080593068,49668542827377196e-24
4525613171237078e-26,1313934590902779e-25,3341963121674899e-23,0.09278049302413727,0.9072193703854935,13079886135082982e-26,38588916907253777e-26,12514445480403715e-26,5543047002680401e-23,469302095371191e-22
662325872071333e-23,44457528865806475e-24,20672391577321075e-23,0.051037572074011585,0.9489613544611004,20378266312326883e-24,5140865760366186e-23,16775740405093683e-24,1753019205991834e-22,5517964065018391e-22
2059639747298949e-24,7964479770596262e-24,22827958229541344e-24,6593541559818991e-20,0.9999339804591107,54486009991553004e-25,10455621713179194e-24,4596946843547628e-24,992730961382236e-23,2084521922219731e-23
27390652551434322e-24,6463196893525864e-23,15639654269605435e-23,0.08605443578387839,0.9081204183499502,3673608667902614e-23,1576221649846431e-22,4025636893048752e-23,0.005824561246679794,10157243261990884e-23
37723510044569243e-26,14159530666108041e-25,70751826922931185e-25,0.0978147480417203,0.8985202413626443,683817175727893e-24,6000465929074189e-24,7665488828444104e-25,0.0036649755301744824,18741435243897124e-24
6097464770040754e-25,26208285572425402e-24,512371792549222e-21,0.08549919114334448,0.9047427970793647,11011346746728174e-24,1754651106544648e-21,2443695617165811e-23,0.00975519002132321,4924667339603966e-22
2473778084813804e-25,1111136441939343e-24,31918307294889267e-25,0.04212285116126774,0.9571218546108528,5632000012365961e-25,6409881543342644e-24,5973376794797037e-25,0.0007552790835213985,3029698198055134e-24
48730451451014905e-25,3764955498592076e-23,10691486242616094e-23,0.0757742729715505,0.915375231141209,1825889667753369e-23,43967414194665986e-23,19242382319138904e-24,0.008849705235809795,1640972652713784e-22
2096776730748407e-24,7475858455705797e-24,23923728097981918e-24,0.2918758182265103,0.6376275447575847,24434463555135905e-25,0.021041216477272185,3140120492299313e-24,0.049455346701393475,34757533958335174e-24
10789042203403441e-25,8808781626832807e-23,5788132111965869e-22,0.2428712317913939,0.7259884784474386,6990695085938083e-24,3501418193990653e-23,30193776033550135e-24,0.031139320769558568,22881385684109287e-23
28421080776248057e-24,13166471495664502e-23,2503680153857911e-22,0.17914806211062173,0.4115888083289848,0.40926202934820394,4584058416826554e-22,7288100260528796e-24,22767450450812607e-25,22178802592462308e-23
7530850238404211e-21,11112390833091946e-23,11982098967074439e-23,0.2605626795755749,0.37385732211703687,0.3655720297213701,6724984766958653e-23,23917978250444203e-24,1628785006569085e-23,9933469900953988e-23
11523048763806274e-21,22320571037503112e-23,12962203759473095e-23,0.2319455631076809,0.3864430209302574,0.38159932479498154,702884526959618e-22,27704431940656355e-24,19165272390966646e-24,9813284098868195e-23
7855349983294675e-21,6626923264765884e-21,10209062276142588e-22,0.20586304384477053,0.3912994710590381,0.40282138437476445,1675198862745641e-22,6623760312638273e-23,4196507310780284e-23,32181936045056437e-23
14970281224356522e-25,0.03528880352253813,9474886619121933e-23,0.15183246397452108,0.39679860731712774,0.4160798743907412,6633908368678635e-24,2591695695116745e-24,12398435987449975e-25,14408471206746593e-23
31516881215190798e-25,0.05981275405341495,21713775949615883e-23,0.23217962131450703,0.35559656829873926,0.3524095306328968,15373234578745733e-24,2459958019073632e-24,20208810400568714e-25,12855649203092704e-22
6882251815223294e-22,0.06258451941081268,209564516191143e-20,0.11418258585395909,0.4043567258837312,0.41886827488480666,5680411083648055e-22,7387299969065761e-23,5589911871555337e-23,44122831174298935e-22
25018307023098784e-23,0.07332394028524868,8000999773074995e-21,0.09465702579936446,0.40644783474473173,0.42555690515908823,3860177447677127e-22,6227125097692488e-23,49312477810847887e-24,5545227242410459e-21
23293234797875457e-24,0.058370985708218935,5853984222060546e-21,0.10588938710943317,0.4059804103240174,0.4296943305016134,1418295145306487e-22,4595069688610538e-23,16422016099167678e-24,58804877059766e-18
0.0022273586728782,6594375501478068e-23,5307192738732883e-23,0.0015659154803526571,0.404539880789991,0.443776656955181,27151262209105174e-24,10837861560331313e-24,8192027769037621e-24,0.1478900229047581
6575882512544509e-25,0.03280119282759532,266880825261036e-23,0.42007116087895535,0.434919743241635,12934585233986531e-25,8059944419844277e-23,8059188763809525e-25,0.07466637870767696,0.03754143831929341
12099283048660877e-25,0.0782957890407441,2339702007509733e-23,0.43743570416221467,0.39127501898617234,9506291134604096e-24,4172894805807516e-22,6598638465658429e-24,0.08222387679971613,0.010769153009748114
0.009726577011728611,17933369969253658e-24,5884635409995652e-23,14057785082115192e-21,0.2671626765869903,0.3021934660547592,3784289891025867e-23,20713683361146358e-24,24173816322572414e-24,0.420903063051323
0.012033698503765936,4341432147410051e-23,13599357111727775e-23,5724954133295051e-21,0.2268799559143916,0.27270965752208287,17001110655474683e-24,16433205440783182e-24,6528892839483147e-24,0.48837074373457207
0.0046155833894057875,0.011394883201989212,7662855609308746e-23,0.32352211599233327,0.19397505877195492,6776677051899613e-24,0.12959682846589496,8898311820756818e-24,0.08626652806225946,0.25062890981261854
0.008123578655019493,8510458036081057e-21,52896886495309594e-24,0.23435595415976768,0.20752005020193584,8347681392841742e-24,0.06841657788809193,12380887938511351e-24,0.0508454692124629,0.4307297857992334
0.013598818401847412,6319052543895953e-24,2347097884506134e-24,0.2459310143064515,1582530998511873e-20,13410653494940347e-26,0.007890830349579698,2466352914298685e-25,0.0483268991137537,0.6842366034712848
0.012071513524398204,26742505913145197e-24,11554556864416637e-24,0.3338736002290928,5406494812094906e-23,388781665956539e-23,7307673049809509e-21,4936605935941765e-24,0.05238916130213616,0.6016583160923307
0.00919287196404377,22677735830734116e-23,11967006130515714e-24,0.3364506946536054,0.16232635065741677,4870449235375146e-24,33217419008265617e-23,625492743706387e-23,0.04110673787577054,0.450922762805238
0.012288963671413064,12892874283348574e-25,7453659069249688e-25,0.34428464283417437,5293981813830388e-23,2344976596858276e-25,5224550449971504e-23,3982299096979614e-25,0.049583501583503685,0.593842784059451
0.008953535139250719,2623930741869424e-22,11360930498453053e-23,2745403731187423e-22,0.3871920505582689,3739017977480477e-22,335906745147384e-21,54649947708650014e-24,17839866917886525e-24,0.6038529814613741
0.008796964528828433,9409769351742898e-22,949334389201016e-22,0.37637370481819976,3107571974452988e-22,2337658426071491e-23,0.09308706872969516,655944723303322e-22,0.08956918316098281,0.43217164312363476
0.013659000363230136,941725198055674e-23,7892588793489698e-24,0.05183911308352505,0.20335900021996572,43533238839519145e-25,0.032844628840470236,5871399035983249e-24,624841136555386e-23,0.6982982237098335
0.012571897106220795,21073025657178958e-26,1656863989678585e-25,0.07671071709325804,0.2105830511496391,10985855862378233e-26,0.0922895023141245,993364327378908e-25,8407049423578805e-26,0.607844831666772
0.010446617007967186,11102266606464609e-26,14636641259228185e-26,0.12029701148123638,0.1610171027833175,8341650820885219e-26,0.17112549479496647,10671669410689947e-26,17798289692225066e-26,0.5371137733068985
0.010617351993648452,44715808378354834e-24,51853444439724373e-24,0.10483498534105605,0.19388388599437234,30919590055715574e-24,0.13500326965475415,56057408458494026e-24,4285653932387875e-23,0.5556602806133546
0.01240301252012971,5523114359821499e-25,6458805035220889e-25,0.08923744753236562,0.1503535754539598,28259894400645847e-26,0.12897147659041713,1107117831978583e-24,5173066098487126e-25,0.6190344847980515
0.012044694790576703,319189127132471e-23,3358947678436185e-24,0.089533686408218,0.13228659505195128,1514680563241074e-24,0.13355762014066155,1567258767021091e-24,2442008426497203e-24,0.6325773915332432
0.012922098154649288,10332230334833013e-25,11800961588379212e-25,0.06802435178985826,0.11367713538274955,4346426361070935e-25,0.09793841241976022,19419412481438137e-25,9981746274995267e-25,0.7074379966648078
0.01084203392623755,664377561167553e-22,730193300715325e-22,0.10142632175397785,0.1876520399644111,25885941919553303e-24,0.1163497019593351,17562457436399298e-23,9254093352585987e-23,0.5837294688875001
0.009490847332305092,5266464826676947e-23,6281015359573601e-23,0.11396312579131895,0.21897678922542574,22525294532796303e-24,0.1184800248394585,22063024281455396e-22,13942744568133162e-23,0.539086729081494
0.007014736629784305,947767946665683e-24,11544690595962153e-25,0.13637325238850975,0.2517793426843363,44202694501249923e-26,0.10237431538294753,0.10121604779850686,4882919467123062e-24,0.4012422976886844
0.006025452817658536,8466688714048785e-23,6218859829387259e-23,0.13794838845466226,0.2491693662287282,27798728387468616e-24,0.07620777040241493,0.21648301710875087,204474549295556e-20,0.31416378558807057
0.0009336067273587993,10071582132326185e-23,3803295620446169e-22,14105187893182914e-23,0.018164615661961852,1459741939569496e-22,0.45854046839961243,0.20835987881435125,0.31400041170213683,25062268779071437e-23
0.000909334552993274,1776660185942524e-24,10467487755050522e-25,12811479210393575e-25,4171550886246661e-21,7070690644243762e-25,0.5059537254587964,0.19057032133918517,0.3025624401599882,2126161622041241e-24
0.00014052952174034266,11406361542348423e-25,9064708465184618e-24,14099312664364734e-25,0.15194696275687797,8700322883274878e-24,0.5414683034232549,13561743458732513e-23,0.3064440452023235,3163374674372096e-24
0.00019420917313653864,6301178616740394e-23,2298817103205733e-23,4352386023795362e-23,0.11738526577213734,22549790303087605e-24,0.5375607996487596,0.013588869884199283,0.331270654558502,4888884152174791e-23
4199011714591007e-23,7176422230600944e-23,17637108759330123e-24,3297265138335368e-23,0.09028200218865728,19219739591855698e-24,0.50703574970775,0.09855519107632506,0.30412683930456513,3413973158729254e-23
10551813520009044e-23,485663878239329e-20,4477832668105769e-22,0.19966086525883128,0.35619281161338195,13000258831936106e-23,0.14985697160008166,0.2942529027481613,4417305481728373e-21,26491531294024564e-21
10719630190553519e-24,20909026458805362e-25,7763778068306752e-25,12364679937842234e-25,0.031881446194690896,11144985355622167e-25,0.627689028492921,761095946738631e-23,0.34042949998715094,17756061952840678e-25
16267287059695824e-26,36486602944156437e-26,11129183295662751e-26,19148729145645235e-26,4047481764484477e-21,16067980490847646e-26,0.6528106514927746,1066266585621377e-24,0.3471852985148238,4583104940437365e-25
11460875129721682e-24,30470642925572255e-25,5481803523014947e-24,67287429313342776e-25,0.09250689387686972,73482662786108865e-25,0.5778042626726768,47381259124432746e-24,0.329688757444202,4556868888161545e-24
17593269797393752e-23,50110489976726e-22,14084709659647526e-25,4182750666936956e-24,0.017687470236447175,1499407504307314e-24,0.612740005660985,10194496452168608e-24,0.36957232165879306,4214628559458425e-24
1747503886720055e-22,1575846873252014e-22,2469102336198333e-23,7023605824369749e-23,0.04411549377830589,18881085601479528e-24,0.6009018328113147,4301795146352675e-23,0.35498211147807374,7277096504749364e-23
10957749876837263e-23,6562096002665581e-20,7304206720141887e-24,6965588979745394e-23,0.14287082970137324,33669640083547895e-25,0.5294259896858123,8371428693388435e-24,0.3276373444318205,16945169749964832e-24
0.0006782974097532217,0.0006897500784931176,31312414667404406e-24,0.05877121456294744,0.1060753297819792,975710314807002e-23,0.5714083149952689,2634230837603141e-23,0.2623769562671422,6949369901167444e-23
0.0001297910180644221,0.09796667289395314,7980748450646473e-23,0.0010200076081901975,7874313714043519e-22,22454296007345396e-24,0.5860415042950554,7794717004897505e-23,0.3148410187927701,3775170105358127e-23
0.0019504602655854362,15903853570021644e-22,2987268987191944e-23,9652139969873532e-23,16099601608102702e-22,923513874831552e-23,0.6556633148429201,16831167911471565e-24,0.34238276863310557,10344921066422215e-23
0.0019511256672765547,2728727409019353e-21,9499827531585781e-24,4991892162984592e-23,4179124536243752e-22,48145400347972155e-25,0.6551965154092253,7542432560934056e-24,0.3428491072978764,3321052056534652e-23
0.003040366494117965,0.00011964636536100612,4828024977070985e-23,1570466789693018e-22,1245753069519185e-22,346915924612938e-22,0.6409912680888885,29210081428076172e-24,0.3558480762606692,24898954263241946e-23
0.0030858036839281518,57735015565979026e-24,4136271609276479e-24,0.029715538584274722,11538496207946241e-24,18009761447326312e-25,0.6582971866937687,239860851018152e-23,0.30890136940896007,24018941382509987e-24
0.0027070766458150157,0.04310292597134827,10180431142012082e-24,0.10271267846437938,57924095892412856e-22,16640776980662627e-25,0.6115126523691281,20441069757247138e-25,0.23995850429171528,35595955793748257e-23
0.0029908388409459813,0.07403855859870502,3977277166499792e-23,0.11326176392379725,40823725790095476e-22,14837758749006426e-24,0.5767318787293062,26537121821263846e-24,0.23297231660305193,4797839578250736e-22
0.0033331494089625688,0.017832004609080656,1888874878451319e-23,0.07738789211370246,17742264903613492e-22,8582870499716537e-24,0.6374686450463477,15490179156562773e-24,0.2639762000058233,2916280341015662e-22
0.003507367568017063,5364463271331307e-22,3565760340932359e-24,0.07082041227382646,5573318377714251e-23,15822204590220545e-25,0.6512975487656046,23828091009785064e-25,0.27436991357754464,4158104218723014e-21
0.003663988718006415,6965948056243334e-22,10017389758151697e-24,0.057361446752474635,5109492220440392e-23,461252989258636e-23,0.6521461159034785,8082798750045993e-24,0.28681203883328166,1563939050549902e-20
3282743202912516e-20,0.09591455060948426,8260672439431247e-24,0.7436428080953433,1170659953956541e-23,5542016951065834e-24,9815341653050303e-23,8259053376641257e-24,0.16040964459103066,37350208501409485e-24
9319757190348603e-23,0.10027911882327756,33004618049056106e-24,0.7287764577351987,4949688911303853e-23,21711760158935607e-24,49598013750504284e-21,3274908562035336e-23,0.17089438562242765,2096454295874457e-22
20874402182262896e-24,0.08168515449892803,28330358068376273e-24,0.7394728876777041,4405963967690042e-23,19211980667071785e-24,0.029669349432477572,307946523477867e-22,0.14917174745283127,7176669722154748e-22
17374565143377916e-27,0.12949670261717144,14186513466053486e-26,0.6792213524205085,18494583635653154e-26,7824566330070639e-26,0.04960334591646328,1464057591506236e-25,0.14167769264313698,9058344237217205e-22
39312693552528546e-25,0.10515627327480467,3038349273393827e-23,0.7097518011056649,6079239584975156e-23,14141571989027147e-24,0.040364455996747074,45105575920857865e-24,0.14458045155952506,0.00014686370905830174
4718488532326525e-24,0.1827283813986526,12165610893620708e-24,0.6670331883031787,13911072704489871e-24,6845750210021105e-24,9686506746328728e-20,11176280303001725e-24,0.13010149107787478,0.020040025336109143
30621776967607603e-25,0.09523688562199645,30212197171566295e-25,0.6551789934426856,3657437950657965e-24,1595847252162595e-24,0.0005143920835543413,30988655164123746e-25,0.12588876932583504,0.12318094509037081
0.00671650272416612,32427911877324634e-23,0.0001479455093628029,0.6209543249759959,12017441901561517e-23,47436726587267995e-24,0.15157344002096415,195132111942519e-21,6070331145162976e-23,0.22060703907573892
0.00797480549759778,4808544685054951e-22,51011866777069875e-21,0.5962905827256987,20294717996701343e-23,8871890835567158e-23,0.12249934836333716,2496022695229213e-22,12125045685247004e-23,0.27318310817365515
0.005751626733874745,4983525374319948e-23,3185987190760739e-21,0.7444874756980603,19337839833996722e-24,9187936453567664e-24,0.11459045241947372,25795741839301255e-24,11095874997888892e-24,0.13516714389930262
0.006131617418772506,6100879154501216e-24,10739982844526906e-24,0.7493998228240073,23069778893324517e-25,11189572882573382e-25,0.12411562137325186,2949110116039542e-24,14625876761988297e-25,0.12035291370028134
7572970567769286e-24,9613673469645498e-23,2791991174059957e-23,0.28556191032686096,48134252386608515e-24,4001129094122009e-23,1208265717520239e-20,3117900349419505e-22,7498015729206912e-24,0.7144254679527964
1854485486327134e-23,12280093247137715e-23,6146193775935795e-23,0.2945794022901295,30171646431971107e-24,53656953399584216e-24,13464584868416681e-24,16188190422092275e-23,7846704912688478e-24,0.705420127880989
38083366829911885e-23,2956853437206389e-21,1809502874450749e-22,0.27121928380185967,5806861505127409e-23,18331882759214206e-23,31902368201057628e-22,6632979160547048e-22,12353657468553507e-23,0.7287729791019827
2487663506750256e-24,13957417400879843e-24,11802420232065156e-24,0.259085109692961,22844376934513954e-24,7189093266673638e-24,14399469360686962e-24,26008753453044157e-24,60209680153003204e-25,0.7409147855969396
5664448429996982e-25,4592175154538161e-22,30100231858589106e-24,0.28227396242853164,45177823064828086e-24,18940297025317495e-24,21071344650247254e-22,852805583460157e-22,33258405193196786e-24,0.7177232578958083
15636337218026575e-25,22134131413955977e-24,56866226626458714e-25,0.2464291027520411,2977261170294378e-23,3177471682453915e-24,2715836052114819e-22,2439484213494312e-23,5672583443953287e-24,0.7535705332621797
14552290052199878e-25,11862708236626639e-23,2736273220949624e-23,0.2866170194252796,13308729358643186e-23,2691278718102985e-23,397714529657282e-22,9083791761275797e-23,9192442413822088e-24,0.7133825333287499
1415045611861993e-23,9637131996869777e-22,2048449464578429e-22,0.27915685883220137,5206536065977572e-21,32001857964362207e-23,1158087733200507e-21,8458137300180058e-22,16384209767338026e-23,0.7208342641625364
2231151251002481e-23,32441516790080554e-23,8277258817711502e-23,0.3259419873372099,5024046019298985e-22,9564728353268976e-23,15267240383319123e-22,2516202454763973e-22,11973696802025017e-23,0.6740550870304215
18839635598386674e-25,5044602576194589e-24,10053523001813119e-24,0.3597301396639611,2390631918961149e-23,21404449400666147e-25,32457003880420275e-24,22222300050803264e-24,2133258677930862e-24,0.6402697604945478
3324076920013232e-23,16563548530309287e-23,1110435276646626e-22,0.3477388139518327,7060534257267152e-23,4562977453187511e-23,20168337230886868e-23,10407946344024466e-23,10032784862486238e-24,0.6522604440976185
7828313960945142e-24,4788480699125674e-23,21421344423963334e-24,0.368888907351944,922347272775671e-23,13132043410745455e-24,8039486649250732e-23,1201601338028839e-23,6536934987950432e-24,0.6311108942098461
6128675231656525e-23,16472845251542114e-22,20542920933379488e-23,0.3380222846797331,10269903189169927e-22,18961639517052223e-24,10715049272588105e-22,12254618936820173e-22,5258444063135056e-23,0.6619724058165564
7014045250676356e-26,4629447684583956e-24,25535450077171792e-25,0.3961856459606882,3039931807258943e-24,5685090656947497e-25,15479724576563427e-23,6049859888414508e-24,3264270282958271e-24,0.6038141790666145
7856297329503578e-25,495789669086068e-22,66357661764217615e-25,0.4286466419197853,4748256253618622e-24,33846768381590177e-25,9194196128596278e-21,9067562127623748e-24,6961350672446147e-23,0.5713440200690589
28427859130976186e-25,20736422375797195e-24,7946339074477515e-24,0.3583380188669235,829359924341252e-23,4853439541014737e-24,7369971425788604e-22,12784769950179273e-24,22555155963812684e-24,0.6416611641172216
5477420746223771e-24,9495794725639768e-23,20068182245370665e-24,0.3848470630836293,16712551985515235e-24,1067767971272176e-23,7000055426309212e-22,2174475543440705e-23,771080493155926e-22,0.6151519901639998
30889136461897312e-25,17770024418833514e-24,8195672042034798e-24,0.3745741308381467,9061133330279936e-24,4774639075789326e-24,6631182532362464e-20,11087895424157296e-24,15052983795672532e-24,0.6253594883052727
27079615242124595e-26,15852476435359857e-25,6625237339936287e-25,0.4111355612638822,7217507914905234e-25,4021163688231549e-25,5682722901698396e-20,979339981803786e-24,1957369134978736e-24,0.5888076049235174
12805826310297104e-26,12809263003187172e-23,43489177052875997e-26,0.7952686623053058,34417680295356166e-26,1864519960193231e-25,17543771132981751e-25,5402094273771377e-25,0.1578306279505788,0.046900578263326026
23051963918973913e-26,0.008102560111002357,7333926072556009e-25,0.7363614550703712,5449263924057088e-25,2576039479400062e-25,477013994715789e-22,9834422783784424e-25,0.21557465621414915,0.03996127815317686
14836696999263462e-26,3449249623435412e-22,9828722569399358e-25,0.7541333161797611,5633905176554629e-25,2078880469277403e-25,197128417092536e-22,15987099921503583e-25,0.20909099217629168,0.036775323504366256
6306476745700338e-25,20367443227462108e-21,3697028544977265e-24,0.7830866928686461,25307286726401625e-25,11662828341229226e-25,3019171445120345e-23,4504087695270258e-24,0.21687796253509903,14934432464804972e-21
2187738278271776e-24,27218060697818156e-21,4067993010253649e-24,0.780023675304248,5874128547444197e-24,55000474153527135e-25,2405949234214101e-22,9334872519812848e-24,0.2199466713691594,21677067686941486e-22
24127767860384587e-24,8832981146889599e-21,11265894889543533e-23,0.7667252400880389,8572037043518056e-23,43603165357666795e-24,3034478031165989e-22,10439079695784018e-23,0.23326189607086112,3356910911043922e-21
2714335994040973e-25,0.015061142688389834,24901116455753264e-25,0.6625458569550688,13115431378863946e-25,127169628689097e-23,4444079950766818e-24,6884372974444714e-25,0.32239298732059457,25592988803127843e-25
41055109102604316e-27,0.015468759660512199,18377599419810964e-26,0.5354441743428694,11395926893509908e-26,8796365450486946e-26,7488693683090979e-24,1226618800061069e-25,0.4490870574151121,5488586092317736e-25
13176724065318065e-25,13780293292898384e-21,4588031927066202e-23,0.5381033796415481,24109801617997447e-24,548170709184901e-23,8293456633006728e-21,19754053561987302e-24,0.4618741591499492,29091601128571263e-23
7409889604774667e-26,6416385157967149e-23,6170012890267232e-24,0.5392104892052754,1887938566409599e-24,4140385794629286e-24,3794007579077603e-23,6862122500587498e-25,0.46078938533982483,10392481099022591e-24
21687025541937183e-26,11671037839153678e-23,23145113641891913e-24,0.5338997596175139,9170887520628796e-24,1695253093278816e-23,59048678768511377e-24,53790016692195e-22,0.46609996211326477,4764577404022125e-23
3700674527754518e-25,1347486837536138e-23,3203788161854214e-24,0.5241602624450922,15252377997612289e-25,25114463249821694e-25,9726025766444221e-24,17567029578409005e-25,0.475839700465232,4521501059960877e-24
17926486021187825e-26,8122490522534702e-24,22182072520187027e-25,0.5183052573790364,10698036818013546e-25,12335082133807789e-25,9005377923944764e-24,11110550677689287e-25,0.4816947165291072,31519994932980616e-25
2025147902004392e-25,7729394924240309e-24,17067484036734285e-25,0.5160245838336488,707178832154139e-24,8478817808685841e-25,4867019720572253e-24,7253652102293576e-25,0.48397539634366027,3036485849551417e-24
