21103199748257714e-23,9871208033922135e-22,0.27172735483555427,19498414938604707e-22,0.728266143349663,4539331750600907e-22,1202325193457132e-21,25818707769234366e-23,519263565181231e-21,9201114464571086e-22
4705566618088012e-23,788148338969714e-22,0.2751991663030955,15139368906791062e-23,0.7248002435013647,4019587607517094e-23,11903529624618957e-23,28383629070255578e-24,4421803662516641e-23,81098509901046e-21
416332154929932e-22,22323266629907168e-24,0.309935355429439,41273941078886204e-24,0.6900644357067128,9089111044507153e-24,5388664596762707e-23,4832194770984193e-24,15906067146721775e-24,199194268087072e-22
5429640178182555e-24,4859575875196164e-23,0.2969812020176111,7727911388713112e-23,0.7030185000565983,17259059568705274e-24,8681265088792224e-23,10501973308205233e-24,18115298734615425e-24,3393229538021171e-23
14120339105245277e-22,13676278137245615e-22,0.32755078568549423,16125896145433238e-22,0.6724394766262296,42796451384242513e-23,33363485842970936e-22,26188253328874055e-23,5003232447107654e-22,8189181754927833e-22
0.0029764129511244864,12186977069242064e-23,0.42631381329085744,2952869548098966e-22,0.5707072844105539,8606454663259347e-23,16813103802991418e-22,475767763645129e-22,12535471615759517e-23,13188433637693034e-23
0.00662045674764001,9577435074430641e-24,0.5231060643628354,25853932495629754e-24,0.4702733976545722,7025838180667875e-24,16523791013814336e-24,4395383257189675e-24,7342117055887995e-24,10516458685371e-21
0.011873548984912172,19353358485982635e-24,0.6648604605608194,1628563614026358e-23,0.32326588552967367,12471735396013255e-24,24653730731555715e-24,8018239257393907e-24,7409517242648199e-24,1673309826094693e-23
0.014503915600774797,3808862611169341e-23,0.7333016193567353,41118447183786004e-24,0.252194239231785,22544639863916595e-24,5276561826737868e-23,15346653034909778e-24,20193853587925712e-24,3575287513681454e-23
0.02039902115804299,1761685570795555e-24,0.8931779070382704,1062965518259837e-21,0.08642193622696637,31981711971558146e-25,2634080064779373e-23,10881709496309596e-25,30098772811117484e-24,10123739249347698e-24
0.017965534390607864,14436310264433959e-25,0.8355736219559806,5925185209123489e-24,0.1464608306366975,8888243294971349e-25,18454839816672579e-25,5772568583426368e-25,962863988775755e-24,13734682917820008e-25
0.013104593066216502,21648462489978455e-24,0.7153558350350941,5283460331691921e-22,0.2715389294896179,13957767278668784e-24,3611901794400273e-23,7553787057267061e-24,19223956120076105e-24,15560051926807117e-24
0.01581695882759548,464111907638665e-23,0.784096129931864,3391342911238299e-23,0.20008685295955073,30426961277859425e-25,8191522947256241e-24,1673386617671204e-24,31386071004078063e-25,36843341171666206e-25
0.016383784478444165,4855230468801831e-24,0.8007959326293979,1790773370345057e-21,0.1828184587288626,3162486510269027e-24,9708705044373672e-24,17530058528618e-22,9796245072108606e-24,4114194955911051e-24
0.01121918211655499,6686594688316582e-25,0.6663354122791721,4896223042627942e-24,0.3224453977539867,4027006009042218e-25,7792524085524386e-25,24462417950939177e-26,3413755521572691e-25,5136837134140371e-25
0.008916947579065006,7686121711392267e-25,0.608824558544314,28506465364289306e-24,0.38225846215671205,43361492115657253e-26,9291533085547069e-25,2598571496229719e-25,2709793729475308e-25,5517624308401543e-25
0.007994678389296494,6749890227215956e-24,0.591942499964989,1723174507248678e-20,0.4000455457289793,5929855564999539e-24,13735860786438265e-24,30595497387069375e-25,5663442225031381e-24,9033126098254185e-24
0.005669570272919209,3011177803750533e-23,0.5246752100851452,735296052009673e-21,0.46965434123788563,2331566194264576e-23,3670938770203081e-23,10547647785729665e-24,12689344410909446e-24,2973414594935454e-23
1436549489734005e-23,14440223593844448e-25,0.3537954986707834,13372098627063421e-22,0.6462031424606209,12524504523032128e-25,17410787964414828e-25,6564158951287754e-25,8867339381540973e-25,13126221376003823e-25
17418711735238131e-25,24745839832894275e-25,0.3135389736659995,0.013037428021805218,0.6734235860436358,18365910358704253e-25,24863538216708704e-25,9237139825360757e-25,9780734563325645e-25,18296786486308228e-25
13817733410088284e-23,22361867414512837e-24,0.3398683202356528,0.0009460166729988116,0.6591854273509398,16419909140864784e-24,2278787203595727e-23,8871919110491243e-24,9790492354903868e-24,17326331005331992e-24
8944284294797346e-22,606128363837305e-22,0.32430152183108135,0.07806842765382051,0.5976287008151974,7401806302200767e-23,22001211507033774e-23,1404278783319367e-23,3110457268654919e-23,55481084380272265e-24
2375994340255824e-22,2030115788616105e-24,0.32754661814515496,50124730036268e-20,0.6724526252636851,2659414410061985e-24,834939889756633e-23,7560282298540403e-25,10660944923404169e-25,2883652514110265e-24
0.0005338008091251191,11270891190530796e-24,0.3570315905593815,2464103055035904e-20,0.6424098978786471,14544745432265019e-24,19397785341011792e-24,6130024136918763e-24,6831642278663714e-24,11543142384033884e-24
0.008176348402893798,10685476439579756e-26,0.5838796332782027,37710218323551165e-25,0.4079440136874686,2798334758909142e-25,20071373121818283e-26,5210631781527659e-26,8629059643326878e-26,13461523390876893e-26
0.007585482772673939,2605864379649623e-24,0.5471526696113093,1444982101055992e-23,0.4452618083407496,5564273536116401e-24,7546079835855453e-24,11842359134003182e-25,4152006415478427e-24,3774992913146759e-24
0.004394882970443366,11136844745828506e-26,0.4557814003661611,5980211820868862e-25,0.5398237155697909,9701233352130925e-26,11559659827334929e-26,426773559475168e-25,4820577474721654e-26,8072986612701361e-26
0.0010966421016551085,16889115820200588e-24,0.35688174747614565,5423836778989041e-23,0.6420214799080216,1497576362910867e-23,18413685091855182e-24,6641065034822284e-24,7085568412523167e-24,12267543718523292e-24
0.003677924705570666,5127967395729517e-24,0.43356828045172596,1730528329343996e-23,0.562753754314503,360673910665786e-23,5586419276134881e-24,20089257476841444e-25,29760097495399675e-25,3916802614305989e-24
0.004875149761679514,13342560719503747e-24,0.47209160484364776,1638332164033785e-23,0.5230331741713719,862816553522654e-23,1606976277357612e-23,4076567293213149e-24,3762137790052471e-24,8960800434342649e-24
0.005806735970613878,18569910801733064e-24,0.48434340386533714,7143830346302387e-22,0.509848904601849,44841766697289166e-24,8307472323253811e-23,1276431111862087e-23,3845154538195444e-23,4347690829355762e-23
0.004118034816424154,3357135785866411e-24,0.43493341776853744,28693643433291167e-23,0.5609482424642661,2903463736200364e-24,5905672856510775e-24,1463376321594359e-24,19197755753144118e-25,2465147038464226e-24
0.006736585448532183,8123858091857176e-23,0.5205772282250123,6273391772659436e-21,0.4726796374068371,49981905266059524e-24,4433449761199012e-23,32939186687494035e-24,5986454008503095e-24,6104722875238101e-23
0.008698929129162843,11334873750243946e-24,0.581172398445013,0.0009877595550681698,0.40914084641783094,8950200335389925e-24,28814873521150133e-24,4808852235096283e-24,4507333360680904e-24,8035890317963595e-24
0.010306162896805592,10627479010917107e-25,0.6297849674259288,0.042710030769471836,0.317198832680581,9683964237244116e-25,2706202223841456e-24,40652773326004754e-26,40726610950517246e-26,6759811588244275e-25
0.01958497417929678,15962591864412542e-24,0.8996583122432275,338801557638999e-19,0.08072271610306869,161072159423608e-22,6262374435523981e-23,633278959124425e-23,661296728903496e-23,9679386677636018e-24
0.015126416544630013,4726047280293034e-23,0.7986286333785025,0.18624002239404208,30374717957421593e-22,6627704356617731e-23,17189096622340287e-22,1764207656687316e-23,15552567737323084e-24,24571391241188133e-24
0.01978777422162795,25830516653871242e-25,0.9537163064547276,0.02649550301399058,3541766659500554e-22,63609692890575346e-25,49160424130896926e-24,10223219439072643e-25,13088978210249633e-25,1697447873209799e-24
0.015978417620239802,25281163595897382e-24,0.8645847704182372,0.11943547797744306,4096575545912386e-22,19381597423840687e-24,8581587060479774e-22,6719830523793437e-24,55688256732057885e-25,9216501979941508e-24
0.017829428634979955,2266849264153217e-24,0.5311476911329543,0.3745657243864197,1228704675002121e-24,30367067787878844e-25,0.0764571465157423,8098166422796128e-25,10538583969918142e-25,9339638851049396e-25
0.016623440752278878,6139469392666102e-23,0.5867113960857762,0.1741967355655067,12416745563182475e-24,19311011491358698e-23,0.2224679611979405,1612709015029576e-23,17542871464705172e-23,7921137903912923e-24
0.016072862510633907,8507143497379451e-24,0.658066498853105,0.031578903685751274,9287206398769844e-24,11146600577724194e-24,0.2942816960894148,3495845085440291e-24,34074045983189327e-25,301702252535327e-23
0.016001759993444106,1713617978241886e-23,0.7002395313132426,5054113304094694e-21,1220376483873921e-23,14851911768004534e-24,0.28375359273095285,5314856767700914e-24,64374823512494885e-25,591552163032713e-23
0.010797685806868426,3026064081427735e-23,0.4832320326241684,0.14668395136550924,18360019454867727e-24,3167971016438794e-23,0.3592862233675512,71081840027372935e-25,12283169761457726e-24,7144048404925196e-24
0.006105678872277354,9515959329007753e-23,0.32903703416790925,0.219903242694255,17879162508016847e-24,1087688439376795e-22,0.44495378264660496,7010239840414542e-24,2741408459702008e-23,5387024987377451e-24
0.002217696622482409,5039612530614212e-22,0.3390245596182631,0.05256770465081898,33593274049823855e-23,4395738182910575e-22,0.6061885188111463,792292176276476e-22,6594727151705394e-23,9565298802095046e-23
0.00987478873483706,980567576699117e-23,0.5088499338810067,11425866233805041e-21,7272639953217103e-24,17518317740786323e-24,0.48126380731219404,3223236249133026e-24,380205411336232e-23,25820136883063737e-25
0.009684763967509176,3687935616047347e-25,0.48300243171726026,0.04980950780851736,16720449950467876e-26,44815423311701344e-26,0.457503295361494,5497972317029068e-26,4978603622530238e-26,56322913370049096e-27
0.009133760114650842,1385406955607985e-22,0.49407463205930624,0.0026499248302572945,4951247946852715e-23,4060019673719907e-23,0.4941414015627816,17363594376589467e-24,17208438471560025e-24,18209465265511746e-24
0.006834936205504681,6851622004060199e-23,0.44018206514816693,0.0009031351850593611,3363029962711901e-23,24776764965909976e-24,0.5520797030948056,10514807046433577e-24,10609963676256686e-24,1231702170079845e-23
0.008338521089449153,38971242153256464e-26,0.47596191861906323,5820269468172929e-21,14878638085167544e-26,10510709718304394e-26,0.5156937392310552,4571783759994646e-26,46157476806441575e-27,5549989330556584e-26
0.011169869567991864,4237366128112639e-24,0.5472529686682298,17279534313149844e-22,14704221857144697e-25,6640003692650742e-25,0.44157542616227946,42600010619771734e-26,3191992919162892e-25,5313113388082798e-25
0.012915129060019171,2317002109615758e-23,0.590690850443053,33065378374985114e-22,17225851756139543e-24,15549786362910848e-24,0.3963906394421883,35688908805918774e-25,11469621139138378e-24,35327194441555244e-25
0.011077006003050019,776096978031695e-23,0.5359477316979764,0.019016682649145283,2045187709426269e-24,120983034565725e-23,0.4339585665588496,6169974296212669e-25,6560079527739866e-25,8018980620432806e-25
0.009846393757608788,19677440486895034e-23,0.47980487322448384,0.07699911325459535,6169352440483004e-24,15460298365378193e-24,0.43334937595595796,20755421964073796e-25,21105767621263425e-24,22219916484456803e-25
0.006798153705422527,36929271223574144e-24,0.46278497575459293,12871220610920219e-22,16953227016300473e-24,8424230822119666e-24,0.5304155049763443,5334920000174061e-24,4595116009951387e-24,62047195668668404e-25
0.008691983433701329,13849734798639336e-24,0.4721173376355468,0.028593852476660266,6284569763363775e-24,4616637243305808e-24,0.4905967949686708,2179110963030399e-24,20170911521244414e-25,2539733679743097e-24
0.006268649171037805,15554458960490207e-24,0.9937311993777206,1756405070717938e-23,6422189285359362e-23,3744627465143621e-24,3522311736388012e-23,1958913240808072e-24,10278409520340548e-24,29057996049278564e-25
0.006077874521421387,35614564947428287e-24,0.9938431535108935,7878365495124142e-20,7710592256737374e-23,188530381619029e-22,21268906778343876e-24,13141873706419064e-24,590353652679346e-23,16424908563949997e-24
0.0060866888059745985,19691222528959422e-24,0.9938986119753336,1462113995531068e-20,24180915919118296e-24,57286560335660685e-25,1437183437601804e-23,398621645077688e-23,4576326514211847e-24,55437760534115654e-25
0.006340352086154053,15328955142906613e-25,0.9630948343304666,0.030564806180705034,24816016526583867e-25,37829403865231955e-26,19635335991541247e-25,2542134667979306e-25,42622163348058584e-26,3657649196410494e-25
0.00631037530809323,48806058893191676e-24,0.9632714765429033,0.030417927666774206,6457076517257421e-23,14731589436239462e-24,54917462122736096e-24,10530043241973346e-24,11660237187372004e-24,15266177973836297e-24
0.006233870210874754,6369359145321109e-24,0.9937660832535639,2409258258247187e-23,3601581696665432e-24,18670480980470645e-25,7503814773215105e-24,8747011926681604e-25,5895041975819635e-25,16327920979969587e-25
0.006947725629216076,20924811063434846e-24,0.9930518547000372,3000857175068801e-22,3394049341605781e-23,18945802245598046e-25,5773559528520954e-23,16221568178743758e-25,15854173032308331e-25,188195565677036e-23
0.0066411393756192075,2228470145696707e-24,0.9933523639392632,64714191502200945e-22,5910766957513439e-24,8859931051807119e-25,13796471470271522e-24,7620318782573192e-25,5777173895569599e-25,11045303574346717e-25
0.0067038436667955234,5936698434789713e-25,0.9932954249923888,7265407003651692e-22,14738737462437869e-25,22536765435803595e-26,1868883125019049e-24,19538767628699095e-26,16326565122807634e-26,2798971633245529e-25
0.006730255047371369,179436071385871e-22,0.9932681381003086,13951961340601956e-22,10529504672195577e-23,7914813406179109e-24,4902401953360559e-23,65048401175065395e-25,1513108728542226e-23,984283002280935e-23
0.008152060313235116,18248083300442277e-25,0.9918474956308262,416794819615246e-21,18698642248470947e-24,663604740864137e-24,3609282117633158e-24,6110991819443399e-25,7426176502528923e-25,11110971570695206e-25
0.008069151372244725,2037245747814312e-25,0.9919307170942743,11290299170978776e-23,1580918283836021e-23,7823776301665933e-26,21330951102015843e-25,985664980506649e-25,1970697784930085e-25,11038590761457979e-26
0.007597180587042416,11113312851140381e-26,0.9924027925167306,5157203410274723e-24,2081483597853211e-23,23310010635144847e-27,6592743557630607e-25,2486946374985802e-26,6728497019670193e-26,39108746844897026e-27
0.007968603798765315,6074594947996728e-25,0.9920313261275852,9667996103893373e-25,6666699904096011e-23,3624121363235154e-25,11255478720072036e-26,3404594387710444e-25,3886243851644912e-25,627994447447859e-24
0.0076657784495948065,2744048994323922e-23,0.9923340685087427,1744167298693229e-23,5195132118352428e-23,19330586010161193e-25,46378429367006685e-24,19510029815146885e-25,1980216157400091e-24,3965503715423768e-24
0.00704657634059698,10044382658173903e-22,0.9929488447183076,8080318658349844e-22,34173005954405914e-23,36952104138833305e-24,2236849856290378e-21,3580501153341313e-23,3394554857843492e-23,8118852136660036e-23
0.007523785150343622,387220840970474e-22,0.9924748356468767,4529674526943364e-23,25981436979834006e-23,4867304349166446e-24,10126723139411435e-22,4563961148572869e-24,417930438550428e-23,9086774761253798e-24
0.0020930206658453213,7024311917493595e-25,0.4291339047521885,13946938413276247e-25,0.5687730711531319,11291842821640616e-26,8723154189956295e-25,10316766984915842e-26,6279588364293515e-26,18051212014806457e-26
0.0013680751177471476,263167874515175e-23,0.3434079646445529,2277599571177105e-22,0.6552237127201107,5663779354877536e-25,14608004755358272e-24,5061519836151036e-25,34138087846523943e-26,11040373863870138e-25
4227224676304179e-23,9420021900004974e-22,0.5705881791660842,6643681386521616e-23,0.4293888117158203,12898277343522422e-24,21918887243783816e-21,6584326774531983e-24,462862276424548e-23,1540838464623947e-23
7853437840723637e-25,5328331263033832e-24,0.48638067159327136,4792700847970276e-24,0.5136189272610747,13789612836460995e-25,38412593850104764e-23,11105209903624574e-25,638915900919599e-24,29848566441076874e-25
73482623129379e-22,16261054384291757e-23,0.46217403092447523,6234000679392957e-22,0.537824315455348,26177290205985433e-24,490894835978142e-21,24306542127486287e-24,9186376361826888e-24,3096969159680361e-22
253587424618387e-25,7734125815321948e-25,0.5053590452367379,1185800631395523e-24,0.22462593804182082,21290922990534327e-26,0.2700150139586124,20176400645216198e-26,25298081328521562e-27,33822319794368347e-26
42696423825360207e-26,2110237894403967e-23,0.5216484003162727,2830418147211113e-24,28625207927025217e-22,15629150344169706e-25,0.4783487058006184,8383396126899175e-25,2901298602130037e-25,4311100314607761e-24
0.0031725322055158435,0.03429665735842483,0.5024145401590994,6758914404038624e-24,0.4601160397189266,28278244413919456e-26,2144817691737806e-22,2334939332857522e-25,22804462807284264e-26,857298633115956e-23
3549063792883317e-25,0.14542310219191434,29765028088661464e-24,45718643420841507e-23,0.8398921938302096,7645115224218313e-25,0.014661682629587725,6449550541254238e-25,5778035271648545e-25,22532054785347432e-21
10834060365941166e-26,22150237121487716e-23,9717442985408459e-24,9609307964069558e-23,0.9999995421780636,7573454652096713e-25,11087814220895443e-23,5152537022857927e-25,27866875345661836e-26,1797045133780917e-23
9152808980528072e-24,27527823673303604e-23,23885627935702784e-23,4862499691345307e-22,0.9999982698601296,34387558634490895e-24,4457866198341204e-22,24915801754363833e-24,3858519690027069e-24,21165407424347266e-23
20611249152096867e-25,8929705203566518e-24,7513411514080685e-24,17212041036171515e-24,0.9943840260931581,18977667017622234e-25,0.00561592779347431,17485331993189385e-25,15275940160351974e-25,5223091871281267e-24
11435239177818103e-24,17709460491911185e-22,15684004279403845e-22,11454655845389121e-21,0.9032468829932268,43951023061256296e-24,0.09673713973366921,30888101371302306e-24,21202723742177808e-24,10757939099225586e-22
6846617818618289e-21,36466514561052895e-24,23732153644723892e-24,29198809754997558e-24,0.7846541847484053,6552631988736199e-24,0.21533883363239759,5847816165296103e-24,11109421418824643e-24,22094232957052184e-24
6666752882321651e-22,3256522652740494e-23,17776626441648604e-24,17786175225292286e-24,0.7897715205284181,4713714817453215e-24,0.21022771304789617,3778968644418173e-24,6989673779207111e-24,1613801035175388e-23
0.0001668623727349862,4905465166763176e-23,4629235077684955e-23,5784992241694372e-23,0.7937941849536854,1594542033251356e-23,0.20603869816042134,12179139840593026e-24,2388095422482189e-23,49311031290514815e-24
0.004194732297777526,36494495456863827e-26,688159194632283e-24,35427200418114754e-24,0.6269623881378655,8833040778221172e-26,0.3688425076672135,7734456964248147e-26,33015066521980664e-23,5100497523351963e-24
0.0002947639253804913,3102511416445553e-23,7833610243368089e-23,7885512888779871e-21,0.7906368377458703,13189186444587587e-24,0.20906019881860036,9082450531547398e-24,5089199845484452e-23,131472442884316e-21
0.0009197441790462507,3830663062083139e-21,27721943317246238e-22,0.5495125264000846,0.19812215906666863,4102050459856813e-21,0.2514338327368642,105779336876175e-21,8815775109167968e-23,8387724092575177e-22
0.0007092061499386377,10008197147023525e-24,36142067739514285e-25,0.8017883920432249,0.155061692211523,38425021453648316e-25,0.04244068710782621,8117669549015168e-25,6336895412874408e-25,35771947149360595e-25
0.00043766591279869324,0.00010463416638065276,6908836387866387e-23,0.8209054551371618,0.15700943387836117,9560379728622169e-23,0.02154254539724857,18470667578248118e-24,15238644964885446e-24,6710951012532134e-23
0.0008387987867758082,0.0672342253879704,43496244284663414e-24,0.5553011534950302,0.18290752006886374,10990276015376523e-23,0.1937181374924424,21277527928197305e-25,16890195509445936e-25,7552535443826683e-24
748206672284117e-23,0.515541031008196,8427640299098497e-23,0.37906697546145823,0.10538552972652479,2902550168433533e-23,6207152582863345e-21,11315701905433441e-24,8218770736629005e-24,11633290739223402e-23
8132103738764067e-24,0.5479976232371475,7702260400370128e-23,0.35481364366566714,0.09717109975613283,318143500896085e-22,1727876350222137e-20,9514213410507836e-24,8621774865589505e-24,21947235236725734e-23
4678038899446717e-26,0.652216069316135,11884008827743772e-25,0.2590987046638802,0.08867618810705101,17521048342537537e-25,902051489638131e-20,15041891493162624e-26,16173324038514768e-26,14098581575011282e-24
5553688841604186e-24,0.7117770116644935,8982734257826782e-23,0.20429183912738139,0.08393071384450802,5510614781616779e-23,10362697059770232e-23,1021839317840383e-23,8749868315127601e-24,1622811735592821e-22
939122402369764e-25,0.6373305563590674,18289531521968708e-23,0.2767560939540415,0.08591190959631739,24875105458767804e-23,8072421987354204e-23,2153888167690245e-24,21684769509237314e-25,9233037067256507e-22
0.009853555537679609,0.29078341413583064,8351976095048922e-24,0.0005959755903977556,27584839969809397e-24,0.0032104611757732067,9329651217614023e-24,19447828399351555e-25,18191220358443306e-25,0.6955565445299919
0.018688049184767474,299713627782018e-19,36672525214683635e-24,0.004134312137853781,6236909360679425e-23,17011352917909252e-24,4154909079989307e-22,10755669411160868e-24,21567367059991805e-24,0.9771471034484045
0.015126587390990475,0.15089497952482403,429200745460529e-23,3798101350509532e-23,3326296187752559e-23,1202467969466382e-24,27456449796923383e-25,8661069459583399e-25,69012238023217416e-25,0.8339783458327569
0.017943998192325828,20330724712651796e-22,55860075062241125e-24,41154375796555966e-23,1945911683755566e-23,7603326855903117e-20,17250603039514062e-22,21015192720041385e-24,36336532386209904e-22,0.9819720688749942
0.018199381410631113,11133665962616745e-24,7728262850576321e-25,18443170554367165e-25,5302129043780732e-25,21557074711719632e-24,663598277576167e-23,3031030067965109e-25,11890703339702981e-25,0.9818005746231199
0.018568377244503435,14052493339414323e-22,16211770530009426e-24,28162658779104242e-24,21396290039424806e-24,823565740512204e-23,16537353586162094e-22,7106014011617012e-24,1683154355948277e-23,0.9814284658268647
0.017490597119497558,0.008726937474595116,299656562124893e-24,5347677453368302e-25,3512551750298117e-25,14746779764092983e-26,27173287331782236e-25,14153629003340435e-26,14966979900938256e-26,0.9737824610636913
0.017179402794643295,5962371977893138e-23,2433480321508491e-24,6699149470863392e-24,27740131688824387e-25,11595341363810032e-25,7227178226904432e-23,10721174126279266e-25,1610124269493129e-24,0.9828204495683662
0.016993701516124726,27513208096522987e-24,3132497020894756e-24,3462058148231518e-23,3454270068603587e-24,18931355530240356e-25,21960195387408673e-23,16662335707820045e-25,2445841463590102e-24,0.9830060041560881
0.01819820084375969,0.0001860491530798503,20957579809702497e-25,897200245412322e-23,24745401511289854e-25,9985620620234806e-25,4831245795689667e-23,10620714016063395e-25,8039027748058992e-25,0.9816156852839154
0.017029705933174134,18876093055654415e-23,40182067194406966e-24,7618997352272271e-22,3422114900975699e-23,13425855749722637e-24,0.00027746142690014084,13976116875753544e-24,9905979390572892e-24,0.9826917702680987
0.01919621535999071,9940748289445278e-24,14965137741757652e-25,12152491614244113e-24,1444466035902545e-24,10354259384086167e-25,3920971909228846e-23,8808958788281889e-25,805160358744419e-24,0.9808037176746025
0.016783994611905537,7913160856776616e-23,42717385065821724e-24,383919853056112e-20,43111858678940473e-24,19874057632199175e-24,0.27237450451312556,30373674315403934e-24,8407476590145972e-23,0.7108373623932981
0.01995602264832552,10598081402569087e-25,1640701472525076e-25,0.034192818517730594,1562620276086301e-25,2761512699318657e-25,0.18000767898927605,10958807416238116e-26,5832767657986524e-26,0.7658434780203726
0.016245784640740446,10926222722456547e-23,36336285809226965e-24,0.15736603336456884,3084569183792086e-23,4527659882008457e-23,0.4363509535580539,21146911889127115e-24,12995543672872208e-24,0.39003697257337616
0.008605138312532491,2785814514240641e-24,16770032179526175e-25,0.307269014242826,14333704016364855e-25,1817695376497642e-24,0.6841258300958838,8991068720913694e-25,5532719945521386e-25,8182544648083207e-24
0.008492581365557694,9715117120053185e-24,712658898318708e-23,0.31267106901205205,6496432687911146e-24,7504884251449026e-24,0.678836170344757,5634433434642358e-24,32382011935590757e-25,13956197567045218e-23
0.00986711353470643,11882418193524395e-22,10346529589719553e-22,0.30705265811599025,7987288733108744e-22,2516911352206596e-22,0.6830137920202392,9956116037052279e-22,13457407157689433e-23,6203282860104556e-20
0.00859992762422777,730761880699709e-23,6667139340992959e-24,0.3126984454923086,49971653075173196e-25,18012648632309714e-25,0.6787012677490001,5885340462477673e-24,9240747643482377e-25,3315518680089611e-22
0.007354533110443735,43969655255938974e-24,32355828041759366e-24,0.32479192898294296,24671439120665555e-24,18109993258226252e-24,0.6678495453527046,2886695662695604e-23,12723826142704276e-24,3831856231943295e-21
0.006529424558157511,10154272720089971e-24,6991084782307432e-24,0.3381536944178944,563089141108268e-23,4212300507005161e-24,0.6553165689758422,7197074958274695e-24,30797614158689283e-25,27478287806006537e-23
0.005681389705007857,12999705913047288e-23,984885463719622e-22,0.34293851438299117,827712293631952e-22,6067637758197969e-23,0.651374999643768,12814636594782014e-23,4964837080792282e-23,4546550761686431e-21
0.005091432181918069,549540712395115e-21,7247129916386758e-22,0.353425207983107,7060622968601417e-22,3206046989329678e-23,0.6414592362160315,3004232629207408e-21,23467852335702253e-23,18872331496268174e-21
0.004479819976552592,11897107489134055e-24,1157192182947865e-23,0.3596652127607764,11639018956564177e-24,2853095160636412e-24,0.6358537993986357,6114201989595655e-23,55717424881235906e-25,106318898562094e-20
0.0033392721457396004,12420939895465957e-24,1050613818775491e-23,0.45590389849180063,9348899662970923e-24,1257416465234415e-24,0.5407567457809489,2423247576406415e-23,11227937884486664e-24,14587989750270909e-24
0.004999092425283501,17514008662764243e-23,1902684268368081e-23,0.15702977507566482,1935310112909205e-23,976624663599718e-23,0.6454385247146136,2785779980189748e-22,0.19253197628086344,12963725431134735e-23
0.0054753219661940085,18373333615526993e-22,8740643007977937e-23,0.2110585724929603,1236317977323706e-22,560676539811536e-22,0.6320453110090787,29290590389915566e-23,0.15141678966562538,16075209914216535e-22
0.004739881756338305,24886664627828992e-25,793885476597274e-24,0.31250427401709474,10875329445260328e-25,5748195037734616e-25,0.6096455440278356,2306755238550024e-24,0.0731102906687476,2278109984534937e-24
0.003992634753396012,27541487242002283e-23,11238858371368008e-24,0.0007843560644316389,2070290661354197e-23,816466296322485e-23,0.6717362107596241,7330574642160644e-23,0.32348637071281816,3888249686564221e-23
0.0036407225882518815,2170824739870209e-22,7924256023914378e-24,0.3293633335694481,9564896903115013e-23,3405161409018883e-24,0.6669951622533006,2760705558579466e-22,9600809567785712e-23,8544943420080774e-23
0.0019106471712960844,13230804100287008e-23,11856633401231011e-23,12451920305299451e-21,15306522692401088e-23,10378655186474402e-23,0.6637291004783321,19670368647158333e-23,0.3343469085668328,18743336594484223e-23
0.002142126473555312,30556245913245476e-25,8507446000065057e-25,14902301713285147e-22,1126744697939155e-24,7743626593544858e-25,0.6681097716596958,1535284190495898e-24,0.32974660189932803,2393828800278361e-24
0.0033425681053904414,2029436376969389e-22,8235943690682792e-23,0.432488574671693,1871289058714301e-22,23856066575642803e-24,0.5641670793654526,23149270139566986e-23,7267471274043575e-22,3233297438699969e-22
0.0028150602139568807,4044965314847696e-23,1337964462158706e-23,0.4294727510506393,17934420065024382e-24,1035373078619031e-23,0.5661480511004828,2408638314507063e-23,0.0015639883259002333,43104841876252196e-24
0.0032433775500567007,11543902500171112e-24,4107060825946628e-24,0.4253214503963716,6621543589572913e-24,16337716009199116e-25,0.5714335876543413,5262611715646915e-24,15357744215131008e-22,19455811697255127e-24
0.00370724044484065,4812153293130124e-22,12261902708516216e-24,0.39984065217235487,23536877895899967e-24,8941927435754915e-25,0.5964503345767944,8258474458142925e-24,10838291406693686e-22,16281006763984394e-23
0.0047244902131519766,15835816962458687e-24,1884532698221314e-24,0.3673885806934694,2201849974175384e-24,854485396282293e-24,0.6278868980953816,17571957807468894e-25,3855790653206763e-24,4608387740645235e-24
0.004906800863125325,447628819466377e-20,13765447782515164e-24,0.3994491298659877,15384393518138643e-24,23381148346938712e-25,0.5956391948631545,820615461609534e-23,15444697678290726e-23,2039784999953995e-22
0.005081583433396646,21475817804042497e-23,1373911461972744e-23,0.3617456360812443,14540823715606742e-24,4728709763652448e-24,0.6331716873142829,911902694740632e-23,5857179490535197e-22,25056723816336967e-23
0.004711331374872605,3621078029350064e-23,3520628521351474e-24,0.37126982422988025,37772568773772e-22,15915868269237807e-25,0.6240187110937604,28355435553449713e-25,4885951800715583e-23,36506172643324486e-24
0.006531848162679607,30317760832484317e-23,1307619412070462e-23,0.3821060881207124,12072399373713109e-24,34669907172031627e-25,0.6113609186562843,5540431683943595e-24,28521706268854307e-23,5225096363153086e-22
0.003846277709566973,29068101287786652e-24,3079916824076928e-24,0.38889202588936217,3001841419047215e-24,13253603222081076e-25,0.6072615829322745,1875797876418051e-24,1549182755067652e-23,596259379737346e-22
0.003480056202368847,9271970598276265e-22,3568281091713412e-23,0.40864666224128166,33363096064020785e-24,16724239270307432e-24,0.5878719465647998,2248351339858806e-23,5653927954482826e-23,24300267219133463e-23
0.00232479749878986,3067153668603033e-22,54100676061825474e-25,0.4591098809760102,6190982944219382e-24,29531736985500206e-25,0.538564859086368,43452932251373465e-25,14723363149154388e-24,12210058650074168e-23
0.0011404457278057162,1449117695139983e-22,193608960876263e-22,0.42025807239259777,2120138586161712e-23,11609989853949073e-24,0.5786010920704581,17971560948353284e-24,408768088028582e-22,13387646645770007e-23
0.0009220967403654928,28697631081591423e-23,32076414834913085e-24,0.422740776693598,3681546023517171e-23,13976737397782353e-24,0.5763349405362914,2363798546839951e-23,2155691445140524e-22,15769776951156803e-22
0.0017781880115638811,2745943178106877e-22,27838061604828955e-24,0.41530768923036043,3244519313626278e-23,10529273990952769e-24,0.5829113745647965,19814659777978665e-24,2428762743497536e-22,21400955022261185e-22
0.011394484331768534,23813382509911583e-23,28487599579158703e-24,0.9886030619779111,3162076061997172e-23,22055396200777687e-24,13337326657745496e-22,2782199278188376e-23,2665877194668613e-22,5052509409248646e-22
0.011443396771177426,10467001655457138e-22,5888324769983997e-23,0.9885428891694609,7137141698660087e-23,4370814494898603e-23,4731410958547794e-21,5729595546805337e-23,2301608370840103e-21,5403081100189734e-21
0.006197224120368131,10661405329370245e-23,34955101956892836e-25,0.9937987230727886,4476625309981163e-24,29770276823684232e-25,33589074854264024e-22,3825873015373669e-24,2672561029899703e-22,3052536520489148e-22
0.006002808857069858,1354593761260207e-23,1066650680466754e-24,0.9939889364862813,12384952691051933e-25,8198584778807925e-25,8125321265996534e-21,11493292270884825e-25,10384390635869214e-24,10113304622596481e-23
0.005534734531045946,9530010818804128e-22,9953677157590924e-24,0.9944305198462575,12553929801576064e-24,782507728750556e-23,21554109608523223e-21,10647298936635851e-24,15137812656003875e-22,10683750797738853e-21
0.004043066895366609,2501438708489382e-21,35003430952935396e-24,0.9959341602622495,359507818275308e-22,21202990340592376e-24,8727602577043162e-21,3099219964424987e-23,17811784598284748e-22,9639473237720702e-21
0.0031741375809074654,3020268368780712e-23,308189371488575e-23,0.996547666250711,31449831153443387e-25,17909415234494265e-25,11590727508620787e-22,2936524229008309e-24,11676736702540682e-23,0.0002768791706661097
36449435832022856e-24,4760796629112171e-24,14650514387853974e-25,0.9268717732539332,9060302806239599e-25,546432455792151e-24,0.07312457184398173,10307854200891186e-25,10233581365758737e-25,3608720292562748e-21
23634121395978232e-24,10437764393034635e-24,3774602108255557e-24,0.9178972481449316,27805397473223786e-25,1700355252264788e-24,0.08210080135202089,30558368060264143e-25,2847454171694827e-24,19022722944147472e-22
4482993735344236e-24,33025656638216387e-24,8275658321767864e-24,0.9999992179204156,13233826106032722e-25,4899148105533523e-25,40927503226674105e-23,26286601496672736e-25,2558303749061392e-25,32232014172999314e-23
2101838908833701e-24,23468995018346017e-24,5072450036092735e-24,0.9999986418782836,7303194341995134e-25,271729182865715e-24,9504354140195695e-22,14379318399996744e-25,16122514003885617e-26,3744420557763709e-22
0.007330825621276297,10304325721353914e-24,3375778815380908e-24,0.6084684742585714,5392721324323281e-24,25991668528568747e-25,9565686694194372e-22,5511107703459034e-24,4065505189584577e-24,0.3841997123032142
0.006744189387599093,24340382338258234e-24,254972907685908e-23,0.6253165768722047,3982781647641714e-24,20748942985999217e-25,54589438985714655e-24,4019343426048329e-24,32850389414379653e-25,0.36793913889925195
0.0073135361474575365,17367319495090326e-24,9930116450957513e-24,0.5795680228317671,154703181665142e-22,3150467595959576e-24,7875675591077447e-24,9986209838658931e-24,4564877454190969e-24,0.41311837267591306
2494917606880156e-20,5082850740159202e-24,16603346967143384e-25,0.4259684136940714,23350375147076785e-25,11770234564999443e-25,7588452130182426e-24,2336011804300866e-24,19724080338781833e-25,0.5740066149780302
7419942582035667e-21,4571317667271313e-22,9772825927679503e-23,0.4149063421670249,13867220815892286e-23,6560586668197897e-23,36204004968216078e-22,1334590219631996e-22,15066425365351842e-23,0.5850815742288217
9397568127977343e-24,8102710232916528e-23,17183069302496493e-25,0.3221767818324593,3339554311966988e-24,12642541447224063e-25,5190576946668781e-22,37364849283457005e-25,1381801251211352e-23,0.6778225848086223
16403004684356085e-21,2985233481198007e-23,10324469413696224e-24,0.4954252069268219,1646977474588297e-23,73155380026954565e-25,31447068177492676e-24,13404316761261782e-24,1613609109831539e-23,0.5045582651185341
283514023988101e-21,2737737858311609e-22,2817381723494364e-23,0.41407462005718715,5014988526911182e-23,25400084158394578e-24,3971416048177593e-22,38529091506843935e-24,6056668267892613e-23,0.5859242226942836
17597936436019698e-21,19668130928451233e-23,5518128697899637e-23,0.5253662934556513,6874927415720021e-23,4161774943087003e-23,24013302388980936e-23,6156985080380888e-23,11088393165378384e-23,0.4746153337895812
2237723765361506e-21,37349128147208496e-24,11996595690529776e-24,0.6476992062946437,1539616971521367e-23,8257476465467829e-24,5437072919096903e-23,14008521047461684e-24,13726469484423154e-24,0.352298400877358
0.0006382739627738846,64630099304242244e-25,27163163396376484e-25,0.6801054778209542,323540013671692e-23,1878804996639874e-24,7619616032781004e-24,30499643543869663e-25,26045712359251796e-25,0.31925622064913795
0.005245538181892416,6797882408730413e-24,26061390592515775e-25,0.7886053388298258,67298439499432434e-25,15836975929037634e-25,22418212172122364e-25,6506196379739812e-24,15991527073574802e-25,0.20614909492411762
8235253674522987e-20,805837298477369e-22,34187154029416e-21,0.6303050163942073,40882167423228944e-24,25018122434992985e-24,10282906229777046e-23,40201919979773316e-24,3904728263478405e-23,0.3696122683186903
0.0013242784861703064,37722210759413026e-24,20362975612045107e-24,0.7879606031400443,2340620142550734e-23,1467284031197316e-23,6847244857415268e-23,26724440847952977e-24,20481753810676333e-24,0.2107149065326826
10089690246308249e-21,12392305314619726e-22,24202050672808276e-23,0.7247386756678348,4132738575485219e-22,13290605538872663e-23,13202807447132756e-22,6006231962339739e-22,5756164977113408e-22,0.27524671069058515
11948260493773496e-24,2390960756032429e-23,9220755254697565e-24,0.34453255263478016,889136867101923e-23,6019974613378947e-24,22691857375419709e-23,10748369638715267e-24,18014261088552866e-24,0.6554671316940566
6384168040184805e-21,2866590966632289e-22,11212117357329283e-24,0.7737009153711905,1487580361838881e-23,7126896536714868e-24,13110572397347785e-22,19092450354645076e-24,5818527836862321e-23,0.2262909922518798
32418632384390228e-22,181272189296529e-21,24044969784886135e-24,0.7225299063685825,2575417334039121e-23,10932270208063191e-24,5668477654953527e-22,3378030296222244e-23,56229318719854215e-24,0.2774659529071873
2449102725310242e-21,9200524783307561e-23,1578342873627107e-23,0.8787405494552427,22054715497626503e-24,65978655501318335e-25,5841940350448039e-23,3506410926359152e-23,43885857380244403e-24,0.12125672763140351
13129257143003888e-24,5843699936754639e-23,11902401763734217e-24,0.9999928417145169,9543210826483009e-24,6148030881638473e-24,5008610892586735e-23,13008823284442694e-24,2208963046320404e-21,4787067607613671e-21
9012444919440779e-24,4217955067913219e-23,9444246458747448e-24,0.7907433421624808,7615957027723324e-24,4609880549936108e-24,7890649308066502e-23,10519063956036014e-24,0.20919448073308974,6201481702623855e-20
1728230985085467e-22,40670123252938795e-23,1335537719466476e-22,0.8109861352984381,11591453905402629e-23,7190107980697632e-23,30119314449015275e-23,16991621043445317e-23,0.18900251461834072,997808001839317e-20
11639297100120087e-25,13491971096743148e-24,15910612199980013e-25,0.8141877184638067,12106198475829336e-25,7043058919597068e-25,14101441170379863e-24,19197055887664018e-25,0.18581190987145305,337482664524529e-21
1109482034053059e-23,28677929150594335e-22,1655807495973097e-22,0.8246675647681698,1336107401008976e-22,47333545279806114e-24,1810863376081596e-22,22810117299951566e-23,0.17530892472249013,19875909767065944e-21
9551167777682473e-24,2570615617116122e-21,7884859192236538e-23,0.7696369536201236,56765069212955066e-24,27182697236663793e-24,6365839975011811e-22,8838132601444953e-23,0.2303075633807656,52015070648120874e-21
439845825294923e-23,2327866289889667e-21,5466873792366293e-23,0.2810223875258115,3275704952860355e-23,19710422820735527e-24,1673858935473523e-21,3370502869293368e-23,0.7189664758163234,6989692882594132e-21
756517916489368e-24,263390433301838e-22,9731503718802728e-24,2305319670524744e-22,6960595943885813e-24,28826459786406755e-25,56682187032690616e-24,5614916628360718e-24,0.9999995519716377,10852902176878116e-23
2466361376565253e-25,5204140533064503e-25,33040616762422964e-26,46176772648635195e-26,2701735667829744e-25,1868759893480623e-25,4928299421115278e-25,26522589943420697e-26,0.999999996502183,723075649075165e-24
15276291264775249e-25,58506159109865e-21,19139530657224474e-25,0.41345384147716535,13100558064771735e-25,31538568135988153e-25,28866554069334696e-24,11124107853625404e-25,0.5865460581708198,3961377879076725e-24
2495687096291354e-24,6401885136163284e-23,32261302730518465e-25,0.4002419477770862,23656220068883682e-25,6434955526325948e-24,4382053391752706e-23,20588380111815555e-25,0.5997579208432914,69589583436701844e-25
16844220525125824e-24,12840062388423675e-23,3008442142738494e-23,0.352703125981186,19999703525202946e-24,2685547042529518e-23,11294757816838115e-23,21192056069020824e-24,0.6472964458514665,718432733533794e-22
1813336062672502e-24,22813795568931258e-24,7553987694480631e-24,0.31616106132534344,4895764682655122e-24,31427219572869606e-25,23506278297969877e-24,515922083555644e-23,0.6838388498520004,19937551209210787e-24
