10473051891523122e-26,20939219125743367e-26,41595351787953823e-26,15566111817452916e-26,6002620670656522e-25,19602851114523683e-26,203741068125047e-24,0.9999995071468067,4905239468900481e-22,4414288234011658e-25
12843997328735406e-27,8527716536877482e-26,18278380134632083e-26,6254394722012342e-26,3510877201942034e-25,6240414845218899e-26,4310258758787406e-26,0.9791560639339653,0.020843935026371364,2393930390519152e-25
3590823344198643e-23,6356946055683348e-23,16514672917045375e-23,9297939657005905e-23,11685930585914803e-23,4212510389345625e-23,9992564693393951e-23,0.7751703795704525,0.2248289296292764,7428652215640233e-23
1927663880573952e-23,458365258192204e-22,8369199206419335e-23,27790611525314328e-24,5258605906516268e-23,18953690593465355e-24,41082369588281116e-24,0.506533045193849,0.4934666318607025,3372785682947046e-23
5354075980832579e-24,10491465328245315e-24,1241749777392887e-22,12443385870699598e-24,53932076352247645e-24,1369672653714088e-23,8943476377391895e-23,0.6181095597396031,0.3818901083860081,2234680100000063e-23
9272655570194819e-26,15866829819929187e-24,0.2981095408493826,26049077754685262e-25,5241733611331133e-23,2288312877491384e-24,27821075452212893e-24,6039114095762582e-23,0.7018902905425548,7125767558409577e-24
27238178215795215e-24,14300970026222785e-22,0.2880058234062017,4515649736276248e-22,4884109597649208e-22,26799355893946917e-23,2011825103652677e-21,462013093470917e-20,0.7119840106446481,8686884248694361e-22
9443979157539979e-24,3854941258624733e-23,0.2324441358386276,1963614089075439e-24,27077944551894706e-23,507887365012322e-24,14225014558577139e-24,24733541405237718e-25,0.7675555251786331,10400474168268781e-25
2043914306220292e-21,658074027796145e-22,0.14325068515288142,4522945082244812e-24,10545282795109802e-23,24954006475770202e-24,41576456577919033e-24,22752570369653474e-22,0.8567447237384859,2962363821260136e-23
2591913861319262e-25,10399259685260551e-26,0.223376065647633,22872054735784723e-27,2489948444141773e-24,1844711251530273e-25,11634471576278867e-26,3249338659524297e-24,0.7766239278504211,757871672228631e-25
1601335533808563e-24,739250270218658e-25,0.219959518095508,9773180643736423e-27,1434316724620049e-24,15170181263834567e-27,1794380348819296e-26,16450569516854652e-25,0.780040477092236,1473588188315368e-26
38746253435555154e-26,19873372174446438e-25,17636501211156398e-23,13069502940002487e-25,0.7958963983340619,12902769013610544e-25,20969006204296694e-25,3062402891648813e-24,0.20410341369613125,14748833627239259e-25
13349758438456187e-25,7139529492230739e-24,0.21684554009642612,4849498562050457e-23,0.4802834040008733,40053595681625765e-25,9069732198300038e-24,7060363731489582e-24,0.30287097520929407,3588473281426045e-24
7132354862287787e-24,32876353218547365e-25,0.39964352837753303,8339524467642579e-23,6221540679220618e-22,713730084570647e-22,7516133056378267e-24,7438616690715308e-24,0.6003556618787568,7446548452535053e-24
12254237543347472e-23,8831660178284435e-23,0.3006057934273583,6287752998045098e-22,2269675788436312e-21,7223673574333676e-22,2152326511061538e-22,17610381317358787e-23,0.6993897815328309,20202611226965984e-23
36195084457799644e-24,0.2399621059609992,13533179885491134e-25,11590376743505719e-25,6450866131289331e-23,24768269935105153e-25,18110417838494461e-25,21810593747431597e-25,0.7600377824433299,19112205294780875e-25
0.04594907736477539,749552705737864e-26,1477045495867014e-26,12076255704973842e-27,2664714820093701e-26,2307593468879586e-26,6530400023460202e-26,2684441945752152e-26,0.9540509220532377,4044221780914146e-25
0.012428714973400687,7426651159416904e-25,12817216823234385e-25,16897552587098288e-25,0.410714576572319,3549025775904114e-24,28677815021399306e-25,441374462916289e-23,0.5768566869647844,6944829569877657e-24
0.007927506101556936,15871427055720797e-26,18585331999250808e-26,20319853524930515e-26,0.5238706406538175,6260294248815988e-25,43997035503630445e-26,26252246075430476e-25,0.46820184695870315,20469009271365574e-25
0.02908968217637354,11162719103748794e-25,11554000175574765e-25,19644522811362413e-25,49040668052570416e-25,5466277279455638e-24,4120976651787805e-24,3132164326855872e-23,0.5503012621457465,0.42060900562903186
0.03158800153288706,34585602782692087e-26,35180641054311674e-26,488609731566842e-24,12805483833590772e-25,16409937058576808e-25,10119128850193449e-25,8713117991254247e-24,0.5945415414287875,0.37387044320464685
0.037280286405443355,6796195354061129e-25,5688003089269635e-25,11315922091314396e-25,16423216884946744e-25,2433264183703255e-24,1790400605124585e-24,16303494232986923e-24,0.777817341763274,0.18490234728176494
0.040817359635626306,28882997647155468e-25,2747921040979436e-24,10019888932380796e-24,571419267903717e-23,1828163756481732e-23,9372149765377786e-24,7649207738852412e-23,0.8493709355513597,0.10981157929686779
0.035173511762355676,1027622376725857e-26,8215179433163029e-27,4646676962131565e-26,13889959145283837e-27,6862783169392909e-26,2949032550626098e-26,8115953260711242e-26,0.964826487882913,9996398399478191e-26
0.03172405876585887,15553813607088265e-25,12182487960620032e-25,9187581501096503e-23,17935156437022853e-25,8086936523357807e-23,13984997522960185e-24,16610460241765755e-23,0.9682755204068413,6341423050063478e-23
0.03184150307633398,9592156130182427e-25,935977000344942e-24,65258357882621365e-25,12090250402924077e-25,13324014144163795e-24,31737415234493605e-25,9734334365826417e-20,0.9680610895305568,37925935570770856e-24
0.03292838950828868,648905940353398e-25,6118005945140067e-26,7032738887312971e-25,7372389054726348e-26,31049181014738273e-25,214651338926086e-24,8987095224607743e-24,0.9207383747285509,0.046333222553451334
0.015661091549035503,13301657143198888e-25,126072145186908e-23,9947083454083608e-24,18309111281108631e-25,0.3325785594337109,41675106572539124e-25,0.2279026202148474,0.4238576961634318,14102574792241116e-24
0.011397179756410905,17531391367652208e-25,1771106805681805e-24,15023269142438307e-25,230463226451724e-23,0.5104088472368181,5603568922626977e-24,0.19797500900690485,0.2802188707112727,803538194824089e-22
0.014855744571835888,4352546285053417e-24,58174801277196355e-25,10017122213028016e-24,9334794117621552e-24,0.7061225835887787,2300048883082956e-23,12572642333074835e-24,0.27902030778810927,12989562034910828e-22
0.005831002061233146,5067248165494459e-25,520345009256439e-24,6666317915307152e-25,9495458007151506e-25,0.8014165025517633,8027644797394853e-25,0.19275236976091142,12050753434435406e-23,16726533802094251e-25
4746669641214139e-22,2443196331686361e-25,0.018522408082605135,30490668406554373e-26,510556989375301e-24,0.7250568871943497,39122012756659835e-26,0.2564202154721755,10612976500307525e-24,25199347616239922e-25
85678749084394e-23,18927711535374384e-24,0.057332688615806135,9815748164999292e-24,28975583673211242e-24,0.39333363568300644,9438343401092289e-24,0.2397912628464954,0.3095422975079993,4733251506743853e-23
584737654264838e-23,14166076286152508e-25,1226335695942604e-21,4292698274178362e-24,552125247499576e-23,0.7429551423834656,8309410557158153e-24,0.09852705766432357,0.15851653421407436,1401492087362314e-23
43673448540415546e-23,27343977281054652e-25,14786747486161698e-24,26723851270952483e-25,32516492841395403e-25,0.9999994105676413,3331183111816754e-24,9888043803016428e-23,22824172961081217e-24,4224211559760237e-24
16035256892796334e-25,9789610258487387e-24,4957561080705167e-24,9532725035946695e-24,19456403575128236e-24,0.6587792692425217,7637195005162059e-24,0.24652045328958114,0.09470021510169804,938917405604811e-23
8060411374254782e-25,12178545663350329e-24,3878269656977477e-24,20011581184489774e-24,11217813703713716e-22,0.640126092796385,25874585607771758e-25,0.3598725130634225,22274432943583255e-23,10152598440228984e-24
0.0011122335254286767,12224446775719093e-26,11778873523926485e-26,16081162433369396e-26,0.266236998283003,0.7326505976293441,1849439955989503e-25,16951763173074576e-23,2545933570540353e-25,2040236149113955e-25
0.00131995039176917,13639369898472474e-25,12029529795972957e-25,22175786984016005e-25,0.22646361808371562,0.5508004468863598,20228989791525825e-25,0.22141597344446975,22809207387951813e-25,2105393916669895e-24
0.0030806824171224637,33773918349866705e-25,25024452244164993e-25,4976479830655039e-24,0.2377142773093791,0.6905338645243687,4438170960102488e-24,0.0686711524030861,3373024277526417e-24,4677588845087301e-24
0.0046281049275453436,1690944489115758e-26,18429052239156304e-27,15754270032574218e-27,6299605079009299e-25,0.5373119110708426,2195776828111616e-26,0.4580599832439395,3369057314434102e-26,2037451210825223e-26
7576400584055435e-25,35905980080556365e-23,18686527161772823e-24,1007188201330074e-23,5404528659031968e-24,0.9999781829858865,7328003978130808e-24,21369180179016992e-21,4293378166682115e-23,35917649362058604e-25
6237590371605938e-25,0.08661160480461182,5134122045761092e-23,13505779677022353e-24,10435441387282547e-24,0.913387058150631,1472553615675313e-23,1170457366534987e-21,665652943179167e-22,9390934586758698e-24
4790663969767585e-26,0.046654975290801246,3762612803455625e-24,55464152270137595e-24,14311612606760426e-25,0.8206667746037071,49178851988098786e-25,0.13267816123107692,19749577828897597e-24,35010564006610037e-25
12069538275877213e-25,0.08090158505382135,7305956169584286e-23,1653805320874696e-22,21151679780724386e-24,0.9190556823316154,39491041655517715e-24,4231859671345618e-20,906052265061506e-22,2312487604617277e-23
2814840428823958e-26,13473957035824782e-24,15117999665854836e-24,6650234845085492e-24,9165099422290314e-25,0.9999999373396612,29787205407288914e-25,15418612728352384e-24,6359961730740371e-24,17165870141815753e-25
17180629167080272e-26,6419901132395605e-23,141850763720757e-22,0.14651183179068553,49281069535715985e-25,0.5226327581132918,28552151072042506e-24,0.3308552827278402,8112706238181613e-24,72192125973886205e-25
6980524869351533e-24,0.13008837873731333,0.1136080741099053,0.07070587295564941,884678285563413e-21,0.6855849626106107,30102966026860822e-22,8664421715199854e-21,6314093529975084e-23,8206616777548353e-23
7658424386451312e-25,0.20922972907765916,3718894541682748e-22,0.36461408487856717,1779825760580799e-22,0.12024390568291395,21338258244192037e-24,0.3059116574321373,159692033440163e-22,35129171623361624e-24
8991703584038532e-26,0.03521738321712121,35662698011111594e-25,0.4116459195288507,0.014494421947553461,0.39336210964256274,0.14528015179813458,36683518657182533e-25,3162445516825572e-24,33788546305336828e-25
16168776158892739e-25,0.020489668855866523,2305596945532725e-24,0.11253649438644978,4800085620113941e-23,0.14708174502161775,0.1291414502796195,405539593861704e-23,17460446759211726e-24,0.5907505680172377
9395389618103018e-26,0.10596613194363574,3891667841589756e-24,0.12788072101821377,1050712106383786e-23,0.16323439788463165,0.1394896130229858,3001744082829766e-24,2345825425690006e-24,0.46342911629055833
25549594810418356e-27,0.16183335953585035,526573374461957e-23,0.2766425451541128,0.041964001592947026,0.23291700235957521,0.2679193119636264,10835956428097765e-25,1698253139460133e-24,0.01872377132115525
11348143093871598e-26,0.07262119224928773,6113451765371984e-21,0.2632498247146393,0.15120781672358485,0.2397490933916536,0.273165637067243,3808668889041117e-24,27458648094867506e-23,4389302070192066e-23
21640684139634712e-26,12722906922146317e-21,0.07841395969331687,0.3450260120740951,16770660261343968e-21,0.19361533195670075,0.3829148767543498,3109898823660155e-24,6335038287274771e-23,2592775663515314e-22
27784317995243765e-27,1975969297613108e-21,0.06313554155588712,0.2272220904786595,0.14750325885488177,0.166356788670003,0.27383404046938464,7697000351003265e-25,19076420680843892e-25,0.12194630129650265
7837136626389794e-25,44143756730188104e-24,0.004624006374432882,0.33428782111756145,0.04655312207394874,0.22229716646918382,0.23835272398721583,29505030502375977e-24,20968993989653713e-24,0.15388506457619458
4784361853572947e-25,13572909881953132e-23,2813523579873588e-21,0.35414497907257525,0.19642126895080608,0.2224145379722949,0.17844847138020656,19933923317385942e-24,0.04856767129651965,10166257352881853e-23
0.0016596853023285072,9167079776537895e-24,0.5521187608532008,0.4462214907753577,10280226753246765e-24,5493486160750656e-24,12999530859887949e-24,32158496935682337e-25,21893036687098355e-25,19723832345499708e-24
16213059590949323e-26,0.06292581488362536,0.01678894097217272,0.5238496392635631,18555827872805634e-24,0.010739964682339613,0.22782395248308582,31529547423671427e-25,0.15787160167490408,6416933071286208e-23
7546143860565331e-25,0.06917769963897888,7915393420766623e-22,0.447962099682399,26972318866690918e-24,1353246095441104e-21,0.3151668100810516,1337239696619995e-23,0.16769118058010424,24132539156957025e-24
0.004131944730633721,12763580014515724e-25,0.7475919061971986,0.16271825016784217,10684127584284918e-25,5146409436205408e-25,2248806912579009e-24,29193379166721357e-26,27993184712954866e-26,0.08555789322456799
0.005112598845653272,7839082570540108e-25,0.805759049489988,0.12224431334413981,6795475411990363e-25,35785037432485e-23,11807508808957145e-25,15710915162153177e-26,14433158423603575e-26,0.06688403501661132
0.0018698174449991798,0.03486007096129344,38064216544172464e-24,0.5643301422295185,0.07250582834628724,44774157105351207e-24,0.00029619133701890373,19266228937982592e-24,0.10638960563637252,0.2197482419381966
0.0032167004645867457,43170675970488914e-26,12984480563119965e-26,0.4582715133176229,8904076856778855e-22,10777606792756875e-26,0.08880236713979617,7384846675510807e-26,0.018175862393509334,0.43153266553380304
4793942604918873e-25,0.1397414198358521,9994273180607653e-20,0.5839470255937482,2064374954666036e-23,4420023563854704e-24,964885503745103e-22,0.1378274259691416,13796253461429944e-25,0.13838406245815688
2392847318947941e-25,41729948376426425e-25,0.2766020625427091,0.4506688230140646,0.002698121887078389,9064329798233933e-24,2306068236977266e-24,792188443222592e-24,8299679410840954e-25,0.2700309751511829
1267438714201109e-25,3187535301167233e-24,0.24713344838581028,0.36535670667281406,12550637129378349e-23,6059211430365048e-23,2867324325303511e-24,743464197238842e-24,7172935116787427e-25,0.3875096512005634
18582675515046556e-27,19938641412713663e-26,0.27246036699395565,0.3291800851857443,13661956876514946e-25,16518832045407918e-26,1360188233077404e-25,3423041174036054e-26,3515426885851283e-26,0.3983595458655397
7100653390137697e-23,5085800767292008e-24,0.27913806663221574,0.17300948513725475,21982212763631862e-24,6645877786488978e-24,4987158484182273e-24,15476590897697329e-25,14345299554845342e-25,0.5478523355407467
0.0004640759459337202,12729189164839428e-25,0.3120026570962048,0.06612933197542102,2664254500220727e-23,3551098023449698e-24,10249632061731614e-25,3398000788389482e-25,40554443904797747e-26,0.6214039017454004
19649817635446994e-23,24369300906364172e-24,0.28945098429186017,6556649052234491e-20,8537845839579469e-23,1842318871326307e-23,58930184438872914e-24,2434080238268598e-23,6893423715973885e-24,0.7104830343809143
8915926062705857e-24,6150596047208626e-24,0.28575814906057845,0.0791489644835205,3559859956080502e-21,2797246636464254e-24,3238562277995022e-23,498943110068011e-23,29899085123495427e-25,0.6350892683673208
5961922872145854e-25,0.0549279205680821,0.4520631612395386,10027237579163357e-24,1889861316351689e-23,6574473517168407e-24,0.49300886091861695,4000032271853658e-24,3204644702498638e-24,13972558638433296e-24
33443674900790866e-24,0.04332724094154962,0.21377682262124298,7198567453188251e-23,16999598135653525e-23,10584362128909607e-24,0.7428956228089035,5762047693089422e-24,385978121758291e-23,1799672782780065e-23
56532408130120284e-27,0.033936080425442175,0.352565956000789,14267436234840868e-25,27734653202746684e-25,6382380341034487e-25,0.6134979568831213,37007024092962174e-26,25785602078376364e-26,11676622546873496e-25
9639096674860397e-25,0.053473490400508875,0.14898474621566296,3403952893725355e-25,8974984314827397e-24,23110598630881008e-26,0.7975417519355038,15925822692172697e-26,949096250102864e-25,6837592628386228e-25
5945935203229426e-26,0.12420022070262077,9437227379397567e-25,21480535651808166e-26,6077331749361373e-24,1554134664109923e-25,0.8757997712688794,12678745931173728e-26,7326404260811259e-26,3775882146903756e-25
33582223835747366e-25,0.12213831822786028,5891043845355602e-25,3110512628796529e-25,7737790986453611e-24,16930328899942361e-26,0.8778616688319749,8202650656928277e-26,4659528685142378e-26,6466404138282021e-25
1149224251159952e-24,0.12394672155098779,3674608583428339e-25,2881970169113821e-25,24107975589269824e-25,23615996667291513e-26,0.8760532733823342,11740684132471434e-26,6048380521177553e-26,4369370572616985e-25
7315480658756652e-26,50601608311191685e-25,9026295685853162e-25,12704303217277647e-25,15793466597750368e-24,11039154866649856e-24,0.9999999574769919,9579531967253075e-25,38636819227971947e-26,7040062283663074e-24
1904066150778781e-24,0.11187983568806731,0.5790586534415317,20087711981273493e-24,1083593211909342e-22,10775635270302919e-24,0.30906134075091657,684850184772161e-23,4143222637581189e-24,1800106526825667e-23
0.01067587605092252,0.2596257152175867,0.0684465854216179,2889621378842036e-24,7343919385878792e-23,434141605192188e-24,0.6612517457452366,1749407373105198e-25,1273308042769851e-25,4994134262717972e-25
0.014378093548585963,4531514040048959e-26,35887998713104824e-26,1101310797803081e-25,0.7179862610964594,7572759071571427e-26,0.1294309633026696,0.13820468085432533,51886236166682477e-27,5556184078337953e-25
0.02545965649115587,8935976516735483e-25,13649683651705909e-24,2002845811243287e-24,0.1104147641679827,12903869059672935e-25,0.8641255489696545,6985467449528119e-24,8436296136692406e-25,4705521794582765e-24
0.012174046795945647,0.1620587135982989,0.16420463159775742,36619086544090953e-26,0.6615626051107217,3388447802418909e-25,13337832231776662e-25,4189159498698877e-25,17631408164592195e-26,27234629251265346e-26
0.018191450438105904,6913242847502098e-24,0.025385737957531976,73750206330970496e-25,3414357332566765e-23,6512571756471625e-24,0.9564227294525643,990156712635707e-23,7324147523202503e-24,9981685694686037e-24
9001949895586779e-26,0.07366554743936483,12898750836801304e-25,3525886453261664e-25,0.7052810641631668,2662199340192023e-25,0.22105338539130007,3026722760901999e-25,29812778628045934e-26,406669631427782e-24
8650530254629461e-25,0.041858835126817005,6345236540640893e-21,19457030237070035e-25,0.7566622896237276,21223771862186943e-25,0.20147251854774148,16573773906388366e-25,28390038164450634e-25,2034022326306766e-24
0.001959558039161018,8090537845638025e-24,3297579903090268e-24,0.2523683226799693,0.5681919091677583,46430923092083725e-25,0.17747422171333396,16251851609123105e-25,5962678723017165e-21,8064653893387204e-24
20125704542356147e-25,23300392950887617e-25,25878794468314088e-24,0.05630849883551197,0.15552041856732698,126690221930819e-23,0.4424767290018859,10773106811903111e-23,0.3456942129780506,13974084545840275e-25
0.001337929740998211,1419237376325389e-25,0.13241684756081928,15962632267307907e-25,0.5297383527650299,10575574769353928e-26,0.3365068570987109,4017392294022491e-25,9982563936103538e-24,6061980379846862e-25
0.005128325666239109,1021247300172469e-24,0.3210074337031902,0.12327830079813658,0.550585932299972,12189961814858405e-25,7923513303194659e-25,8364653733126047e-25,11211794842770391e-25,2541065487292265e-24
0.00702750808252601,10383634541814233e-24,0.458108588737797,0.5348634971813842,71168639383748175e-25,2625398223287981e-24,12485944913121076e-23,20380014079797712e-24,7009634225635013e-23,17053597866733045e-23
0.003349043380447993,3796198057065612e-24,0.429837306900727,1928924203219884e-24,0.45686170499923234,6662665928967421e-25,11706890294820275e-23,31505073262030164e-25,21158718501092963e-24,0.10995179695004446
6322278374387715e-24,7275575184018101e-24,0.1536886574447403,9272877839630846e-24,0.2113324650084265,13044380208693908e-25,3448492453096498e-23,16477280037942562e-25,0.365368534410631,0.2696102828284621
4772549986887801e-24,0.0034342505826943297,0.028057931338265032,1659552534080241e-23,0.27546101698312186,12816384288096837e-24,0.06982571535725947,9498644591113013e-24,0.3832056444082562,0.24001539764718383
14268845566395974e-25,2261900434022172e-23,0.31474858064724487,6333657709464432e-24,16247702852477948e-23,523036219035426e-23,2018952055022255e-23,4207873320256857e-24,0.656041725586925,0.029209471273426515
19260995058321945e-25,1185385290611211e-23,0.2960268461446431,6124796856051318e-24,13321219728683111e-24,50878860033899845e-25,39896990516596375e-24,4893227316878505e-24,0.6385300763400129,0.06544299441302484
11423579514654691e-24,17768270358527658e-23,0.2956999607998483,585706450021157e-22,1969907171441729e-21,14014088363699396e-23,12883497650121266e-23,8014715041338078e-23,0.6278141230759915,0.07648334941766353
25464843923631075e-26,9569682246399554e-24,0.2337914151596934,6033141966605169e-24,5284639151643129e-24,5232991550646491e-24,12041250282821911e-24,399945307498689e-23,0.5487928024789146,0.21741573994559427
7201786192640011e-24,29265807618820424e-24,0.06286710539340086,15006795628954297e-24,0.16792726816828824,7701001001706278e-24,3158803495639846e-23,7404482802450575e-24,0.4188296484655738,0.35037587980483303
7639994978542547e-24,10178356003160572e-24,7122422042362082e-23,18427191526081068e-24,0.17367916672489825,5952673639573992e-24,14664425830884778e-24,7846415933036004e-24,0.5755283673568122,0.2507923299849636
4074353488815925e-25,40139931603591584e-24,0.5220241019062745,3008980861468298e-24,5018541260165874e-25,2048113099843916e-21,2599532004949173e-24,0.08546641432563884,0.3925073755166358,13480579869491991e-24
0.013885614650561817,3974023841438261e-24,12357460480429123e-21,1190761335274591e-23,0.28582059193804293,36715112909464282e-25,5819639622812262e-24,3794839019988848e-24,0.7002812521185693,15466471400938328e-23
0.02568600099536244,16962786488055237e-26,0.05871391692321582,46067914627986593e-26,846825163213037e-25,23465224783625734e-26,576005639726945e-24,22288024105500222e-26,0.004028147074670276,0.9115719332578754
0.012261807203716096,3974081904431605e-26,0.5179642470278033,7328610508881085e-26,23260419664911492e-27,35315448580666337e-27,10593610157070555e-26,39476154402740035e-27,0.0029703004534710046,0.4668036449979856
0.004107009430133403,2765455314556259e-23,0.7369351862761911,47665544032343905e-24,1451431883127746e-21,14543343442012426e-24,26438021212704785e-24,24522604633999986e-24,1558975776108849e-23,0.2589561964481134
0.0008638399687724078,9989094203220918e-25,0.9991357194306796,2661380942501209e-24,4199081383179589e-22,5912216857699184e-25,9019155137208496e-25,18134292350779579e-25,542276071653168e-24,1318331714012538e-23
0.007648558992394743,1121656385496231e-23,0.6979915585878261,0.06512161862669093,16114534225463418e-24,1152548450310256e-23,354937605075854e-22,3383344911213708e-23,1775461476676052e-23,0.22923813785460986
1456545196589234e-23,12344252141754314e-24,0.9999984990278904,11846390997728846e-22,16570315271439407e-24,13228184423092535e-24,5927248757021103e-24,17267538731077719e-23,69057772687679796e-25,7411720306094778e-23
16401677259208986e-25,3825101462942759e-24,0.20923596906794745,0.3698330272404951,4726864049780196e-24,2983195578124251e-23,0.03240581322376334,3984633064750732e-22,620061537354589e-21,0.38852413191883994
0.009788757239773328,22250304061652367e-25,16098837820151164e-24,0.08646787956880807,1774137208304066e-24,28351004269341174e-25,4818293403303564e-24,6297015674889897e-24,27946603525150324e-25,0.9037433263483444
35820934095959898e-25,14316505183596904e-24,0.22700516811574056,0.7729945186916005,20731708144001252e-24,7827495797442882e-24,15020798956034865e-24,12096539200535265e-24,21271196885158125e-23,26905803132362698e-24
0.0003443163855406391,8228431596857416e-24,0.6457763754016498,0.19523372067843361,0.15864302926239707,8845832722010263e-23,11230854762871742e-24,13515515252377595e-24,9797639545142256e-24,24270411742925955e-22
0.00229999191408332,21820049016684403e-26,4487617864179322e-25,0.9241065289048962,0.041289975060806956,38557519631983323e-26,0.0323035022320483,3536701691520981e-25,11867513070510855e-26,3657297591607559e-25
14010319683393337e-24,7748116284618032e-24,16961954956568434e-24,0.7012424937751573,0.04345975143789031,48963558807428425e-24,0.2552975902586913,3256885881996415e-23,17901367956411212e-24,26374147641830718e-24
20073668151664948e-25,191772255367492e-23,0.30734205478056814,0.6926570508453421,13414628114786464e-23,5374811035600082e-22,19859566094851395e-23,13497198645416603e-24,2544724258350745e-24,418411857301113e-23
35000979248936044e-25,33257833019463287e-26,2100137054925893e-25,0.3386537532898666,1700051119302921e-23,23226159336054054e-26,6787976736331995e-24,0.3414788926800731,11725879213977141e-26,0.31986732584936456
4911788652771282e-23,6386153857743287e-23,0.13497817366106143,0.8650162771435351,2137253320243129e-21,709323840095959e-21,35857846043165386e-23,20960671618529888e-22,53425560335402525e-24,8156791521121439e-23
0.00039354574963025964,62474622767962055e-25,0.29948571944778474,0.7001203330833572,321655381574953e-21,6475941778403268e-24,3323899666381217e-23,21626819340720324e-24,3928494300579565e-24,8546133211086065e-24
0.0014051647506377982,6790527816650448e-23,0.2512981062566441,0.7472930936806573,2077986185940708e-21,8763111929863791e-22,33489333291798775e-23,2005914623559055e-22,1775358685704708e-23,598710190389798e-22
0.0021133913002205173,44568332382908635e-25,0.3109431859294707,0.6869432567578108,13398079486963497e-23,6790797540555784e-24,6714312417085602e-24,8205401477993227e-24,2116602167456431e-24,3736615068609439e-24
0.003292064059014886,4545810825411138e-26,0.3475218838352384,0.6491855855651752,46593391312892053e-23,26424327420629174e-26,608601165963691e-25,16761936166865196e-26,26416548925615754e-27,41902975251693144e-27
0.002327297679040425,879714917745926e-23,0.322564971980375,0.13700643748869945,0.5381011034253979,69413942415096295e-25,9970935886326661e-24,14935195193129854e-23,7847972897469709e-24,6517072828699436e-24
0.005513706711133658,0.0946106958410134,0.8808761849655594,19447445304878764e-24,0.018999368611261135,15376415870269465e-25,14384363941594904e-25,18770623399549344e-24,14559893876004692e-25,12211295637432865e-25
19244074290541984e-26,22132397048422475e-24,14966403598830972e-22,33920855420392464e-24,0.9999981547915605,3482453624524078e-23,3808255754000742e-23,6526859197349699e-23,12582857270734762e-23,2887397048621349e-23
22455333558139378e-26,3079894655000228e-23,3429019394937567e-22,6195038225215032e-23,0.9999991830645777,8895612151154003e-23,6569401660316467e-23,17712838072894798e-23,24460682854254897e-24,24820789677294986e-24
12797570581097936e-24,9985622893960698e-23,22158204528864594e-23,13011163720247349e-23,0.9999985796868387,259300856620539e-21,12218766060094814e-23,44516037360052606e-23,8923325338018876e-23,4347933982307603e-23
3588283559682344e-26,9230182298493129e-25,4704288425630607e-25,4701630666202539e-25,0.26554310775579276,4035650331995245e-24,8008306885728005e-25,0.7344568851204355,2261513932126002e-25,16156458007427236e-26
7054576632735204e-24,2246992820153225e-23,3154781480811174e-23,22747506113700754e-24,0.2296982812815317,21525822435285477e-22,3892819291567025e-23,0.7702991732060601,25827320163430037e-23,11908629965803705e-24
20685564946187603e-26,2167921153811852e-24,492609549628713e-23,10806638487747975e-25,257834621922019e-23,0.21851988439077027,10849903747881292e-24,0.5135049764608911,0.2679751166776207,6609447112534769e-25
1509802761707999e-24,3842501725023487e-24,8919353483585422e-24,16080738519626219e-25,6172502171177134e-24,16241538640868727e-22,4571102958394756e-23,0.7562556973615943,0.24374260971508074,10062270674248899e-25
13219692291312685e-25,8892007786463243e-24,1076064457141518e-23,7975372977566106e-24,3858772733014384e-23,0.31327655018882805,36910916382054725e-24,0.5516782530412978,0.13504508703656262,5284673429345632e-24
442940409544275e-25,348762284861787e-24,46016173391688734e-26,3242291118554058e-25,8918832089247391e-25,0.25801230292890026,10962943964164548e-25,0.7061691904179116,0.035818503298670194,18889379442852806e-26
5656132768427046e-26,1013055643755512e-24,0.38791246476017066,0.5983879624974748,23430017520755976e-25,1905831912385106e-24,2552355303847216e-24,25282874098819564e-25,0.013699559912462694,24306162047310133e-25
7328302990620312e-26,16445100047712993e-25,0.31209466920471146,0.48223275628578194,5869458997235738e-24,3970450785300233e-24,0.11868095144413966,5464853036560027e-24,0.08699160381050881,22323629127580413e-25
9865104250199255e-24,5911619906590718e-23,0.05719211950599338,4267464708691674e-20,11055348284296718e-22,4305408714952848e-23,0.9427633967735609,3406570630439656e-22,13815806097720734e-23,1126881394014894e-22
601627727530125e-26,6346445150627995e-26,0.016542335511018417,14246741456558776e-26,12250116820417885e-26,12163395402787332e-26,0.9834576636107379,1381088037477954e-25,21646731065817894e-26,6749411842407012e-26
15083107203596288e-24,3806899628304431e-22,22514390781217134e-25,9672562645308202e-26,2513635256672906e-24,22708213231072203e-25,0.7548576691736825,42923349300393014e-26,0.24514192736254445,12912023610189422e-26
31527890990420517e-26,12946207599401358e-25,27897384972187594e-23,8392880171381628e-24,12483622413966849e-24,8107124239120221e-24,0.9999996408548725,16691268747028085e-24,27410193494933465e-24,5475540645710539e-24
16078254422178077e-25,39332895282615546e-25,22414357502103058e-21,6623544733960372e-24,21355647603037893e-24,25303465378615738e-24,0.6823734986534075,13027749978532493e-24,0.3176039938927457,21244812492391445e-24
54104136088115486e-25,0.07679788783950633,11591632992735002e-23,422595924520345e-22,8900272767201345e-24,5081983489922238e-23,0.88976265913934,0.0334391164968441,1850945015326326e-23,9470839389490947e-23
0.003934868699981484,0.09711984200396438,10727900200507648e-23,17184671588131898e-23,0.5330149130729417,12016635452866985e-21,0.3659179809773023,3970936104749008e-23,22039208050389427e-24,37734797681414215e-24
0.0024657524938228627,0.2052470489165574,9082199340958494e-24,29011095879945616e-25,2795774396520622e-24,0.7922871597801653,41327377988481134e-25,31496369865609978e-25,12243830386119204e-24,4503988472288538e-24
0.0007726735235868147,0.051461101420565404,311275422696999e-22,53973623265172e-21,2531469993498084e-23,0.5712565870494595,0.2661126699718807,39328657489261e-21,0.11039680439623177,13893752341691745e-24
12981111999468205e-25,14105818080396727e-24,4414743632741393e-23,19145273635445473e-25,12974134548154188e-24,0.3696855960114701,0.44788080588764906,16274468774715856e-24,0.1824334995632998,7823179953163126e-24
248857431087248e-25,328421703661342e-25,0.010908396599175382,2792644857682378e-25,20237811181971686e-24,0.4563859271150841,0.5327056216864227,13340851965421507e-24,14029874261265931e-24,6722911275515343e-24
0.000614532606145922,0.2335400799595737,10344723950636196e-24,37420423320908e-22,3230498614215403e-23,0.7658448833235734,1712333256947241e-22,14263198056535138e-23,46174146705764725e-25,13923621510097882e-23
16588982060391184e-25,0.25746458483429885,7290981565366257e-24,37923386981788806e-25,2239076816825921e-24,0.7425293632494409,1406902869083361e-21,6531365029363561e-22,26251439575133186e-25,3974270076596234e-21
6030660401334356e-25,0.28193213340579754,17684796969092742e-25,8040490065120988e-25,904588058821374e-24,0.7180674636481583,2821615248006291e-22,11408755645276985e-23,503935388325767e-24,2112944602816107e-24
35421798658220736e-25,2923285420290469e-25,0.3328705425675369,4275605768468703e-24,14672504011369595e-24,0.39015811793988886,0.27697131114746315,1181416318609866e-24,10719234955040662e-25,3309166388653074e-24
0.005714627418403006,18447026349713426e-25,0.22461605341865243,6619265459171686e-24,0.2721766469364019,0.4974799138613866,12740819626214731e-21,4358500119581995e-24,11963236820416442e-25,3527023575615385e-24
0.005867952570500707,0.02833335927955594,0.30676379762149825,6486279833130622e-23,0.2687813422422046,0.3902263943030666,2692485154099883e-20,21506274110919896e-24,7487068372595662e-24,13527551141608993e-23
0.007723467447618135,17076501378575765e-24,0.30361117876060695,0.2510888209735621,883365076963406e-22,0.2293567734050119,8340166765721627e-23,12102997298897947e-24,36940830252182316e-25,0.20821955480151036
0.011478135450886624,2022620100829721e-24,0.2856571776978741,0.5102130799828186,2387540650416807e-23,0.19265140929351218,12069938128876303e-24,22470584608808825e-24,6622885743322246e-25,13647365243674963e-23
0.013270566121969375,56635304029338225e-24,0.21830652434019496,0.5604441196866805,24043651321717316e-23,0.20793819529672683,6323748909728384e-23,9850301857260835e-23,14961713950815715e-24,401207804413055e-19
0.016670679591626218,7885235914787743e-26,0.03488475002034745,0.7447022616676255,9831896287517826e-25,18643904269067199e-26,16400314615873484e-26,1655141874404323e-25,3145013465928365e-26,0.20374230711094465
0.013103236307018234,16242138333255467e-24,0.035766233383816536,0.29909740506312005,5157360213055271e-22,2604447578612152e-21,59666622572318174e-22,1540518004533243e-22,5288618199740983e-24,0.6520238628176345
944388266629707e-24,0.1062115431629003,4159281817142404e-24,5567532519207744e-23,11358986746647554e-23,0.3204695347530905,0.5733187094375232,310563270979514e-22,13146297745729332e-25,59050722645057185e-25
14049668771361656e-25,0.09218534037875051,12270253872630574e-24,0.3582931939254544,0.04605531157642998,0.5034635111587241,25095919362220684e-22,11305180331982659e-23,14966670940894958e-25,5144989289384624e-24
11349683386538229e-24,19566410914887072e-25,8309700358466613e-22,0.9999915458465283,666430912117186e-21,6543722063517421e-21,19224334426837406e-23,12800513756773276e-23,4850940436847758e-24,7462412364264587e-23
6031096987438148e-25,70578900159233566e-25,4106014696183756e-24,0.6322885137001013,0.01054998542154973,4588856204771942e-24,68765699759778854e-25,0.357161471969659,6782629573094281e-25,49976012923801576e-25
1294334189351985e-24,0.00364351089963432,37059156834219884e-25,16391102276212009e-22,16580117860235615e-24,30632303077373454e-25,865835907291855e-23,10109571651833294e-24,12970417495807247e-25,0.9963548052814964
53521714349781236e-25,0.0077502118486715765,1431688301573556e-23,631631679020828e-19,6988505890202012e-23,9514692047062473e-24,32824168563087225e-24,29792884230216475e-24,5170638869697172e-24,0.9921864581269823
10425164690197054e-25,4367114390148431e-24,9088548623945257e-25,0.2244255130106699,5449620546398122e-23,36189613126942894e-26,35286854119388176e-25,3264031347841434e-24,24472672030320213e-26,0.7755744187750249
0.006887386367675111,13484365978275996e-24,49884142684181845e-22,0.07728722535271491,23163410202772414e-22,17604829274630062e-25,3691017050158382e-24,13217371772202812e-24,8561902540953805e-25,0.9158180505148931
0.008902576236535096,6656907522306716e-23,13606306118309363e-22,0.044744112071789396,1847593556228495e-22,1508744890192309e-23,1887922197753195e-23,14580246733420974e-23,5377482249142948e-24,0.9463515145861289
0.014278647145584857,2567947713213477e-23,3424285625132415e-23,0.03486499372752935,697245702015517e-22,1095989525018513e-24,213715401300255e-23,1075656631615593e-23,34668472240949236e-26,0.9508562151435885
0.006362616620080784,654676138919832e-22,2191783941450875e-23,0.004545319738425029,34030133113714207e-24,4926951909554461e-25,9249077124997722e-25,9486984962279397e-24,15735481928901013e-26,0.9890919311639834
0.005266308359208098,5595956436135295e-24,32241076044568334e-25,0.0007885744616169041,3870874619109493e-24,12431572441710706e-25,1763392489446898e-24,4981501237385491e-24,4440628602937536e-25,0.9939450960560826
0.0018206458049274418,970488752486218e-24,1304532799549338e-24,10748245603222936e-24,12527638105823785e-25,9164615872000006e-26,13243313685626597e-26,5136474281712894e-25,32580457394674616e-27,0.9981793391488656
0.0015162219781124323,27654118786189247e-26,2149418194094274e-25,9878805809278212e-25,29428103860022493e-26,18901694999158423e-26,17856879325623554e-26,31982447092983067e-26,7046048035584193e-26,0.9984837754903967
0.001978835372906973,10479330866492942e-26,5432328871863114e-25,21355925633517748e-24,2514310130226038e-24,5047521694332826e-25,3594116133302785e-26,16314823844913256e-26,22896531618809684e-27,0.9980211393821793
0.0018899532307950465,13949882304053302e-27,10868854513696831e-26,37490896439707655e-25,43865343779080335e-26,6827210094285886e-26,33199007714063665e-27,7425733574022621e-26,15614178361870567e-27,0.998110042267184
0.0011236229115525408,7702021190394002e-26,7581823307848421e-26,2616202029011438e-25,10785843646367505e-26,489166882285663e-25,4580038500059191e-26,8218902395252467e-26,37757089848540904e-27,0.9988763763514552
0.0026130767671935806,2430987835748719e-25,35747310666585375e-26,4173333306820681e-25,2456021059891159e-25,3536153720589948e-25,1782040674158684e-25,2431290655841954e-25,22940874151171063e-26,0.9973869209652398
0.00339748625787056,29006832984175028e-25,5047515094557012e-24,9876162435719668e-24,1972562606167922e-24,2171445927005046e-24,1811945042549216e-24,30347055135671657e-25,25636394839631197e-25,0.9966024843634812
0.0028120997170473245,2320928472832389e-24,14012501394943893e-25,25362521444040724e-25,1728644636939678e-24,16543444936593309e-25,17513749696169251e-25,208588192269918e-23,2279939706698036e-24,0.9971878845243223
0.0025709229748647304,21166494628978792e-24,1501110254177686e-23,21461488202871097e-24,16226252868261674e-24,14787459673001346e-24,16546477417878627e-24,1644686363648636e-23,37296064370186637e-24,0.9974289180829784
0.0030191665031151682,33382132907576153e-25,1873770747056316e-24,2753142657703513e-24,24829659816594976e-25,26675942907729496e-25,4106045995485286e-24,2359557797035191e-24,17748024460937147e-24,0.9969807961675573
0.003997036581798878,14479346110625348e-25,9675103389077565e-26,5115302652704755e-25,27282255356598155e-26,5889725628933503e-26,33823881439008717e-26,206112063165493e-24,1024526406918441e-22,0.9960028580333163
0.004082164898303706,8479831468255516e-24,5623970684253858e-25,26323945450502576e-25,14908810034883222e-25,13310197480274404e-26,14039629196355243e-25,7098391215427053e-25,881933877330715e-21,0.9959169377553486
0.0026084685935308933,15350070683161808e-25,14604771344796335e-26,5446441486058108e-25,10229408447395038e-26,21017064211150793e-26,2308914255137728e-25,13943803989825763e-26,14730386179940066e-23,0.9973913811940821
0.012358983696950158,5017705872365165e-25,11251630810369383e-26,2006139869620534e-26,59143638848472624e-25,4820674539697934e-24,16216902243707664e-26,22028468276926674e-26,0.3007525461558913,0.6868884583953183
0.01691910860904297,3255321992535582e-24,2336344311863401e-24,22945277495866864e-25,26416749073796033e-25,2428462536568099e-23,32194043027141905e-25,2587150340186922e-24,0.4632134414058235,0.5198674093661622
6389741704974871e-25,4491777802992715e-21,4073530494428844e-24,1620964687490551e-23,11585783297126134e-25,8026442630454478e-24,25137532383493788e-25,5775446452862279e-25,0.4211038559595086,0.5788916190642474
0.03467597709877289,29521901423524967e-24,15229438071496156e-24,22819574538063785e-24,2539231420194494e-23,0.15736411506543854,4674433734167484e-23,9340741840915623e-23,0.5318379756640057,0.27612169905644274
0.016781546486387026,21026082193226443e-26,1074244314218838e-25,16919735474461184e-26,1464239240000545e-25,0.8098457733534923,32985184978086685e-26,3356650199969728e-25,0.17337195330118046,7255554994960996e-22
3260534119414201e-25,2128646513524931e-24,14855391292241289e-25,19809738263641664e-25,19416128319573755e-25,0.056507378599042674,0.5527557262442047,24121795293535943e-25,0.39073685748500897,273967821631884e-22
0.03524778739417794,5409285077815907e-24,36713298799495464e-25,9216911371772545e-24,54725756184646184e-25,5683232573314478e-23,1567421065331336e-23,14584188312013932e-24,0.32100799543642305,0.6437441063085105
