7567870697443472e-25,16435435526754112e-25,144310811888618e-22,8834800903736786e-25,204563919156834e-23,21506997540266614e-25,7405114743901477e-24,0.961535035950651,0.038464927368282276,736459395432864e-23
10034398776122329e-26,12773903701454496e-25,3024044563651571e-24,1966251467828764e-24,3773290994559038e-24,8086519392707686e-25,20578062920944948e-26,0.8571815570645459,0.14281842966928288,2110422213567161e-24
6055930685647571e-24,8132322775864177e-24,1951022825937363e-23,6190112666903982e-24,2138224814155739e-23,9295355692164431e-24,18908154225855773e-24,0.6950913194502112,0.3049085757346132,15341159258530036e-24
2491152787115288e-24,8789484906641227e-24,31056042337061527e-25,23077513777702076e-25,54438048826718744e-25,15074276612755691e-25,31419151786181512e-25,0.5149351848179871,0.4850647858531341,2543584585012866e-24
646882919176162e-24,12509212942870467e-23,645573754025707e-22,8155732675338948e-24,21720398695407334e-23,7275202675805597e-24,21146836477316814e-22,0.6384879624394211,0.3615094847282071,15216792413213254e-24
2736817104986489e-24,5518353845386834e-24,0.39011446280556517,19152224895444576e-25,17344725372986684e-22,23772644023532166e-25,16229580938097968e-24,14439759704589448e-23,0.6098836229554715,6591588490253783e-24
8013088776802451e-25,45241660607119464e-25,0.3561484075777832,22357970146369526e-25,0.05373947929919888,8667800165161835e-25,8092050922912859e-24,15737579728870283e-24,0.5901120782426869,2622642898814106e-24
2044274431587819e-25,7808600881610856e-25,0.35155241797137166,2211084319476487e-25,4966029577867299e-24,22539693640163525e-26,7300902032891635e-25,4660128838071243e-25,0.6484475740827359,3519784602581576e-25
12595989870077667e-25,634469378781908e-24,0.18521744705086296,28143629541216295e-26,11900312414348591e-25,45002953164129474e-26,6780845266166322e-25,2251787386545055e-24,0.8147825456674537,5355378895128998e-25
17383698591918458e-25,1880124325062538e-24,0.25620634536073317,6672778414917229e-26,35141778767736515e-24,1458164360240935e-24,2438701546784989e-24,28715923195863483e-23,0.7437933238912038,8649639604727386e-25
878645234421372e-25,7572709929348331e-26,0.25703908735268816,4935528358197525e-26,2708022881092308e-25,7430608639546894e-26,8280391857093998e-26,23216157664749013e-26,0.7429609117003731,7427205404619242e-26
11507733203514417e-27,4544457004201146e-25,0.08720199283973347,17699001271259198e-25,0.7446929997695833,27574613849497744e-27,13302849979973875e-25,3288161726118631e-24,0.1681050002798083,22890557185225956e-26
35231657720228246e-25,9168669479456748e-24,0.2722933367447514,12692686884151813e-23,0.49076689555112823,5993657816543874e-24,10384990541453647e-24,9324100378436535e-24,0.23693959726485872,51177710761064866e-25
2959691150375011e-24,2809939161949952e-26,0.4438725727976224,4494189572838304e-23,6436800368988981e-22,32421094887325186e-24,4394540698780987e-25,4831180695416792e-25,0.5561267016894458,5596361134747827e-25
23496492770177514e-25,5544432499125935e-26,0.3564347047314033,10889728667133151e-24,5101371191533318e-23,943556806276098e-23,32515326078275735e-26,18107694194168916e-26,0.6435652207538392,2655321387243486e-25
3057871602313883e-24,0.2770680681697582,25305363215776335e-26,20522094316103053e-26,40510374414383735e-25,43818846709291295e-26,33751375804701133e-26,42562747110034456e-26,0.7229319227023004,35945837998590886e-26
0.035117568305333774,2699709454541175e-26,5500891754899662e-26,48196665198692654e-27,9506072925044588e-26,10211087933979964e-26,17365896183834164e-26,9365234185572976e-26,0.7239960106368196,0.24088642046424508
0.006050565271333176,11368198273540238e-25,21461113860714313e-25,22857585598610725e-25,0.5287565307673796,1981613416317524e-24,16920973763274072e-24,26856017525570293e-24,0.4651924597795372,39285407827904224e-23
0.0020946282145687016,2668196709894695e-25,38989540572346625e-26,12881425332297118e-25,0.6249930405644641,15081775208830258e-25,1813925071443644e-24,31954528663651077e-22,0.37290906132214613,6917896980157701e-23
0.01890767170034395,5921259251823308e-24,6037700571682937e-24,15512182701388638e-24,7100263786776965e-23,35430349770647254e-24,9299289591712587e-23,13949696907638026e-23,0.36569603004538437,0.6153959318603408
0.020571907483672238,22433860239807017e-25,22106196272671063e-25,35315315500679415e-25,11921531559001152e-24,10730795455267518e-24,12532967230215665e-24,22875223149116716e-24,0.3951279600522942,0.5843000664178984
0.024346092950747227,6038466017966809e-25,4713164229758027e-25,2559497327526656e-25,7766313765428114e-25,26654274306868688e-25,18393191701580248e-25,8484861930743792e-23,0.5178350142983201,0.45781880128982216
0.026788451752116103,5592721110420519e-25,5276816625623518e-25,6531187271787389e-25,1088841137334333e-24,1406067861962043e-24,17680522260426893e-25,1763319966324423e-23,0.5651939219727968,0.408017602638851
0.0371365916703299,34321758794931245e-26,25139010682553664e-26,21658291466837038e-25,4221483429627744e-25,3612714451220612e-24,15329092893460122e-25,14865009898496871e-24,0.9628509800845719,12405058613829616e-21
0.022775204677743164,20276822337729213e-25,16867642385987496e-25,4238418388652537e-23,25034088932222576e-25,6169983863773571e-23,14624259685950474e-24,12093849489507996e-22,0.697774215202072,0.2794492458091035
0.02072380808373931,11761819074931772e-24,11562006065201904e-24,9689927200729378e-22,14931658367506514e-24,933482934057278e-21,53091339300593915e-24,0.31993319729015696,0.6593025760982171,3842470537390208e-20
0.02158970843929908,773679340595683e-25,7260599150883293e-26,7805752390314769e-25,8734039129841518e-26,12564278812176822e-24,258575032539311e-24,1421859535674983e-22,0.6135067880561536,0.36490334747784964
0.009936938200748851,3724546531967392e-26,35334149613297316e-27,13718537594869137e-26,5163254427526447e-26,0.22020374377670046,11318796769117622e-26,0.46310411566622817,0.30675520164270337,33903000346779695e-26
0.007223868627512649,11628999765501313e-25,11835479900288625e-25,26940402316663023e-25,15356497530594829e-25,0.335819053269833,25026461120450722e-25,0.4351352261485132,0.22182183563606786,723922217223707e-23
0.01537048822800607,11052758717755031e-26,14373450617382465e-26,25625381684432e-23,20802552799118304e-26,0.681814403619355,13662088282502609e-25,26833181713681733e-26,0.2741328292098186,0.02868227658586968
0.0019425571955594934,7063981029590379e-25,7496748502813429e-25,9557512049492957e-25,13955598291083282e-25,0.6272795602747616,11238777631367514e-25,0.3655368016510604,0.005241073563725104,23842765748019143e-25
2605071355981322e-23,24733914365402464e-25,0.00387797796585398,21114751505932373e-25,22218974637578627e-25,0.5801641236734627,29183743601682424e-25,0.41595782564440886,22430921242187924e-24,14509457490230969e-24
5282661889214848e-24,24422319909601475e-24,0.06452485563194778,1498106015726034e-23,25332020468135547e-24,0.25884709461778216,11737910015465217e-24,0.30673180463454575,0.3698961288492512,3450930895724555e-23
7359955502760952e-24,25471075002176514e-25,6709874033350794e-22,22474427681455293e-25,28575860581579785e-25,0.6118906118059164,27939576535633123e-25,0.22356141478712596,0.16454728037535896,4241221462784835e-24
0.0002382052022548499,4186716374015756e-26,2061806727915348e-23,3550314806237198e-26,43246224401912995e-27,0.9997617610219546,52630770637090225e-27,12653438611152241e-24,26125338480761835e-26,6976198042057435e-26
7674766522421716e-26,23568988542409823e-25,9800004851131493e-25,40706812656847546e-25,7673611039215835e-24,0.5857271494167441,17213488473070665e-25,0.4142401576280178,3267401130017651e-20,2064663052105507e-24
4137153583053762e-26,4312959244841992e-25,18765411098521592e-26,17693846574769928e-26,5337940567271513e-24,0.5787411299753167,18273910541953575e-26,0.42125886253607653,862669260945299e-24,26811193490717044e-26
5221753792646128e-25,18280423530751726e-24,1503553598120522e-23,2398648627488226e-23,0.26577622540102447,0.6399519015214651,28642284619270053e-24,0.09427171678413145,36329352300857745e-24,33497150220603895e-24
34575512845724524e-25,3362596495263366e-23,31740135255463555e-25,3961371892319889e-23,0.24353387944916438,0.4964346120653148,17030774605726727e-24,0.26003138178365176,9702804463494657e-24,20097042745658484e-24
0.0007392511772796578,7074101544690557e-24,6954894621383842e-24,16908961380329776e-23,0.2532498744448546,0.6159099789459684,20980050084503546e-24,0.13010067703208308,5375965303020374e-24,8925195188796982e-24
0.003970707756745033,41584795783676365e-26,3185301236654814e-25,35361070749584965e-26,11903273602484087e-25,0.4978006792385124,35295575404630273e-26,0.49822860942637676,6062634207230143e-25,34082401359006017e-26
6830972149820468e-25,14054532721776783e-21,18999439822378946e-24,13952926899156811e-24,3847248896474176e-24,0.9311378246457466,16592896419059054e-24,0.06884788379269016,1773143869487121e-22,5654124672295846e-24
799655713073965e-26,0.1822466811907573,1143561182417373e-23,16681892632149802e-25,11038159163029012e-25,0.7999087211217472,4316645924910707e-24,0.017844450637726997,12642042886685858e-23,2096441472013847e-24
22079495971387824e-26,0.15160351766481447,2825253722531282e-23,15442672966421254e-22,5295599997996976e-24,0.7157651535995104,9663657383442557e-24,0.132629706342506,26514400291057223e-24,8178933103361037e-24
3883958426784504e-24,0.18109373751555402,2226058007007913e-22,571536129227584e-19,9802040659685473e-23,0.7883022736211882,23606973971960312e-23,0.03054571573128635,4179498703952543e-22,1409887952993546e-22
56011826291678776e-27,0.03854515909225136,2401523591354539e-21,9583876721211064e-22,6999922864400902e-24,0.9344573998410594,29606466409015842e-24,0.026993957075279174,6882288364630887e-23,18594989867306292e-24
7281851859490447e-26,40722113756611813e-23,19456020697876396e-24,0.2326624828851728,17189230476593883e-25,0.4414765267114776,522279240591575e-23,0.32586054937017883,41221970090964435e-25,32192530921791572e-25
9021182297075232e-25,0.14309366979073004,0.18054211641367965,0.14409744993815368,49420805209972535e-22,0.4993194361438046,2310209908259257e-22,0.03294210414362851,15346230165647776e-24,34219200134001216e-24
3707414033913314e-27,0.25111922828725325,39109638080829536e-24,0.3536069755040986,921565352909149e-24,0.10879902087543095,26349617641625893e-26,0.2864747347590437,11684099215685514e-26,15894415645878882e-26
34791823901941586e-27,7554610341860474e-22,8120187587927521e-23,0.3013904007798143,0.26337715088496033,0.30227909554012666,0.13295245497202024,27584528678208765e-25,127390566118382e-22,4562768162316058e-23
0.00040259939675788627,1512766340219367e-22,6992617369141783e-24,0.06142841514101711,1327138784995881e-21,0.09419444389978049,0.09985466651311524,10696239446552179e-24,15886611821711616e-23,0.7441182200785526
5502693573619279e-26,0.038178590959130745,665610551302308e-24,0.07751554490994168,2374921028319546e-21,0.11380531664341152,0.12732014597581068,8058976404188052e-25,5612683135114956e-25,0.6431780245033808
617993373305645e-24,0.06091471539190808,5827443384759269e-23,0.1536584422248074,0.14649090834494846,0.14699184585984393,0.1970494072908453,2125560301759884e-23,29648944431577833e-24,0.2948945710906757
3245062097579176e-26,29917471800140817e-24,0.03853021758290289,0.16838064841770037,0.3629898362653795,0.18853837266758294,0.24156084915288292,11650186058302996e-25,13203287662304001e-24,31598796419803205e-24
8701981516763015e-27,7024413696318748e-24,0.022228494035166833,0.21642649665712085,0.1712209372000733,0.14116663568821153,0.29794397697418523,22119721054092615e-26,26237772153015417e-24,0.15101342595317133
725983129748768e-25,12511132138123722e-24,10949397780273988e-24,0.12362126710868945,0.16454768079013776,0.10510161762918185,0.1969628656559662,15116970663911516e-25,17163080687557986e-24,0.40976652660826385
4024915125561626e-24,2601739392586302e-22,28219301905122385e-23,0.19740196812887004,0.13424827935689823,0.15574555457445816,0.18694606307566589,234099294615645e-21,15142541821141117e-23,0.32565720294893064
9426854945924017e-25,6690400048037601e-23,30466531425114144e-22,0.22941906208553717,0.37252644198830615,0.17966584317153345,0.1612183133239169,22509251828398557e-24,0.057167124474718424,7793887907238714e-23
0.0021721430555877333,17647914867116902e-25,0.5832789876299523,0.4021437539918201,29213255364045307e-25,1238991412631258e-24,34008296859609157e-25,687439514392784e-24,43903381720777237e-26,0.012405104870713468
6536064077346321e-26,0.006920728748794084,0.04252633171088328,0.40275242334412276,0.047879877527318794,0.03668627820134364,0.27563039594386596,5265137139797193e-25,0.18760395532348115,8612120180769961e-24
14503336314685438e-27,0.022186384767865087,0.02000816640834905,0.3597930917943456,5666658578481223e-25,0.011106398827863127,0.3738903595410308,3185864352991729e-25,0.21301559735213121,40866490602584726e-26
0.0038766058323813596,16050220669799948e-24,0.7239740865440929,0.13676475150258108,20608128458757477e-24,43839682371942026e-24,12902457595299036e-23,3840600382800719e-24,33955249490502265e-25,0.1353843393629659
0.004524500097903238,17448370669394041e-25,0.7592448023908147,0.11437890026274596,24799770229116306e-25,11832995283338982e-25,3855225925521223e-24,43510395286804487e-26,37601069828210954e-26,0.12185178715572133
0.0010205689496997168,3845252231975787e-21,242683757691297e-22,0.4443439322224587,0.15410791378541017,0.053676577684939615,0.0016991453325686948,6227656149679571e-23,0.13590695393707808,0.2092409762902863
0.0022287949803773003,3489256524425216e-22,28087021800036557e-24,0.35747539552740853,0.04379991160137486,5438955659921607e-23,0.06118774534772668,704838483183237e-22,0.0683657572156808,0.46694189344037124
18259696759371662e-25,0.13264598986028392,3700270121520265e-22,0.5106204133804876,0.0008434283523977376,4631394704174352e-21,8198467465279234e-23,0.14539726525381083,1930920230495892e-23,0.21048779861163405
172334851527724e-24,20035602197901954e-25,0.17634013731880566,0.38515026639672056,0.20490539662875581,11114721960375628e-24,10521452642065928e-25,42170802940041255e-26,4763167244389401e-25,0.23360418441496264
6122825006383952e-27,2126789956778598e-25,0.22367258079125418,0.329887727548815,4435933048196253e-22,6451680121546591e-22,1333051409931984e-25,32073630286707295e-27,3211507585927283e-26,0.44643860248227674
442599127705938e-24,9469551352248586e-24,0.24483276861999256,0.29874615057032816,1470971864237629e-21,16379064765056272e-22,12572033582362771e-24,31542472283469774e-25,34598438742216263e-25,0.4564179428330519
5121085913848856e-24,14414995802311322e-24,0.25253345725607407,0.18571754648774497,30876173978939245e-22,25575641400010177e-23,13098988293755936e-24,3966155854276228e-24,3664237356835753e-24,0.5617456126169051
966228184474899e-24,17698471774415842e-25,0.2646792641011366,0.11529320967624505,6296914683193968e-23,9643579347905191e-24,12340197851206327e-25,40919485530621283e-26,4953953161876273e-25,0.6200274487393205
1300824253336565e-25,1670868081881164e-23,0.27030953510552125,0.07347156173274012,7562782583684124e-21,15583581087456395e-23,9193368275087436e-24,3419392566980123e-22,2640176950590657e-24,0.6562108139317623
5753521537496546e-27,14232831858661554e-25,0.21745403805441227,0.12469760006201408,0.15929159984085536,6944455164683269e-26,13158586870350744e-24,1730934445459869e-24,45875725416872686e-26,0.49855674519595866
10944542351268994e-26,0.07145982593876216,0.4291589049454889,10107955872618757e-25,26286245415676327e-23,14181649053707183e-24,0.4993809754711175,33186216149684084e-25,26607412485834934e-25,9501819908284054e-24
12946005089556976e-25,0.04817673805660803,0.30719378551720594,21032272617226063e-24,9565166793454296e-23,13684805135456805e-24,0.6446293141147738,6249803768453191e-24,4404305838893855e-24,19993983431447446e-24
21297909287398553e-26,0.03926822485303757,0.4462423653148324,5276644098469096e-23,38061342508038454e-23,4574479509977145e-24,0.5144889427176366,7678623872340739e-25,8971537344513115e-25,27283790114308235e-24
20234699325689582e-26,0.049968253832427034,0.32834139778809934,5259147234744728e-25,7169682960405636e-24,5601221669925494e-25,0.6216903377403887,2768359174837948e-25,2041735405719548e-25,1700001547563322e-24
600944337224424e-21,0.1399944966368965,12539565266683122e-22,1030081627248185e-22,0.02255392037425987,6202268349111754e-23,0.8374492807304946,4356610425624227e-23,23633737266298457e-24,21512680163146572e-23
3799598257647728e-22,0.13398704071335674,6126593508507234e-22,4768687358925099e-23,4237603545515912e-21,4786481539893029e-23,0.8660073976719147,2977145554739331e-23,15074270026356615e-24,19099464253801126e-23
33957989547994767e-25,0.1380218516898623,6159492000149343e-24,4277531206078372e-24,25256487551427046e-24,6292629665442372e-24,0.8619780852582601,4769170303921404e-25,8386827629034307e-25,16355393650727294e-24
26593684579814476e-27,5632843416137466e-25,1380004730389361e-24,12137232060831831e-24,7433932182667421e-23,0.07584052734308311,0.9241591912634067,6021768775014113e-24,6839931020651572e-25,18624145517333088e-23
18284803779687387e-26,0.1013272724456409,0.6582982533546544,19750184880645283e-24,19369393210766226e-23,8484356175151196e-25,0.24037425704026813,42081564307040444e-26,9686060277530568e-25,12946625918913128e-25
0.008827171195861787,0.260718594662631,0.26267578170181266,8316685953361168e-24,20186548514346067e-23,39302950129079856e-25,0.46777822671503405,28927467790453985e-25,18666181144269436e-25,6852796600574139e-24
0.010214419241760227,495925086729829e-24,69224988725772555e-25,15250776032581366e-25,0.6090795827931359,12915097162197732e-25,0.1511441908080844,0.22955993481251386,7718814686854892e-25,18613380631957432e-22
0.0242390222161744,15967424137586105e-25,2684062575277011e-21,9321825513926672e-24,2587707507911674e-23,37212363425920988e-25,0.975747203972845,10794438097291485e-21,28357692893377587e-25,25196314488501804e-23
0.012996912650113233,0.17625274911656671,0.2011882765917579,3557339836299679e-23,0.6095612397958216,20930823400130103e-24,6701273647122379e-22,602469392624947e-22,10383217785574673e-24,24584385279410858e-24
0.019243525299765005,34629736164720677e-25,0.03718992767781221,1120020223598984e-22,6749957635073643e-22,32200265619770506e-24,0.9435647703601381,6952640619461948e-22,22783888152021584e-23,3090399699092871e-23
4394953983577095e-24,0.07509649436379212,2976684482934075e-22,9172597592355911e-24,0.7088778237262727,9139803699087289e-24,0.21602533368300517,8430973829744868e-24,8968755156781728e-24,10452383292790088e-24
620796821830505e-25,0.058684233736252145,0.027637572770437827,25928771199670794e-26,0.704164544051273,25694556518903984e-26,0.20951364780494303,18180707198395327e-26,4740895088052894e-25,4027776666704719e-25
0.0034259545969365654,10098839474836143e-25,5491592296474687e-25,0.23501684823847954,0.5391512029029918,8597155063222768e-25,0.1718814359533564,26276859557951763e-26,0.05052455298055573,26461834508121118e-25
19494413542064387e-25,18785051161222447e-24,5496655141233699e-23,0.10630513072414995,0.15253282306774396,13228761425777559e-24,0.382150987696071,0.10503022221213983,0.25398073319042513,14179664428147184e-24
0.0014389270387199016,7361318368236987e-24,0.1202423163195195,4097186293189646e-22,0.5025961860092941,14218806282902432e-24,0.3757097826472768,21869086024019737e-24,12289843254617548e-21,4497395421801036e-23
0.0057635218410077476,10453331170007613e-24,0.3027468447269894,0.18578230269056348,0.50570700119604,4716819907370479e-23,13633696751546581e-24,40747521678200955e-24,5289154188940266e-23,16465132090681776e-23
0.0061775139858719335,13658967517488164e-23,0.4373244093884134,0.5107801735299043,6066302814889727e-22,10531039661367467e-23,5874734943992254e-21,26671028470383e-20,10641171928858387e-22,0.0457098490031853
23827018632637692e-23,6373833378070511e-23,0.37046711133738147,6372924617271272e-23,0.3900061764437153,2125340316248062e-23,27613958142283493e-22,4253221941064325e-23,8684278676977854e-23,0.2395234344568135
3677594657099744e-24,3144401114181592e-23,0.09337008044853605,69316738044637436e-25,0.23343606880728252,2420727216703594e-24,12994369119336307e-24,2467008745459058e-24,0.27046388956814577,0.40272990124066643
6042301051846774e-24,6951033048953976e-20,2007882282858971e-22,31913486531295115e-24,0.28126402703104475,1239028454043743e-23,0.04578998131830817,18046472712223984e-24,0.33066126765998066,0.34221494447941664
15391178634250203e-24,20768992178631134e-22,0.2096450983281857,6073855449780874e-23,0.07342272852299872,28082445258014305e-24,10871866632043619e-22,51405102390022795e-24,0.5154894755123556,0.2014393779332826
29847902358024476e-26,5107158708932015e-25,0.25753604136181424,26324754760612415e-25,1406222240805197e-23,2628727049472374e-24,22566703341679758e-24,11876574979754294e-25,0.5545717861274174,0.18789212862364033
3301869418254622e-26,6626884499914631e-23,0.23883126354482387,14081560128802912e-26,0.02260246270745133,1541829611304022e-25,745969994336775e-24,9971635340587014e-26,0.5329239646464333,0.20564224165876635
6206751366917655e-25,56266680674949324e-24,0.21162375326266158,20040209086608165e-25,49011170614331585e-25,12774594570000896e-25,1853732313475395e-24,8223065440834321e-25,0.496911068476133,0.29146511051521173
4716143939622019e-23,836820068129049e-21,0.14819938161573126,7488684624174672e-23,0.13505246955206246,2128679725657147e-23,2900202976686359e-22,19986686994366065e-24,0.3322942539651976,0.3844526047048887
23173271826412435e-24,8360974762391503e-23,19348340777387524e-22,1521780729977857e-21,0.1601706824351688,56745694719787005e-24,4752614906833096e-23,44087682059587665e-24,0.5278396905410362,0.311985915266442
7035638073401122e-23,5964451840129504e-22,0.5220651897116336,26773318685145e-20,1827755388143744e-23,23572132486375182e-23,2367753542212913e-22,0.09547286722580886,0.38246010018410825,4175713838015769e-22
0.014861147512763538,13666839485874999e-25,0.2542134999561537,460727317921595e-23,0.21225586844213545,14806557343457831e-25,30133076789813203e-25,2244305088344445e-24,0.5186616973515196,7774025313408506e-21
0.033716276773818596,10872645101657056e-26,0.02732479182718283,21559740937187834e-26,674378780558983e-25,11281208378732319e-26,16110581955889347e-26,9845860779722476e-26,0.012824236650288829,0.9261346939845738
0.020079922567675813,5067737274585138e-26,0.3965655103955924,9008225264238398e-25,6662198293564995e-26,9259155674902239e-25,12610244898671347e-25,126214383981428e-23,0.012721384117076379,0.5706331784525026
0.011536108375402804,3831152286982421e-23,0.4364138990411637,11124351181224851e-23,1350911850244392e-21,2061243264233766e-23,4090038283645231e-23,4905831368184408e-23,21586047294603906e-24,0.5520483599593917
0.003230452300471063,22882141696859754e-24,0.9945529244976956,68597397433123e-21,6155957206131428e-21,2341074191366062e-23,3540152598683198e-23,18874298052851255e-23,187062935796359e-22,0.0022101094913678076
0.01375244906716988,18189537930461935e-25,0.41944519577072453,0.027978221276146662,2109754844333694e-24,20077787338981836e-25,804823582221635e-23,4510163196168443e-24,30207179583562737e-25,0.5388241123704179
0.0003826018614407576,14967793843888535e-24,0.9993227126382865,2600032352159375e-22,2036236636126104e-23,29353526107029082e-24,38652737879233554e-24,0.00029421084418086344,13916397213540751e-24,9741656376782753e-23
0.0028839932745691565,9742570398321977e-24,0.0001522978830803993,0.24504070000109787,7144589075009463e-24,42899337099235314e-24,0.014987909169956702,1256485927518259e-21,20738632270911624e-23,0.7369335760126927
0.010022080048496975,11917446952240421e-24,7577078393394867e-23,0.011375399962092319,7752412988096753e-24,19782155667667124e-24,42612778144347075e-24,6769647228868563e-22,2459286824451817e-23,0.9786016605960247
27001540605997536e-27,618133749198948e-24,0.39622653627951077,0.5638222581960873,12308704755039735e-25,14748261251838814e-26,6715168092239159e-25,4920937968916139e-25,0.03995119835137558,3985934712330429e-24
0.0002628586200802548,7143251819310344e-25,0.6958963098795565,0.09919050263614845,0.15820752639011898,786561851301642e-23,1045091551595258e-24,14311863583667633e-25,8895840552289561e-25,0.04644279052883166
0.0017938887710334424,3977923199068722e-24,6593148685261568e-24,0.6351970080065712,0.1672133046695655,314165370541552e-22,0.19579564442336164,3416084097419856e-23,6319500951036819e-24,7166151315286359e-23
5082840557500942e-25,28559981216235177e-26,5589328156942971e-25,0.5214898398499375,0.22976906815040346,884073892864648e-23,0.24874106940961221,7148232318606301e-24,10859011606274568e-25,4162331968842462e-24
1148272652732127e-26,28273150440494998e-27,0.30196064692748187,0.6817991909722351,2542245028099976e-23,0.016239967562843967,16288472180814986e-23,5663034736382788e-24,9748551910293645e-26,4297063366770384e-25
46062359676625487e-26,10587287904234088e-24,27316242494514476e-25,0.20235107767973443,21415495929827002e-24,14315493750379278e-24,14467301093002525e-24,0.2769119611371126,31392520713227465e-24,0.5207368951465028
7444885394691883e-25,3373661058714944e-24,0.18587354992831423,0.814126338147518,25784244783271678e-24,2640749219614679e-23,25455534464094154e-25,45812008966511255e-24,34526188422355902e-25,3804088118155562e-24
0.0005544426106572126,7100508401350504e-24,0.30077617288662334,0.6986684302275468,8570074399395643e-22,7923228965297632e-24,3834353778565308e-23,29246573747908185e-24,4363519590356701e-24,10290363373080967e-24
0.0017234606768741158,9601321290028224e-23,0.2693126314428645,0.7289610224834656,11977728666532704e-22,6694837388927364e-22,5030384562794023e-22,2824533886202266e-22,36635186531975294e-24,1000001381070811e-22
0.002143899393934763,8020056109310939e-25,0.30834956531691643,0.6430805384356602,0.04642597649273687,1323666501119999e-23,2163928173304332e-24,3247035322259562e-24,313976311679039e-24,5971649055384862e-25
0.0030560007504710947,5211129205179931e-25,0.32791941726111945,0.5983464283458036,0.07067814645910486,3018351528513431e-24,7106621788431088e-25,21400623514424505e-25,30427581344966075e-26,4890392039368901e-25
0.002161564908589988,15350187119598953e-25,0.2894462497155019,0.19179670804583926,0.5165954417880377,24600022765995772e-24,2231425752577069e-24,47974254457971e-22,8984766307476339e-25,14796616795591221e-25
0.005567303595983014,0.15242225013673344,0.8242037626385171,1009544092071935e-23,0.01780648931687561,4043851662846518e-24,23909461696586875e-25,17235156446582504e-23,36892429217249687e-25,1740868256693475e-24
801687665165233e-24,20342310379750375e-25,13576752501941942e-23,3039907746061381e-24,0.9999998381663585,18384902890093009e-25,2290806472863246e-24,11016993723873973e-24,34813613866817805e-25,15625528118738185e-25
6048171260195434e-24,989415207967657e-21,19979327841969333e-22,13563272991496403e-22,0.9999886267337003,1321457223592758e-21,11856437694432796e-22,3819125766447801e-21,3403642702537723e-22,35695534869712993e-23
12457031789515895e-23,13740585839175218e-23,6043940005160373e-22,1722026495960057e-22,0.9999943096987497,6431405023724818e-22,3237130156055316e-21,5955733059135828e-22,1196501887999405e-22,5623427754380084e-23
24499836270048415e-25,11207240149836431e-23,23817159486216213e-23,59112479665306506e-24,0.2666722832345508,37055496932462725e-23,7661272288100986e-23,0.7333267272814578,10543150852501163e-23,25078334978675997e-24
950896487815824e-26,5757096910556982e-26,10772224470438593e-26,7657938276699487e-26,0.23031510806024508,7158408376234663e-23,12626934200278653e-26,0.769684819808333,14521050646570315e-26,2722209822405572e-26
52796059909837165e-28,3099722168908702e-25,2453595062120276e-25,7381928523859008e-25,4034411311387475e-24,0.15381359865325206,50234343582757846e-24,0.5588549828581871,0.2873313624766005,5166908715748698e-25
17580998189262678e-25,5380948563822075e-24,60713865390260415e-25,499538526534216e-23,10590459626273295e-24,23707497951578576e-23,3473726055823932e-23,0.7570534518643034,0.24294624425142874,32758263358610646e-25
16177029696029025e-24,3407454983103391e-22,12457011332918755e-22,2213401347911496e-23,1444261387056525e-22,0.21739500953166738,7125237726363845e-22,0.627376404190405,0.15522608892314274,15647392247273912e-24
9124259251470261e-26,947668716388233e-23,24526507013757278e-24,5931091305293601e-24,20729407432737195e-24,0.1840936429105605,4313225894533016e-23,0.777163132345797,0.03874311780594222,30505225212616907e-25
12309435721476515e-26,2576836207584391e-24,0.3691031729609282,0.5423317151677811,5694570133517074e-24,4093224327244237e-24,567631805033817e-23,5699956977278203e-24,0.08856508119727197,681013268151258e-23
36111962300431714e-27,1930425997979173e-25,0.2520217085248455,0.36549037612749674,14567911191848386e-25,799619855670403e-24,0.025883585122136045,12108212657283027e-25,0.35660432531674197,12332800281227602e-25
17228512082731729e-26,17598904572926465e-25,0.12799302115475836,0.11550046630511385,24509937909300952e-24,4664648973248787e-24,0.7565064628477529,10371848194982024e-24,4356376367848002e-24,3857273109310914e-24
13499191437985734e-26,21243834871085477e-25,0.035526464957451265,0.038363243415284354,29165236747542055e-24,9434300731753477e-24,0.8829417214218425,29740253119549097e-24,0.04316849604501019,35612268874676504e-25
4205793214484667e-20,0.013213057738800896,6826132138962941e-24,28597399579325776e-25,10041571577055463e-24,4683274922055513e-24,0.49061086545829824,7234034652185127e-24,0.49613398255110036,46750322405674444e-25
3358539696855368e-25,2759235734457562e-23,0.004146476771395983,17276419385036346e-25,10773057435268994e-24,37050807104479438e-25,0.9958534029145371,12964640882839414e-24,5633006548882789e-23,6882276069588928e-24
11015052171654006e-24,48195005590142255e-25,0.031372025542943625,33336858153277347e-25,40363294377295557e-24,4621710357372255e-21,0.5418306122914429,32855641352533314e-25,0.4267926697010254,7937634082960355e-24
23634963123124265e-26,0.04813639313764949,4126301411378467e-24,4546651825120996e-24,7414893797854087e-25,18308312357172526e-25,0.6271190779184768,0.3247445063351749,1965760018126655e-24,9161349425650608e-24
0.004251148832592093,0.09302740584861979,40304765547928853e-23,5521797404257384e-22,0.554504218134122,0.002640124111428597,0.3455757541215594,2340497835972361e-22,54018657954451305e-24,10565584304107779e-23
0.0024927514217501895,0.20526542051753074,8328692320669799e-22,57302770463158284e-24,10331685859525165e-23,0.7922395953275532,9104686954765864e-24,8508514607066286e-23,6870323166724636e-23,1076348283195234e-21
0.0007111629968723908,0.055848423793482115,40547298224456096e-24,13674553652795287e-23,3861120246247063e-23,0.5505268422141857,0.26207357215904065,20592892747012898e-23,0.13083956741289504,9590550888533575e-24
29032532659252164e-28,2931860029923248e-24,12782477025008805e-24,1974517904574622e-25,11481214107294505e-24,0.3575134423443351,0.4554771313978341,2945450160745278e-23,0.18700935372726496,1718178522855742e-23
2169662603043472e-25,2006567679067348e-24,0.04090139403510447,13830212296907316e-25,18470968359753554e-24,0.45755602772183507,0.5015421960345084,27152421523587684e-23,4284210253301115e-24,8432280622553196e-23
0.0005027666227980269,0.2359659335913284,42953533026048055e-26,139570622194913e-24,35081312624989137e-25,0.7635310326890302,282754973786107e-22,10476707318279114e-23,19100727218991681e-26,1297859771342879e-22
26876142694431266e-27,0.20195766408095947,4898469184385714e-25,18860497794394204e-26,10444233685019112e-26,0.5813543690310822,22207195803753395e-23,21505319381136787e-24,11126734988506726e-26,0.21668772238966746
7449548516783338e-25,0.2004636187282047,7112602482970563e-24,2722624175221421e-24,3079545103523654e-24,0.5090866001015731,7900696776034255e-22,0.2904489627384219,16363849178977623e-25,13065986971791087e-24
13280806243533898e-23,15390678425974774e-24,0.3316378386591106,3516743760881123e-24,5799356478167399e-23,0.3825550314493872,0.2858063791063999,385439717549041e-21,30784243500861415e-24,12485196237595606e-23
0.003864172821103082,29356327624742312e-24,0.2834127541848282,7498729602738204e-23,0.15313349951182423,0.4602413129600809,0.09934580298533807,2235363384133986e-21,28038542558543783e-24,897913939704581e-22
0.003276474809265814,0.037885603050169685,0.40534299087270825,10133832835943333e-24,0.11670158875573441,0.35140640805923007,0.0853869070262463,35086678444954294e-26,11255329014520376e-26,1682938854595175e-23
0.006042918676732885,8280994952030674e-23,0.12784439930781324,0.07582718163394604,4130910250903405e-22,0.09138581845581013,22969441755716075e-23,5771534146723327e-23,16735814001756778e-24,0.6988988818791135
0.009510288805931372,470466761772906e-23,0.34727596193037796,0.403593803035868,4601738581349419e-23,0.23957731782691416,3342320457107334e-23,14216566217469016e-23,14116197006639655e-25,4240067887634569e-20
0.0110390023481816,16516805885885623e-24,0.2242311961554133,0.3736529520097231,3813585873074856e-24,0.20922178015964663,9102146989867633e-25,3742278683040147e-24,279594747023722e-24,0.18185504406455968
0.011863073246038072,19773709332541752e-24,0.00023330359421261897,0.42997922179861636,0.12378444931544073,37064725294549284e-23,6557301517674771e-22,6023016526294361e-22,21831134975559356e-24,0.4341382817626648
0.01148577115030708,28221478861072282e-24,0.029199374117203077,0.14149256258960874,6468993800969419e-23,26443319721277944e-23,0.0007010331935570652,7047683339553013e-23,8852941894758358e-24,0.8171208222732
10861443720271718e-27,0.13207059640413946,5765742722444966e-25,1864710591837595e-23,9041807972850345e-23,0.43879023796895716,0.4291390303963495,2186377583490202e-23,17103771279297202e-26,35431183218700056e-25
4720148586449771e-24,0.1131106963085138,13682684061880203e-24,0.3021547482842638,0.1213876320305569,0.4633441599471859,27017657836512237e-22,20236927473124792e-24,33786121318820034e-25,19645346573977205e-24
7562766289379282e-24,2815639404776567e-21,4375480695775638e-23,0.8943382872302945,0.1056567475686765,13388092689134865e-24,8458659013672404e-22,1105009100717789e-21,1003829870160835e-23,1239433055293135e-22
7578707419662317e-23,8110998600650334e-23,30478094719207086e-23,0.46254881982648255,0.05541916169807539,32956925265429086e-23,11176631256009841e-22,0.48202994516277503,4943220917661812e-24,1594590607181329e-22
8950944688315233e-26,0.0060454768217159905,1371733980237684e-25,1177068631616851e-22,10579146297827138e-25,12814165897391834e-26,9936948772765727e-25,6486835562941487e-25,5688797896030953e-26,0.9939544023594342
61530901078918794e-28,0.00930184287301608,2015035094087801e-26,6104632834862889e-23,21727183479854145e-26,15607472527100256e-27,13717229337266984e-26,7343489569185184e-26,8013283760143316e-27,0.9906980956031731
18875421349135695e-25,10856455449610383e-24,5355706374814456e-24,0.17926330227018075,21042941883939175e-24,22831097895182902e-25,13606855795986494e-24,18553090830786875e-24,16486721008077833e-25,0.8207366224953584
0.006799575044403989,30395598352111424e-25,0.034509695791484885,0.05007182792698283,18165033412845166e-21,1085137073960065e-25,2082801077142873e-25,1117507506933321e-24,47481553815567836e-27,0.9086007316812301
0.010555628847998044,7148262553017222e-25,0.015679310772094154,0.03942534686887425,3998831735585365e-25,7798158929866313e-26,13419159763529884e-26,26014277533641544e-26,26724621488498262e-27,0.9343397118972858
0.01596126552178251,9703730155007606e-25,2958946482721335e-23,0.04018381118293227,9192497293215138e-25,12113044292989932e-26,22152868865111654e-26,12400047342593135e-24,3837792833020453e-26,0.9438548790351593
0.008565261835718766,8930285055038382e-25,6167151238013577e-25,0.013558916853635479,7578628881850902e-25,1335959102140563e-25,21108231232041544e-26,5844080553974093e-25,4371959930782512e-26,0.9778758180702343
0.007737392428800128,15317325891412216e-22,2160840145124784e-21,0.011073902009663754,4773896371748778e-22,15797207779897016e-24,4663286016626493e-23,39463276859823416e-22,4970648250878569e-24,0.9811805218708397
0.003172893021270053,3225714638560742e-23,29251506223484664e-24,5310568358539262e-21,3203449330166572e-23,18711676729911083e-24,19083239257820937e-24,393401333040815e-22,6889541412413121e-24,0.9968216188428355
0.002539512047287543,28159591238688144e-25,2202412498949147e-24,5277209056207354e-23,393137353057217e-23,1438308538025126e-25,3429987533281864e-25,1697150060581572e-24,4905248867665707e-26,0.9974604239931993
0.0030092697106642637,1155494679947092e-25,5272572587668028e-25,42978229758948846e-24,1983738235695836e-24,3812531229775501e-25,20698946054577967e-27,8157458555889721e-26,12033785609659113e-27,0.9969906841885965
0.0028936197019413315,5943516431619793e-24,6574750942502668e-24,16851333832748594e-23,22570741915213307e-24,8554251666094954e-24,5895493121461901e-24,1506187835289294e-23,2946833399168346e-24,0.9971061442374238
0.0016376108047645318,11597425637250414e-25,7490369869077542e-24,8145301307835267e-23,31269773770848817e-25,4378507731699471e-24,2625612211802358e-24,968591950172246e-24,17011524059423044e-25,0.9983622862912859
0.0032706734558383497,713325447062176e-23,13753773008252974e-24,4408366805133213e-23,3970081448991673e-24,5088015706063883e-25,2074949459635453e-25,6300379247518896e-24,481857923555518e-23,0.9967292457568503
0.004039972020828747,6689539789842522e-23,16807858487694396e-23,2660429569222279e-22,6081347729586379e-24,8961720399052131e-25,19398650328492037e-26,3089122163609583e-23,6655087350201521e-24,0.9959594822444181
0.003511385542815847,8103732191530498e-25,1616778564826331e-24,5157703246902106e-24,13695828031341429e-25,4359831800182139e-25,11204636899747122e-25,8056752141358128e-25,6201560674379193e-25,0.9964886025204204
0.0032364128617563314,4460698490754156e-24,10868854660091453e-24,870455676989058e-23,8585659395707377e-24,6306189419739237e-24,7391497520303723e-24,6978157795301497e-24,24061601873324935e-24,0.9967635097810138
0.003657897641205899,7186302313989121e-24,10825092299746028e-25,20526773273130877e-25,16924925512822528e-25,5363630760988415e-25,4989867722234536e-24,9779095886301023e-25,18716812495021614e-23,0.9963418966724384
0.004554758472881886,3590974484418973e-22,19159010371900744e-24,5188651621330727e-23,5048286377938877e-23,14121549713041749e-24,6110620468350337e-23,7080046235482703e-24,8170418553526127e-22,0.9954438618694265
0.004671069054881328,8814918571185321e-25,5400748614829629e-25,9774348353480116e-25,8177639109482474e-25,5913078934255507e-25,860480370615925e-24,847144741389123e-24,6529781460877894e-21,0.9953223956453372
0.0032710992858386305,14742702743019795e-26,2033273468262784e-26,6846801802196695e-26,23268163262466583e-27,51149930505972924e-27,3792237391455335e-26,27219620180989003e-27,1893623614972584e-21,0.9967270067127642
0.012097615638709905,658939387010655e-25,3624064434893594e-26,42176050409511115e-27,7328221202182403e-25,436178910172361e-24,6408705995880995e-26,4966554577649278e-26,0.2615459619238741,0.7263564210104276
0.015124413116812771,8293597674461787e-25,20623917676639127e-25,5150935796159821e-25,5137744336667334e-25,5750044276562152e-22,6755385190471463e-25,6166768478503622e-25,0.36620146652119545,0.6186735401446004
1794340261956072e-24,0.03700281494831943,7750292455698331e-24,50763153454638855e-24,9921957969988027e-24,18238920862142357e-24,8309114094722189e-24,4257696268063588e-24,0.34897515352403913,0.6140219304924066
0.021391975230366282,14496484147913277e-24,7673862899785678e-24,11196926622980665e-24,12583619897144685e-24,0.17245097357892925,22175177599719727e-24,28110308178376623e-24,0.35368147669744415,0.4524754782568767
0.010314487240083846,4286658429729223e-24,24233009933724916e-25,372129098651271e-23,3508733247531124e-24,0.7901466616091758,7201057621865094e-24,603746373005691e-23,0.11144625924078119,0.08809256473150393
7340395091871352e-25,5285598421068094e-24,42891812814172406e-25,5703123055102959e-24,5940681352016191e-24,0.03336534078617383,0.5955747350826038,6506527356263988e-24,0.37105832310056114,15725715294165665e-22
0.021445061149307502,16490716401795952e-25,6759132652295132e-25,3271528983995922e-23,11405748578141291e-24,1390056177623877e-22,6703773892402983e-23,16769590193275488e-23,0.2167960719980049,0.761758446667535
