3992121353733145e-25,5317424924610801e-26,0.30168556201800306,30346795083389913e-26,5636047569567094e-25,3834596954998498e-26,2844824446052934e-26,1374353519957499e-24,0.6983144349140729,30729716046349326e-26
9145569714818486e-24,3891220679949294e-24,0.29719508578477244,14694655762581573e-24,3006201059358614e-23,3793431652894973e-24,217706704158415e-23,13518926165002103e-23,0.7028046978947109,1736729857050507e-23
0.06696227436574029,11520448172762759e-25,1565654109996423e-24,23101890839506956e-25,2846735697324977e-24,806514258444006e-23,27598341164035565e-25,1958599699023211e-22,0.9330374456936592,6538369789021613e-23
5043140289434897e-24,18337816093429325e-24,3295767573631078e-23,3213475994504956e-23,5100325857425196e-23,13349045542788347e-21,22974168932936532e-24,0.2406298325765607,0.759356615170099,4075697783425486e-23
5166805567808035e-26,22310806471905382e-26,3867724654151153e-25,2925641975016918e-25,53546155120841e-23,0.1206110067738887,25208488399870125e-26,0.15956904151722934,0.7198199494877286,4794653598063841e-25
5912206656578202e-26,358286310099748e-24,0.33688288556910423,9148476013238669e-26,16316986813579342e-25,39963202157389865e-25,15044897442641191e-26,16447095244184086e-24,0.6631170908264253,8698116436676113e-25
29907190432696845e-25,28200544949589403e-25,0.3430307015877916,2021716363951323e-24,4690576837044098e-24,23362513572450474e-24,25099310793335163e-25,18414638500907346e-24,0.6569692368285864,4773487660608621e-24
5377241743304249e-25,2840252088171358e-24,0.358470114667508,7839511262874493e-25,15595114307996123e-24,6043562443867984e-23,1144486645485859e-24,5159105339044125e-23,0.6415297457324223,6671746382079874e-24
12708095492352667e-27,23629347962700727e-25,0.3604117462129238,13672725567794813e-26,1495180841141864e-23,12380171929848625e-24,10059783786390857e-25,700654601330267e-22,0.6395881481380506,4733584381121397e-24
1389072516070414e-23,3589616914264911e-23,0.385129021210256,16240986275502252e-24,9535681567173355e-23,22884712386413574e-23,23804939650298578e-24,4894645402853476e-20,0.6148215748950496,4340396529723234e-23
26287776813194664e-24,10497023814563418e-23,0.3759193471088411,2539206320905874e-23,7083056745240642e-23,6482697724306538e-21,6618880221946262e-23,2741692034241146e-21,0.624070990655381,14417658380953303e-23
0.0004516461368394505,9939292745490431e-25,0.07096850515767493,7147571662216534e-25,24212549933916624e-25,0.7992545325408522,1192563553091972e-24,3110272064112679e-22,0.12932499852816665,12867527286569766e-25
15063870902440196e-26,23467409080286603e-24,0.2845868219071185,4700229164323436e-24,16032530875501097e-24,0.13684356745253587,169763644638156e-22,11094166263517887e-23,0.5785694003989635,37972575814235116e-24
3406367005074122e-25,7286479944376117e-23,11507362885091997e-23,16204467731845515e-23,27720869568251454e-23,0.593817761488456,13444977358319993e-23,6535929625561766e-22,0.40618064192775166,18147713778184368e-23
9124157385594582e-25,29692296922086646e-25,29644516803986486e-25,2962455405817146e-24,5773800637647758e-24,0.6271220554255168,29150815046616565e-25,6937543207606114e-24,0.3728779158750144,32645016223840324e-25
30104984683169227e-25,5104954818687169e-24,57185448819888075e-25,6246515779884034e-24,11459686767334513e-24,0.967320282926505,5485604508236011e-24,10998179091907642e-24,0.03267966302943618,60192999476997626e-25
7627742167645298e-24,2807879652466139e-24,1236854316693441e-23,12646622180254368e-24,52723344309955056e-24,0.8303038914667362,8865952062174765e-24,1530245723450243e-23,0.16969598710861836,9082238240095628e-24
11669887005845825e-25,2750745932383255e-22,7114279108938998e-22,2932407727346715e-22,8811096961154018e-23,0.6838308208514263,9667771741549882e-23,6217944934095275e-22,0.3161670006805583,9097459984051173e-23
17286019859514613e-25,12065342417179032e-24,17338771354243913e-24,12636616154120539e-24,15922452728697578e-24,0.6683024876740238,8110485522027451e-24,3292848826742457e-23,0.3316974031741469,842011233239956e-23
22367424004172256e-25,16564574516482862e-24,15390433174643294e-24,1632972058227579e-23,18448668393493952e-24,0.8303378852169437,7680209819214907e-24,3367479078702557e-23,0.16966199584811179,8609840129423262e-24
4986438798909385e-25,18314212594863813e-24,1491024010780468e-23,24011152939641314e-24,1072290093781606e-23,0.8074529820297265,44511890211137854e-25,4462871583805764e-23,0.1925468944449031,5988324293161887e-24
21518762087293443e-26,11001945963709964e-24,24602223039029934e-24,3545157715801845e-23,25527135976184253e-25,0.9026324972380373,2527781288304209e-24,30709746762840844e-24,0.09736739218301883,3516309110512365e-24
8722301025182048e-24,8040152708255339e-25,9767627129914393e-25,3745160050656844e-23,0.13536434525896032,0.7498055622963776,8598175239710886e-25,8520823376803295e-22,0.11482919034781,1200018690708131e-24
6576937893065778e-23,6864306383749909e-24,37564872744563174e-25,8350409565382327e-23,6684468994567696e-23,0.9999957912605247,27679593641597573e-24,34353802912584123e-22,4967184472944377e-22,22222167844864654e-24
22078897417391307e-25,4796524844568286e-24,5252307782537868e-24,738131125705234e-22,5009282699950398e-22,0.7271716233620861,5562872457471983e-24,0.14638782192584282,0.12643995723296528,49180628547753666e-25
4873228690036169e-21,1280488990604028e-23,14001152602872198e-24,4962600859248089e-22,8213485477998484e-23,0.6229475562498263,13927338083940598e-24,0.16245789224007004,0.214589033464586,2568834473105738e-23
0.003791965166394479,8090221127132978e-24,7963343441271282e-24,15433741646420428e-24,19949227095100487e-24,0.7796308833088609,16632686968001736e-24,2230959530747088e-22,0.2165766434757908,21688401052545438e-23
3388633934624083e-26,17543233160860873e-25,5247469742139904e-24,6292531347628104e-23,0.17128897450766534,0.32055059987747847,17856802875264966e-26,8130186629237381e-25,0.5081603529069566,17548440932457382e-25
0.0015038306773448196,3158635733601745e-24,24103583550238114e-25,6988314375625806e-24,5736208879167144e-24,0.7730954298865697,4680525669832401e-24,17197726080617325e-24,0.2254006889455044,10318500969366226e-24
5823826601682728e-25,57569348951012096e-25,29459259051055117e-25,2058823255108265e-23,12552157041889089e-24,0.7307739421871655,886062406277951e-23,0.04730754319668104,0.22191845008019814,13246172594796876e-24
20584303685288693e-25,45180916663631005e-25,4169613559854185e-24,16611071033156038e-24,10578507834092891e-24,0.7750024403939736,5190377983427602e-24,0.012763543579237665,0.21223396501304925,7887877077035916e-24
47425449610403646e-23,1952670084112266e-23,1166705439628881e-23,0.0716765261402915,9697375090934165e-22,0.8150567151596418,653438665865898e-23,0.11325905539620126,6209852664065314e-21,11731071894294565e-24
13649601705671094e-27,9297280688363357e-25,17029479522492066e-25,0.07536259162183016,56477506195484156e-25,0.8266596827778728,6348564392294896e-25,0.09797771298905959,26752768344861702e-25,1006906471117704e-24
10814442992330064e-25,15255947983394536e-24,3347041078762196e-20,0.35581875187769746,1202600063066605e-23,0.5413552821346924,22380712687225717e-24,0.06968733489470905,0.033105085846890044,24091080627695737e-24
15465077045280909e-25,6169863211000652e-24,0.1605270841159335,0.26948129496734036,377091179035422e-23,0.5699893059999597,11563695387351314e-24,49732866146034644e-24,22330708337424136e-22,9062091354256735e-24
0.002367326061691375,15672834057201363e-24,0.4463574341958081,0.31229750138561957,14983529636327022e-24,0.23897765031725715,15139275309307467e-24,13071033074750187e-24,11309074573206294e-24,1786400019016426e-23
0.0007973352232049351,5448170577422781e-24,0.4010002066022375,0.4040481695825358,8777918811456413e-25,0.19415427150412493,4086738479975837e-24,10485410517718605e-25,5977462632382683e-25,5028929114837083e-24
0.00010674508452592419,8092294526900966e-25,0.3851122526517095,0.36255826449177675,4230768503039272e-25,0.226507650265557,6705190010398301e-25,26844533860232916e-26,16855450936568772e-26,0.025715085166553825
0.001213829308904373,1500932518155439e-22,0.46173954302922593,0.37800135785286015,8164466817575592e-24,0.1590352354070835,17780535057128362e-24,4321477856348286e-24,2377672944270677e-24,9851664700361096e-21
39991940655467824e-25,22270454138901756e-22,0.3903095171909407,0.42374455677077816,23906013603103636e-26,0.18594369319275764,6161270031419274e-25,2357674574704274e-25,603181249261214e-25,6502115034871755e-25
7354924566191205e-25,0.1259557945981588,0.40530420027463565,0.37122789434461956,16767776904386478e-24,0.09751196185696646,3352247708243736e-23,11345288593754356e-24,11908514222688495e-25,8536392922817559e-23
0.0002833365098764742,0.21394249915160266,0.4465191398292741,0.3188315501790527,9514121355955232e-24,0.020423442949644228,8831785740911053e-24,3251283127965693e-24,14757712590784528e-25,830761995454673e-23
8747448361559881e-22,0.28000379952159266,0.4782395854045194,0.24175557383992793,8664518407210671e-24,12895982406208673e-23,20972544666685622e-24,1846414449898753e-25,10621220777132466e-26,7601479403171178e-24
2767728738371635e-24,0.2655213246351593,0.4516894417775396,0.282787377276009,55308602652079984e-24,946033258879239e-22,15989463324783733e-22,2104604036334843e-24,11005661556572026e-25,10148012192540035e-23
44318548855286697e-26,0.1984784692712717,0.4048476425359285,0.3130969308872683,7498599888862868e-23,21225459624584957e-23,0.08357644298336006,34576008539448226e-24,9718764009525701e-24,18234376636327092e-23
362441652339943e-25,0.02845258622640461,0.1026857511679004,0.16442430940451572,15146945224179765e-25,0.0054580827272965446,0.6989792679273543,19778812027991574e-26,173223385978786e-24,6240253206332304e-25
13880097069420988e-25,0.0021519715036158256,0.028523711262221956,0.09761945905548895,24512117111031205e-24,32654488353605956e-23,0.8717044836137811,4507904013944274e-24,4094012513997548e-24,13509768133885388e-24
6417950710559112e-23,0.04730535475033679,0.4246065482433726,0.21896477384279908,6451331441405887e-23,4684101990365438e-23,0.3091230556508835,9254915100729184e-25,5471207090709417e-25,9050614845654972e-23
4537980502802592e-24,0.12738766763833131,2059283323212481e-23,0.13060838156564644,5491086670806318e-22,16788719451281308e-23,0.7420031755726761,2690709364422433e-24,24156425279320018e-24,6249343492281924e-24
25173755048966806e-25,0.0041722687097524545,3089904348387696e-23,0.16188965548859696,8550855789975982e-23,0.00521383501500497,0.8287241043493232,4544827313021005e-24,5285529949297578e-24,768219048961914e-23
3200862061739577e-24,0.05822149424192815,6002699202781357e-23,0.17046583524551118,3698510081245224e-22,11238183571112552e-22,0.77131109045311,48826916334920615e-25,8128848846139611e-24,10160187377762758e-24
9047563608778476e-25,0.05564801019314466,637887028892937e-21,0.18625522408368567,13576681660284064e-22,8256488709306342e-23,0.7580946598911475,3831799617085202e-24,3615949421002121e-24,19358740664903835e-24
3301643754855361e-26,0.058694995455541306,13414461882790352e-25,0.15438491392807932,7446437863636767e-23,3727766333221625e-25,0.7869200139093608,1194533074557445e-25,1220835522331872e-25,25471813468714886e-26
4408798197075949e-25,0.04301701649759156,0.054084828179429424,0.1197870970351446,1452682557230728e-22,3689672391679196e-24,0.7831108866766505,3882710571901118e-24,2951416367473985e-24,1537822259478517e-23
17633565930823652e-25,6085794420972785e-22,0.07605017686220299,0.13680521415155372,31555019856683686e-24,4938816767788894e-24,0.7871439501318654,2983457530910552e-24,29832467446519392e-25,6051037960256428e-24
3848527188898881e-24,259484350959697e-21,0.48028539921856656,0.13439158369077084,2474208974832521e-22,9645197235024648e-24,0.3853224680068518,6830996391028882e-24,4041228765149456e-24,17812601412104684e-24
5642006536991614e-24,23523322418566697e-23,0.0818166954994263,0.18318491322255093,9430396813405322e-23,25414851472756324e-24,0.7349980203876545,24773967043090216e-25,23936895905553776e-25,5428604108856381e-24
2694775213298714e-25,19271372304538964e-24,0.04257047573944282,0.345392429335958,1824162748573406e-23,14207304527926156e-25,0.6120370541120583,380731567712844e-24,39295706816306795e-26,8355088362674913e-25
6429111702317251e-23,47016518003756885e-21,0.02125168692172579,0.4957709918658306,12334878604907968e-23,2196236262466741e-23,0.4829300421327267,13757941905046035e-24,11246444701714917e-24,27956660704592867e-24
0.0018567586764197755,56668085925155046e-24,0.05384879780297723,0.5932527369313124,13554375052763683e-24,4687985439110114e-24,0.35104161893600366,34252868881698425e-25,2650316288317509e-24,6665039633073474e-24
0.0012609741755730819,0.0002927413323631429,4639609140904439e-21,0.4773277999764553,11562640259250849e-23,5560273264107406e-23,0.5211135697176453,22676930047224912e-24,485648797987665e-22,3272375196857532e-23
0.004838677802105861,0.214810458657277,0.16226858297084515,0.6180822742823381,2480185488848679e-24,8335849188450311e-25,1480178794972873e-24,40878299449128637e-26,5674760942549291e-25,5175536750375561e-25
0.005631879478674964,0.23735913202543674,0.09991516786997413,0.6570937282617805,18248955440089058e-25,19331678148297894e-24,2563921688559366e-24,507411276750189e-24,6477449331177254e-23,3361734566304582e-24
0.01668558784418919,0.11134847566022026,0.35614011452847055,0.5158250221042056,6385510811517712e-22,3229613587142667e-23,3121603022890682e-23,18429117213625938e-24,457547806410223e-22,33617998435681e-21
0.016295841295304352,17996513271644782e-25,0.7466381383064526,6557767915518244e-23,18990141335094015e-25,2507988929669023e-25,0.23706595037288483,14511420337576065e-26,1581593403157306e-25,1944978819163047e-25
0.012238073580753036,5709459716893469e-22,0.4831155949236193,0.3057324426058698,26330193143339154e-24,2112654237249507e-24,0.19891328713482434,5915975308438029e-25,7490001360148217e-25,10255151409237954e-25
0.01690309460348068,28760614854617505e-22,0.2801887035465137,0.7029053010893725,6520140659082958e-24,9876775422792099e-24,2737175238041862e-24,16054620246250487e-25,19479846254284357e-25,20228255016062627e-25
0.010847245327277108,4330264628861245e-22,0.45155931681215794,0.33928520320432287,697591977192302e-22,23670217009935517e-24,0.19830770134550696,6186442998116764e-25,11797357824020069e-25,5056520962777542e-24
0.012116094921483262,15913301147697107e-23,0.5547150360995726,0.22353394275130586,5894221771124631e-24,16433360523110421e-25,0.2096347570070039,7271878769913296e-25,7066493519099012e-25,1117235934343612e-24
0.013902916933931486,23955043997686957e-24,0.487561797435775,0.24438067831430976,4703228756550693e-25,31587842221463143e-26,0.25415458217232373,13005514302437743e-26,10161371659439447e-26,17092006783236076e-26
0.014298613960540461,2495056470903779e-21,0.5336287698365422,0.07132702591764974,19129401679062984e-23,7917241362592292e-23,0.38074276423948966,1939176084684026e-23,16386191677901928e-24,24747699718713674e-24
0.01668138828271349,14861742981836655e-22,0.6073634022225018,3332425291386452e-21,5634682188194662e-22,1983116657901511e-24,0.3759497839099642,557287479310609e-23,16065230041346844e-24,1989580221637607e-23
0.013615712553647283,3881855797127862e-22,0.6034820811451377,42398372007912877e-23,8149778737143282e-23,8172779433335105e-25,0.3829013005002029,1213710178839578e-24,4923897401328439e-24,5179042304754814e-24
25518643056403613e-23,100670568077139e-22,0.42916274321823566,9621059571082955e-26,1774468179031619e-24,11310681126482327e-26,0.5708369892964463,5622775725123772e-26,7193725952409534e-26,1187864871277053e-25
8408408383309475e-25,0.06567387292859814,0.9343260741589187,15406730830065561e-25,7082662210082911e-24,14474109232431903e-25,3772146362107382e-23,10499636730571445e-25,9706546261306856e-25,2252627672757049e-24
6869919853922805e-26,0.0182559304664582,0.9817432051122571,238173463765001e-24,6412349408813551e-25,12597120558864604e-26,863016128945126e-21,711767598166655e-25,696061857124247e-25,19112111235152594e-26
29083836141054955e-25,0.015083199490204058,0.984916591535658,13702974109109151e-24,5030626509996393e-23,5740470841074945e-24,10452077632190939e-23,5069687874775524e-24,684607329992773e-23,19879507575287567e-24
8591495485598191e-26,0.00969797646508609,0.8977083851845166,3558358296893397e-25,10065084294241604e-25,1915681877327783e-25,0.09259363592267865,15945670699348428e-26,14236105072584668e-26,4859878733545018e-25
38283456064986686e-26,11174317112374146e-21,0.9999887086101386,37756191499873685e-25,7153600990843081e-24,17336683632286394e-25,9730273613037513e-23,1517684932701883e-24,11386291956616602e-25,4067938874704623e-24
10016916852258729e-25,384563790238422e-20,0.9999960877139291,5458395378649315e-24,8637431287368158e-24,2312465531147931e-24,3940351334209286e-23,2126960253475081e-24,1979967753211231e-24,57281959258909745e-25
2660345535239018e-26,3251174637924533e-25,0.9999999849371042,12841210330852617e-26,2103418415795626e-25,6011052810503779e-26,14044881209942932e-24,5436141904436575e-26,54831025705202036e-27,15821971572635874e-26
10286712735017765e-25,0.0006796870152236733,0.9993202596481363,5070930800086526e-24,7684609053898592e-24,23655836989502577e-25,25174394620543045e-24,2011504815812156e-24,22868602320771e-22,7714023759567938e-24
0.0022404969195713377,20565139454546697e-22,0.997749516075935,3962799606315291e-24,9278640888412693e-24,8803293169415389e-25,785936099784184e-20,7951466738055583e-25,10881836244623018e-25,5512411579376294e-23
0.001959414449207469,9594130136844468e-25,0.15129043817761836,1168147179477515e-24,5702416439032232e-25,34939109688840597e-26,0.8467501400687965,6393258476968775e-25,2976326062774866e-25,3320523698256333e-24
0.04665932857585473,19714410198154351e-26,0.4030005970580758,40421708690549834e-26,14892967237360164e-26,10630295345289012e-26,1777374822191843e-23,5701893319572235e-25,9515643615824823e-26,0.5503400550704021
0.007303388417816116,21812880800428314e-24,0.9926962759064937,2040126644621645e-23,9563092854286811e-23,22592702091154996e-24,15607241474634118e-23,5661979025398664e-24,419718691266732e-23,9306413758167596e-24
0.0053119099422434595,332205072833234e-23,0.994688034078138,2646989360880783e-24,19044060536400995e-24,10219314370642386e-25,26167828663929115e-24,9035034226486033e-25,14221087792457582e-25,14510754917873573e-25
0.007815968861982873,8585969139602953e-23,0.992117419526224,8858702025531229e-23,38073498911573656e-23,20905838232536897e-23,6572809520251116e-20,3349255996423784e-23,2638635251829134e-23,59396002200411746e-24
0.006677182831698836,4286332024099603e-23,0.9063862434021542,5119739907494915e-23,3467106461141952e-22,3489711530756598e-23,0.08693603841550675,1543671881928921e-23,14338344144600458e-24,29907224816764486e-24
0.010912370736447638,12989244509344397e-25,0.98167560467082,3082032728206667e-24,2513036895056967e-22,23695989184734946e-22,0.007409396709666613,6170590059455878e-25,4027438468125038e-25,15809300835073976e-25
0.011186168939935893,5990646625905535e-25,0.9404146768067961,84667017995025e-22,9519799525850925e-24,5130974312527219e-20,0.04834782408463591,5995118245776308e-25,4237251793036633e-25,823934115035347e-24
0.006763682583863519,12197285848781496e-26,0.9632809724068008,45062079750858383e-24,12797965431438017e-23,0.02995517102778674,5110859504929584e-25,10427300915845583e-26,7206336325745844e-26,13041154567508608e-26
58367188836952495e-25,4981741773348576e-24,0.24758197302341484,20563110661569288e-23,0.7524177850682139,5213252901896588e-24,5780379244044118e-24,4789319559012e-21,4172958454107871e-24,5502911423956883e-24
18317097091518514e-24,31888914131850863e-24,0.11613655559351693,0.022616321797044578,0.8612469157204033,26623875840774036e-24,38742435122329623e-24,3729309559197563e-23,2695784495160526e-23,27059812655388545e-24
7499965350427359e-25,1117511771289864e-24,0.154733629665555,26367897192900198e-24,0.8452663344137566,2340478722108582e-24,1869736201184334e-24,15011926307403498e-25,10766651720427589e-25,8973051663648177e-25
538130856132866e-21,41892402915231307e-24,0.9295845593647423,41453197369586824e-22,0.07040864396489506,39327582691998984e-24,10655802173043463e-22,21193967515131446e-23,3669607181996311e-22,38751954399561084e-23
5733612994062274e-25,481104271515845e-24,0.9404251955260183,3670170532437682e-24,0.05957478715699969,22456582530975672e-26,7368819961374518e-24,9129527834297971e-25,7421143177519761e-25,33438945838409485e-25
3174799117322831e-23,0.050658284232887416,0.9188780723507749,2504555084531138e-23,0.03046351556867678,7611808867691272e-24,2984536739215252e-23,9094394456180099e-24,12195943736204459e-24,12307485372031433e-24
1267175501405899e-22,2419669776192693e-23,0.9576674010957702,10934619052378776e-23,0.04233178788028146,6445979457198997e-24,30812524198762087e-23,9754601193508127e-23,35442913920881936e-25,2169121456989414e-22
3753270984980458e-24,745222980627817e-24,0.9592810027954055,6685585718366252e-25,0.04071899033928936,28556366963909873e-26,38143086629114366e-26,31634406886119713e-26,39578073254827484e-26,318622814412116e-24
12019604751550156e-24,7184976311801222e-25,0.9693079871662114,2421374398170777e-25,0.030691996841531188,9554086860835947e-26,3447356048953733e-25,14119215190721575e-26,10839035536301808e-25,13461534032526344e-25
4960864514934881e-23,11982006742209248e-23,0.971752243629882,1486683718368212e-22,0.02824726068463033,4334872180585695e-23,3747204149853544e-23,8060605027438879e-23,16252539546219068e-24,21718074627817346e-24
11789767922122274e-24,8709348090921975e-25,0.999996787254571,2317874782859905e-24,2831414051486267e-21,3529304975735877e-22,24500129062805826e-25,2485870513400115e-24,6909969788521199e-24,1575491567987337e-24
15549702349132725e-24,910320666219361e-22,0.8733148644036184,14664724851450775e-23,0.12668376918262986,4365363315591393e-22,15015337769894824e-23,8899552088919073e-23,36040437991732633e-23,7709512630137865e-23
21737428547691126e-23,5258469011397985e-24,415268247546486e-20,9001229432518773e-23,0.4848893712287301,489344107697412e-23,593487563105572e-22,702561711078629e-22,0.5150980558306736,7973114735319606e-21
1983032664120053e-26,13193611856593718e-26,0.9969608592415401,21114752856256834e-26,0.0030391295891373355,12612013911848115e-26,22328428478065842e-26,8535983704971543e-26,10238413523253643e-24,1341728441183165e-25
8648036669495031e-25,3775178151753609e-24,0.9995949889226081,5242989102663257e-24,0.00040490210559492544,307457901059822e-23,51013291225578335e-25,4534367808075836e-24,14769490844605224e-24,7161049741435059e-23
7881962202722564e-25,9166429752615305e-24,0.9227226679682836,17916144939457962e-24,0.04542430767144505,4112783332793929e-24,0.031852952264304506,45431676259451455e-25,3227845338695687e-23,34142731197247663e-25
23963957371213517e-25,16810122542225162e-24,0.5499114185050187,3756884010764883e-22,0.2391736660976496,808077756473834e-23,0.21091438672093957,7794628607359947e-23,2678728122811654e-23,20967194765295847e-24
13496174117619677e-25,3822148639239185e-23,0.7105070757508746,11144698361592298e-22,0.14608480117514835,11601652474794672e-23,0.14340655695493562,12367429608363978e-23,7628536380544615e-23,9610192800125043e-23
0.01169777997355237,315786855315092e-22,0.6581033779573228,0.2959776530379056,0.03420524945364867,3247779053115813e-23,1575916064565876e-20,4341154777508637e-23,50885997865744136e-24,22062925316388243e-24
23681935734779893e-27,12642375439663876e-26,0.7670528224604949,0.22898151447327977,1505717489370223e-25,38053326177472394e-26,5504187825099892e-24,2508810306297416e-25,0.003965656146189697,4887743257037744e-25
3669460429896364e-26,21557719768178097e-26,0.8770461687733816,0.1229537768715204,7844665722853804e-25,25330521107795062e-25,3210889439346929e-23,20283954968986033e-25,7722278569221358e-24,8925741829325813e-24
1791059709283255e-26,794760307996745e-25,0.9451309533960601,0.05486903007134054,3849656403833177e-26,42555377044030616e-26,1371376492761674e-23,5426253491593775e-25,15084112842734929e-25,20587914964698527e-26
8453450125142457e-26,5258803710035862e-25,0.9999999105553625,22395825651745665e-25,7127893278357095e-25,121119125735548e-23,8166045170319828e-23,9678133136622756e-25,13717798740839994e-25,6706051204653793e-25
6137201429702036e-26,6013127875424368e-24,0.933153162809818,12114859178293888e-24,5802022802056007e-24,8987822597659908e-24,0.06684678709731454,10101763137573504e-24,16462797951518634e-25,5543809977759388e-24
1170702626248122e-20,5491134743278961e-22,0.2178827983274086,1876026191503866e-20,13575783271323806e-22,4970541107622587e-22,0.7820836692757276,3175684647406368e-22,16708990799229905e-23,17670457768213283e-23
0.004507047932682203,0.05643236656831672,0.1645285462607693,0.3770707614395569,23782528378027864e-26,0.3974598167456795,34511546884722103e-25,14556994061979275e-22,30458838119227014e-27,16350571625398317e-25
0.009429666840165931,35756232912285966e-25,0.2503520586129084,0.08521998725224149,4122805747570989e-24,3076526858224895e-24,0.6549982699948176,32036640140244925e-25,1576796792830796e-24,17444477646549916e-25
2389182090694436e-25,1093479677888455e-24,0.8076265124760027,2310051185064037e-22,6483045916381241e-24,25307875530547968e-25,0.1923732425255775,2281085149870865e-24,6222419281630472e-25,7434781459878202e-25
9855380376778228e-24,12795515542995254e-24,0.7677638702162911,30412018819269295e-23,1520415046361039e-23,0.21001571405936767,0.022220054517464963,11088056778088596e-24,45237723733403096e-25,361985397772352e-23
3044913237060596e-25,23504513707185096e-24,0.7720119491486995,14886167765509537e-22,5084293121690892e-24,0.22798512902479354,13985627044488225e-22,17965364684393907e-25,2228255561753605e-24,17285729627204836e-25
17896861787011831e-25,4629913856198336e-23,0.9617824164199296,37719128445154605e-22,8820526835799118e-21,6090022045209176e-22,0.03820417284923788,10973578485995488e-23,26390736554932553e-24,2507360229375987e-23
8911512947709027e-25,1691045718370469e-23,0.9999970563731647,68712152056312e-21,5090173677617959e-22,15172666800289286e-23,213089058131914e-20,4166878193302528e-23,12163205558023074e-24,11646454999152646e-24
11499112168049381e-26,36430389199471767e-25,0.9999997964636628,11579829341150027e-24,14042074842051218e-23,3656206959116385e-23,4202617478003168e-24,59618957190653416e-25,41865507337471444e-26,6323994734976063e-25
15703008885365277e-25,7125236348106899e-23,0.9415846226638689,31845337759469306e-23,3939695947729431e-22,0.058414500740006654,3821782677914518e-23,3629792089032282e-23,6281784542134767e-24,10552986685887001e-24
36229200590312127e-25,8759331385585196e-21,0.35343162193776817,6308432210923611e-23,0.5135547260721459,0.1330046603136192,6310180971311618e-23,8129201643719677e-23,7704532549067348e-24,15858065894757238e-24
9030462058599274e-23,1547778445667439e-22,7033302301089643e-23,18729956272132044e-24,0.5801744253140586,0.41982513291734863,6125820398071365e-23,3228272070131659e-23,6571122274965419e-24,7511104949107505e-24
0.006970634967201274,6846062223019085e-25,27910833100662906e-26,0.06869516381904206,0.3633463929958079,0.5609878044810505,46364618512870084e-26,8478099502216727e-25,1397408886711659e-24,6431597425346721e-26
0.0013386797828074887,26304255450546255e-24,11879610710221265e-24,982584704971205e-24,0.7270263327655683,0.2716348957390329,20495619276502737e-24,2789709338879516e-23,7152799421489507e-25,34382245092547195e-25
24124138071673462e-24,18070418990186134e-23,5385450413945383e-23,16222846912450397e-23,0.8034008428179316,0.19659857907745584,9056652717386407e-23,5204819353338423e-23,11086818082871068e-25,1346998402203395e-23
0.002641224904246745,13025389931126128e-24,12832441209837047e-24,0.4787557338159184,5049078733551096e-23,0.5186029150271196,8247231685230899e-24,3596441627655671e-23,21146526505288012e-25,35786793711199473e-25
0.002340817459419383,3119837149273781e-24,13426825873198773e-24,0.4743001803051105,3365883232363429e-23,0.5233588771362718,2038275669299351e-23,50849970123459756e-24,9684712070813444e-25,26924367386386818e-25
0.0034614697790886105,49614846647051494e-24,35505859961790863e-23,0.4407048924209642,1821532538313207e-21,0.5558291113943209,4506480486397392e-22,1692654614740464e-21,37258617819499853e-24,11963836032504335e-23
0.0032462885123020796,582580692016574e-22,32593033766558913e-23,0.4362389145943262,13788803292954832e-22,0.5605074590931959,1724674205794263e-21,37237517617126004e-22,29307853511187854e-24,9699726298178886e-23
40331544202141674e-24,1491269581038858e-22,41227949254256626e-23,0.2755323493281208,0.00900163958959209,0.13603558130231602,0.5753280807960952,0.004101594020389306,3810670229450963e-23,1151177200791208e-22
918856369928763e-23,5242093686749933e-23,12882911700629345e-22,0.21643060364331412,0.3825262299107039,0.050055529965517175,0.3509822128786192,4019852389193005e-21,8491418338515174e-24,45357443212922966e-24
7300951929001731e-24,3964273763509275e-23,15294874793103343e-23,0.20662024782241323,0.08478565600469502,4727906414567861e-23,0.705585523609158,0.003008297888746654,5088687798988841e-24,22415177627093315e-24
23677016928539637e-25,0.03562251131448513,2509626051449728e-22,0.10895816810836866,14721544555527829e-24,11482163440381004e-24,0.28913764427918376,0.5662813891822515,8421407095827569e-25,6739575435944848e-24
7299313265567702e-25,7752236119315306e-24,0.0001462587888504893,0.16735625073315122,905733902766154e-23,17094838340445909e-25,0.4720912271963186,0.3603913789994033,5938148209000681e-25,14864439455114119e-21
6108717487578647e-20,0.0003539302144633907,22990042858198937e-22,0.20717288966754904,5633552055479286e-23,12489920833451744e-24,0.6240798322355936,0.09558634366434306,4776760311440176e-24,0.07274354443667684
13219294160441151e-25,0.2923024036485314,71116857074013e-21,0.04870868114064686,0.6588930811230238,4511588344233892e-24,9563647058124676e-20,6344477737054616e-24,2613340335561961e-24,1117083825043488e-22
4607084913549185e-24,0.3109408248624619,6896013028699795e-23,0.05028212553855808,0.6387758080225279,14062408107385642e-24,43675555156837537e-23,21786782080192542e-24,5979356386229303e-24,6894249997437993e-22
4484340752019045e-24,0.3581529103535991,563100175953354e-22,0.04462597129069138,0.5972200678798267,11879531871203842e-24,8475289159525456e-22,18627438381280644e-24,5532751945649081e-24,10611284296159054e-23
26675741023857265e-26,0.3146486839968219,2723475926340849e-24,0.06747323032217382,0.6178779807610691,16399246415460862e-25,5467009483700794e-23,8655470031071162e-24,3502437642178831e-25,3661401007559879e-23
7108034578752488e-23,0.19998582733130246,3736130778587361e-22,0.08219157103568477,0.7178171365498004,29673807180023473e-23,8583172040345534e-22,15616361627606268e-22,18076239329593966e-24,22856221021113074e-22
0.007361151802242278,405254265328383e-20,2424510937192804e-22,0.11562216512031968,0.48072818173762477,5379641691483242e-22,10607592425040518e-22,0.12958355107763164,21966057637807102e-24,0.2666990345789665
0.017062889722541504,1159978695524706e-22,6596374936794648e-25,2847605502500467e-21,0.23198071443117838,23927949827179294e-24,8924826321671793e-24,0.06441080210098075,25733746021727224e-26,0.6865425963721484
0.012852704033804417,7775696461772587e-23,1647802994974157e-23,0.0009482245599557341,0.35023421719649095,0.09034853948206654,3078578675209633e-23,11178982483540186e-23,4448770297857868e-24,0.5456160734682918
0.023630104186996556,14793421223557525e-23,482717647008244e-22,0.03499728564836164,0.055827001553002326,3163186519136879e-22,1146013917468706e-22,36671887720064194e-22,1814351597734238e-23,0.8855412961533193
0.008496835057778072,6848605624107113e-24,1807779977390428e-23,0.3832114773693449,4944620371718946e-23,0.6082909367767034,14760461774215125e-24,5880210695467968e-23,16992526975683778e-25,6011623838481712e-22
0.012795226662348745,4970477900506537e-23,11694167086145015e-23,3070309685208975e-23,3293050038783683e-21,22824101131930367e-24,7295613946103844e-22,826741232360066e-21,10835673859932615e-23,0.9871995954544603
0.011515634346098067,14943649919668896e-22,47838694806316633e-24,10518355778458789e-22,6299322918304724e-23,4023333076829657e-22,6174336174844784e-23,7494514610555602e-23,31702098970156717e-24,0.9884811378974985
0.013934439343922788,5269557494431876e-22,39377243405051675e-24,23087084863152845e-23,8336091838473237e-23,5131142011043619e-23,6635334861304648e-23,5400079786293871e-23,29494689236243147e-24,0.9860644789310682
0.013386175611515326,40107307326665156e-24,11599197344564523e-24,255144187386804e-22,19791815674480418e-24,13176643433319247e-24,1837918729477207e-23,15005480652217896e-24,9945569660125691e-24,0.9866136708691455
0.010459844418650215,3319835540478233e-25,18419178050696825e-26,27206770205367425e-26,27053818223892024e-26,19480076424906725e-26,22395149833758196e-26,21354077257379007e-26,1678897477743111e-25,0.9895401537223848
0.011165785651873698,5197968467519547e-25,3069017757813549e-25,38904157538658893e-26,4906301426163523e-25,32027276422829057e-26,3774701212106618e-25,3306410565163079e-25,27792922674492644e-26,0.9888342113354031
0.011984203301287551,10636308310341767e-25,6126193199949476e-25,1017717698338462e-24,10271371515210902e-25,7072289536601722e-25,11007651935648366e-25,849916029725421e-24,5462012805740143e-25,0.9880157897734958
0.012350945910238775,3163711179182085e-25,18828157781902776e-26,26151323027490885e-26,29854278537661563e-26,20719232193206207e-26,3218215592305e-22,24538830216247366e-26,15695106843150643e-26,0.9876490520937056
470869068327422e-25,18051794889025256e-26,6973805548358437e-26,314379812439407e-24,7940576144949401e-25,28997658793944187e-23,0.12137116266947978,4903649039265815e-25,8878304716679894e-26,0.8786285453723871
929623747730822e-26,0.01523284589282647,1767419489798135e-26,528401564949914e-25,3767179263310431e-25,11461899674276739e-23,8341641934932662e-24,6519672893269328e-26,2985478803419923e-26,0.9847670306026417
0.009908399977400683,4219020645325534e-21,10747897763654328e-23,14105891692220197e-22,33502977679871934e-23,19804972963077207e-23,595814651075948e-21,14779944397306799e-23,12407466772581611e-23,0.9900844621655426
3319188900006098e-24,0.013731345689711849,9329793652692613e-24,29929089287218637e-24,27994113980333323e-24,22700643951722015e-24,7544471315029834e-23,12041346220378466e-24,8833082425241567e-24,0.9862684647195544
0.009378610203924664,6765591141132405e-21,22165179923875034e-23,12156930376942177e-22,6196604811079954e-22,3069510597021136e-22,9035376123565923e-22,2547387556110063e-22,28546449761618664e-23,0.990610816507844
0.008883942618356329,5436385775434164e-23,982458970886028e-24,7250760728638952e-24,223733763077328e-23,11323568259069858e-25,483087261101278e-23,9387848719503404e-25,2005295427584721e-24,0.9911159836379557
9863834313031274e-24,29392510911684267e-22,31578530471678254e-24,8779069345975468e-23,5845993887742926e-23,5103932058476159e-23,7072914708983396e-23,326063900375087e-22,29041800717240297e-24,0.9999966896392457
0.004682540713981725,8586229987134726e-24,3481135291137786e-24,10820327914818844e-24,7524176684299867e-24,5265469860113993e-24,8934435814266135e-24,4486347147126197e-24,3961513272852453e-24,0.9953174062263348
0.005644971613129518,1738623001102879e-23,1465236714910236e-24,7605668087343e-21,1886204353851243e-24,751869890898569e-23,4017471181096312e-24,25258957447469417e-26,725391028501766e-24,0.994354987529191
0.006495519628482955,11458515542592526e-22,30752066658861505e-24,9136257992036012e-23,27169115246664667e-24,6880091495156448e-23,2082803827150865e-23,90641185827817e-22,11777198597540899e-24,0.9935030747659254
0.0046067928615906245,22151857568510185e-23,9825979007360334e-24,34884736917288056e-24,1385126177182099e-23,15497992771323357e-24,16090312603776368e-24,8611588311936574e-24,63461812785158275e-25,0.9953928805118581
0.007112036244996294,2266428660519588e-22,146435044015322e-22,32692267834853297e-24,1880000872568023e-23,18385127442380857e-24,149185380026341e-22,11228154526788106e-24,940089042572756e-23,0.9928876170436527
0.00708464330630097,7662902784742196e-23,4947727598708154e-24,1249177068948116e-23,4965371744421663e-24,7224110730506526e-24,20878472171360046e-25,30331374203350638e-25,3383060682000676e-24,0.992915241931666
0.008196820318369847,27420525283648056e-24,20341064341098255e-25,7597279194735134e-24,20081144177583156e-25,27251544603159713e-25,36565958042910684e-25,13029607984863596e-25,13221848276748884e-25,0.9918031316147147
0.008416086663071842,7645070919106629e-24,25652465627994356e-25,50530348149534156e-25,39765359989866615e-25,4090145380242721e-24,7569795970736197e-24,33388870708168973e-25,3158956033784767e-24,0.9915838759391364
0.01051279072196505,37241094675052246e-23,10306908904254134e-24,1614380359476502e-22,27801701103147047e-24,27817225532758974e-24,31212082693666174e-23,28943144476893508e-24,35661751135178546e-24,0.9894862327774898
12950041406472114e-24,621837780460431e-21,244563381762056e-22,7765282040856119e-23,3641882819332411e-23,57528326850027376e-24,32562770526492718e-22,3030689937557896e-23,3433667804370327e-23,0.9999958482353326
3781713491014268e-26,6977148972922631e-24,1806419771197729e-25,5268736493530588e-25,2278807845541821e-25,32743670463741713e-26,17242139660204888e-23,22231000439644364e-26,2773701127193858e-25,0.9999998188005103
5415847083519088e-25,20064851767959116e-24,13886030693230653e-25,2723166887510816e-24,1660789356483054e-24,21835285641704825e-25,6540058221667638e-22,16962167773752398e-25,24982583911103693e-25,0.9999993132372678
30486328339981566e-26,17199167244477247e-23,2491576552543214e-24,3914474096779445e-24,28560353357145434e-25,379376954286001e-23,1320120917743071e-21,3170135424729814e-24,11814605770362913e-24,0.9999984795427567
625138855941361e-23,1619985731600341e-22,9355740151860904e-24,11575954091731272e-24,10693002287480756e-24,1347424222900027e-23,19063935881102552e-22,11643162231711894e-24,7617499055445331e-23,0.9999977924391107
2429694466665647e-25,44174360691107156e-26,31922984536815413e-26,3502417219880177e-25,3474278906310085e-25,3915463683170496e-25,27393887616857066e-26,3402413942194714e-25,6381109659132458e-25,0.9999999966544585
3911120265212308e-25,7939695668174842e-23,6632465786971792e-25,8302731477002873e-25,882728851892421e-24,13288769999376353e-25,37156927479953074e-24,7090109136467619e-25,25971457460468524e-23,0.9999996189344994
39855082654438315e-25,9145078292078644e-21,6501537999279608e-24,6773822278502721e-24,7966057980987396e-24,8734885105715861e-24,14862997955149823e-23,69987422424168615e-25,2870671883051297e-21,0.999987794659319
13448857889338322e-25,36915450612597215e-23,12683155597003976e-25,12456112481757623e-25,13722015920700883e-25,1669977109927061e-24,3753868785046242e-23,12211029288785181e-25,0.02827286841566314,0.9717267167690106
0.00990670194009876,5370998981148809e-22,1336835189390541e-23,13585817369913194e-24,1784393441922899e-23,3262390407161885e-23,3148627536996422e-22,15076342576963006e-24,0.4078467867035881,0.582245566895296
0.04093742396636058,23138894107813353e-24,11770960881351833e-24,11320735350226974e-24,12341608696196503e-24,15779111692434225e-24,2532019164846402e-23,12202638466358509e-24,0.8096649995462316,0.14939746461326656
0.04514075674308138,9741165961404663e-24,48667446285953404e-25,527394466854828e-23,5199000982605182e-24,64163617741402e-22,14899439056284382e-24,5065841109957035e-24,0.8213656936791445,0.13349349811525374
0.07735638588518468,14059753642966394e-24,7858354044280378e-24,750299702591772e-23,6591707819216452e-24,28770519726079225e-24,12885787750812247e-23,26236796892537218e-24,0.9226421495932625,1244643567167184e-21
8215877587808502e-24,30357789333689433e-22,2070794051261777e-23,19969445715968735e-24,20027743618312422e-24,7662850008520048e-23,0.76862966321384,160461526218527e-22,0.23136539954162813,17398699276758812e-22
5112508517981546e-25,4701556539053203e-24,13120042979276075e-25,13427806241320218e-25,11994580995629162e-25,25769907765774604e-25,0.6264772232752589,1113537527525543e-24,0.3735227577607711,6206388918998934e-24
6316329845791387e-25,28200254890678078e-25,4709012263569346e-24,5119640923695308e-24,34433523708096453e-25,4403489156060854e-24,0.6572267028570401,13987651749264977e-24,0.3427732519531587,12280593205523656e-24
