36572015677920994e-26,538522041038319e-23,0.3963272583232017,29842488975272837e-25,1303490175551496e-23,16394062271908626e-25,15884595903032028e-25,11716947463301457e-24,0.6036726967371658,8224749544089018e-24
93311261683584e-24,34721273200080984e-26,0.3897122120406031,38354180230675264e-26,7160101189629422e-25,5061827290848209e-25,27603187384142075e-26,11787960811520128e-25,0.6102877837960105,6623150517549563e-25
0.020099358728964057,50191451768176505e-25,6873305828842224e-24,10153292307686154e-23,14732957899540736e-24,1136173217630494e-21,3948786269653677e-23,0.34311636909459975,0.23982207657664972,0.39696089178037375
1443975586905073e-24,26543298009866965e-24,13134743615802513e-23,9014110343906702e-22,2073981330705335e-23,0.3041418431848287,4285226312810438e-23,0.4678808686462621,0.22797585663688627,30719602188373977e-23
15430072902662252e-26,21459288129983876e-24,2087982325563677e-23,19255510990042225e-24,6620818425635377e-24,0.3568418970761566,2741329919648188e-24,0.42957825127841526,0.21357971358003966,6695431771476705e-23
156663759306406e-23,1339856455192193e-23,0.399869091702114,4617555367119984e-24,7413709575964268e-23,3707941029023469e-23,6727926104598878e-24,0.035208167775969114,0.5649225806876985,22306920203628663e-24
27280076374844815e-26,5761289267719311e-24,0.4241658969379027,12509218771260643e-25,21136954689705452e-24,4083120243945924e-23,15113843241095644e-25,0.00010622665444098805,0.5757278004364427,52052603493942205e-25
13574378297736566e-25,3958968392198122e-23,0.4211084287478489,67779056787889724e-25,0.057793306325717275,3598075326714967e-23,7983190999613113e-24,3709083645025381e-20,0.5210610514604971,3094113867694079e-23
17104048804285427e-26,28530710896496295e-25,0.4204980035518516,8752928972769918e-25,0.08030408364788913,4809441229694453e-24,10126432388550217e-25,0.00027290730120197175,0.49892499306387617,27112717339899213e-25
13372293516894322e-25,30115890726255844e-24,0.2966291843875523,58303765361632635e-25,0.03055085318006563,34176595943090496e-23,8773656860487888e-24,0.370132171547666,0.3026873831698608,19891707752455395e-24
613980503982254e-25,12589619953363948e-24,0.2596971903325314,5428862753600572e-25,14676653362946079e-21,0.13138593388491226,8730453228319663e-25,0.3420691094824782,0.2668330728799871,26995620794622523e-25
4161899118855554e-25,25128944554467527e-24,0.14811205833978613,42510752478513275e-25,0.01821867210345546,0.48625127865178847,1593415784513321e-23,0.23484641095577555,0.11257150427686721,2994197485021802e-23
4093153855445828e-26,56787930347399376e-24,0.24655914124849793,11281953626881408e-25,3387346317003146e-22,0.28638895121314734,31723183764549573e-25,0.13104621707102002,0.33600527554336224,15059935421420166e-24
342690944586741e-24,12176077498796614e-21,37167530270484844e-25,73508800647968365e-25,6526525902479748e-24,0.7747997543153431,5410616150120437e-24,0.07469379915523824,0.15049423836364728,8739784354615219e-24
32330269358550902e-28,1431854773371168e-23,3837149607253836e-26,35897120507669654e-26,7209519835457678e-26,0.7846794916967548,691782458988257e-25,0.06982264364893695,0.14549784967523888,11880816520987606e-26
2888804054890382e-25,37491964692113946e-25,2215808728485962e-24,3121556556405923e-23,43058904525252646e-25,0.9408271567414935,26511458160653002e-25,201752548895377e-21,0.05917259350901775,3570477645012814e-24
3425117201649601e-25,9182526047793248e-22,11580642773412769e-24,11332234901857261e-23,15360825339415054e-24,0.8970442631563027,24737849927752488e-24,282313078481583e-21,0.10295433858476254,3235240297151254e-23
4772003437532627e-25,21347046455298514e-24,0.11569548435276857,19810031751230857e-23,7560736649117344e-24,0.6689838247948773,4820375592695875e-24,3707214327557077e-22,0.21532008140461867,6420508015228913e-24
3970952594868033e-26,8966688553067463e-25,0.11262842535911433,26852734794257555e-25,6276335623468457e-25,0.653950292159754,39624582605017565e-26,0.012588176792323904,0.22083310058900704,45454822049398614e-26
5128783842732127e-25,21278793043761125e-24,0.12288055736816042,0.026285418866575334,1014296536696892e-23,0.7012175534538132,4496725459597215e-24,0.0015799919069871592,0.14803643472710692,72449894418666544e-25
5076277146031868e-25,17324160476313094e-24,0.12659017987455143,0.03125115869325273,8719114385256075e-24,0.6885060429553017,4218018986025008e-24,13047372021565917e-22,0.15365127577249543,7182083424048513e-24
11002443430920032e-25,20418462269543904e-23,0.09763457024126765,0.03503273707607239,33958003617628006e-24,0.7396268347872239,2199113837948279e-23,11482907203030105e-22,0.12770439233847344,5602400926932915e-23
3882977887855489e-24,13562742344973127e-23,3320907002495082e-23,11522904525077986e-23,0.32966299262661414,0.1867223350870197,3153900739167921e-23,3825392807968257e-22,0.48361392342972165,46832988846493555e-24
24180402703498236e-25,10698464894458276e-24,9728644580662698e-24,0.029444206143322497,0.03645234420278453,0.5865104486604248,5257107860531289e-24,0.3475928835067826,7765573792836368e-23,11728796952559323e-24
4930548360299244e-23,12704429709068267e-24,10361594570465023e-24,0.013178399761169737,0.13158835229479207,0.3946687278439243,23252972370395307e-23,0.4605640174428237,17277731209902242e-23,2497874527356153e-23
13406737111962014e-22,32871155450273553e-25,39936473836641715e-25,0.009902601087436956,0.1433915195792441,0.37484406247337865,11730297489121912e-24,0.4717824722253301,7797695069607014e-20,799916762010963e-23
0.003747121380363774,5246619579085138e-24,418681709791046e-23,951462244466462e-23,0.018831824759940306,0.330620056351643,505706054464719e-22,0.14493612994546892,0.09634483570690994,0.40551996233703175
12832280038704095e-26,8371022678928628e-24,0.04142351788709589,71937559656235655e-25,0.24541587929502123,0.18274420608460762,17797068878513045e-25,3765394486800076e-24,0.530416371643405,3851648158890386e-24
0.002063382745104726,1024510439988555e-25,6880491663004288e-26,7104778058533738e-25,21475566014577676e-24,0.38243179836469343,7731647796299926e-23,0.1639804623635767,0.13563646018782424,0.31588779666518235
21007916461634726e-26,102290829312524e-23,572203504125446e-24,0.008190770635265377,0.11266755056453102,0.3817535104749796,0.011391197076936536,0.43765977753949414,2827506108273576e-22,0.04833690915299985
11401710698947613e-25,17130111612396967e-24,13285997109785469e-24,0.02382398840431989,0.07622791397400996,0.40677502698990486,6141603492021231e-20,0.45274816993847433,0.01377187083620568,0.02659158226286613
7960645994820219e-25,19773483570264058e-24,17579567890363414e-24,0.04236957533352039,0.03193156059748645,0.37349593831842787,0.002406754562633347,0.4248718104643975,1506036115303218e-23,0.12492430751355317
731992169871784e-24,1658074004947025e-23,17345870947345865e-24,0.07321767186075502,0.003184204539397353,0.40517268175356635,0.030546341946017075,0.44607399954551036,1091935170362784e-23,0.041805054776780766
11966599738195224e-25,22398178843065048e-24,0.28320595197998755,0.24433933336564417,10856239813044003e-24,0.30754752836692967,34421086643700354e-24,0.1617792311229007,0.003127850165623112,3612664299435306e-23
0.0023486162507080043,17193644634329252e-25,0.39354839458893287,0.23553520045341145,12759209693900336e-23,0.33800206046035647,31445867046394016e-24,0.030565558460609665,10876503675899492e-26,8919958640319094e-24
0.004931498426612804,26911866994092386e-25,0.5540336085260205,0.22735978009406,46971054221017996e-24,0.20508938691524586,12416346673039857e-23,310536064972249e-22,3690582840990099e-24,0.008585517474515945
0.003354833344831091,15817419374108732e-22,0.501074113319721,0.24133994408651147,8554917787406905e-22,0.1447901593718494,4800964670004433e-21,6730360758497115e-22,7909441802489349e-23,0.10943295954822085
0.002590763020198013,30975925502486326e-23,0.47422121686820473,0.20748090030860322,12810410814351098e-23,0.1341258091574563,16941676972996952e-23,3865602845029639e-23,10656399708030673e-24,0.18158065405297724
0.0024368153246375323,2050588626907132e-21,0.5115443862915924,0.21423454780205342,32567249192439724e-24,0.10383628120246068,17680755448024974e-24,5818321923200718e-24,15001007225088956e-25,0.16794586122425018
0.0017363296088925616,2038452260026605e-21,0.488735990946715,0.25518218554555366,35542720102633413e-24,0.1275426300749172,28431032350305724e-24,28785363840121148e-24,3357254548487984e-24,0.12680072925528882
0.002129987309008271,0.031826120151268227,0.5074237512708958,0.24518174141010918,3518307930329678e-23,0.10826299420011704,25764070601099546e-24,17002211791525667e-24,3732094260630764e-24,0.10517532397715197
0.0027048237886561763,0.043591524096834026,0.530300667461093,0.2292931888925095,0.043207439292838073,0.07759541404813326,16159580035565975e-22,11370876486785972e-24,19962551342292226e-25,0.07330531309474438
0.002480742066207376,0.07010554348305119,0.5227747089654243,0.1809750232827077,0.11864758898158498,0.027261540964591418,3870326958545442e-22,19212408111167033e-25,991375733380695e-24,0.07775446231113398
0.00014963423335666548,0.10206198331506329,0.4213467811685571,0.183670345095126,0.14797323554094471,0.016325232891795688,0.020373825588382966,2648228805191382e-25,12254529069897425e-26,0.10809896177939868
13901359692383238e-25,0.10011752217335555,0.43825444990884577,0.2190092634814516,0.05321184615001286,0.0014599988694039704,0.07255589258836895,15288124320953433e-25,8025287272730523e-25,0.11539102310708685
16027617642791177e-25,9166116310568406e-22,0.05338776142524035,0.13942923421267409,0.14732192989762083,0.22751187480932705,0.43133676311360963,2042026373572328e-23,0.001011450564025635,47345429811903486e-24
10517391297958598e-27,8921370128803976e-24,6486228766374938e-22,0.1324816003961867,0.10998847203001229,0.20141219556141982,0.5082272325750875,1444859917660387e-25,0.04788984129191795,4458227126143147e-25
0.0011720976233082912,0.012253241029116416,0.43422218263510043,0.18623268362462905,0.12066670971958579,0.002784666317909254,0.1609032797681131,1572341236434568e-23,7745184800353587e-24,0.08176511581364404
8086605071144524e-27,0.00734227890029749,45532827841348023e-23,0.1225314457599588,0.20432797613731365,0.1320341530695979,0.4051808531616039,1787183929218425e-25,0.12858283713708316,32002284796109686e-26
11654439878083507e-25,1826250622771392e-20,8886821497642335e-23,0.13949544981442727,0.15582444287995534,0.18693558843405725,0.41436627692582656,553472149030385e-23,0.1033598769190519,6952079351466158e-24
41213666226429675e-26,0.0012168350073916655,13678677817512803e-24,0.13829834247813166,0.15315158029096684,0.1648720700972626,0.4505458867544584,2759627712125739e-24,0.09191526476469582,3757681470973789e-24
5956774960593792e-25,989243274565876e-19,3369561546296684e-23,0.1261491519948961,0.17495396699804475,0.15230294150318233,0.4807763205494568,52992147091993616e-25,0.06571864744443492,7591985325544303e-24
6462333653680945e-25,0.0028451559104612947,2035422449543507e-23,0.12282313505129694,0.22076938170826022,0.1051853863194297,0.4680368325348381,535867909629492e-23,0.08034007484642662,7270749790091192e-24
12893832571005587e-27,0.012004189527975646,0.05750252816115968,0.158660691512345,0.10970406696458469,0.09955291249472942,0.4726744258758973,10524685916356817e-26,0.08990118520146309,14363738055906356e-26
20520946832988836e-28,2386747936762616e-22,0.11915108541180487,0.23638939912694326,0.01562370513203185,0.023608423915984594,0.5230724930658243,8188321518547202e-27,0.08215465464879258,13555862433195274e-27
978949102534045e-24,3482997877530778e-22,0.4048687171173962,0.18432319790240412,0.24294200223141038,19343502515582976e-26,0.16786572998435886,13436245052139691e-27,9200111228791295e-27,32697201072554247e-25
14595214551624667e-25,7275089462147305e-23,0.03510781144100055,0.20814965224235363,0.055126736253166705,0.12934774487769424,0.5695633010028854,12242224311702468e-24,0.002704647885284228,19844888578198994e-24
19959210398815415e-25,12554250784955174e-22,0.023265495239852177,0.26287209187942095,0.11007085242616965,0.0796530211376139,0.49775461424280537,1397433575888311e-23,0.02638262984655928,23832211256751015e-24
14671466917612793e-26,0.017021513740866,0.045834327354241894,0.32432285963196983,0.04880698684633382,0.0822019898799139,0.44484634265712014,6456544422513233e-25,0.03696597795414092,11430400803869598e-25
20256148177532638e-26,0.024184159046440126,0.07657282684800168,0.4073569526742141,752757055575631e-23,0.06752509295358257,0.3646375460372034,5881704067203932e-25,0.059723413318280634,8037359526778844e-25
4736420186292659e-25,0.06563172808259507,0.056907034801636044,0.3594736064042958,6655191644325305e-23,0.06603753889431895,0.37295973222988194,2108286740131594e-24,0.07899028856521995,18882248996488964e-25
10918264031851637e-24,0.2459362006890041,32585386048044656e-23,0.591506238506083,34822988533715887e-24,0.14809166639897728,27981280020532152e-25,17664640755582487e-25,0.014465516930312143,1316029882162935e-24
0.0010928255399161775,0.1916630826911814,19508401712059487e-25,0.6380165254621453,7021164864627295e-25,0.09778203137987646,33455133585887026e-26,3783383336667567e-25,0.07144553126510751,28956187603588367e-26
0.002055166106776664,0.20547863630985333,6397129254003889e-21,0.7120012219075633,15694248104712577e-25,36080477461507095e-25,30258846734443347e-26,9098333489892587e-25,0.08045857175325692,40465199713685546e-26
0.007899333752059704,29016241413899453e-23,0.4209740667712005,0.38938229559779347,3462524033315379e-22,6565797553964777e-25,0.1817436663450266,13556228920242127e-26,20406107401923195e-26,11874682035708788e-26
19728897552672072e-24,0.12477631277771863,0.0801804893089081,0.656794267480292,62339603555270095e-25,13082921107073903e-21,0.13823581840863228,806160448990189e-24,16046366541873633e-25,7307604904987696e-25
0.00349085578282192,0.11800670590870546,9704028571864229e-23,0.6725250195752539,7336531149854554e-25,0.20597732030782695,15014441916745585e-26,2061690963974193e-25,1817341692411183e-25,11376272372146995e-26
0.005945728212303756,6338046884412721e-23,0.2822851108537449,0.5170583464807036,13722509625517608e-25,0.03230799903561118,0.16240274881790606,38676025648338094e-26,11661730050099054e-25,29413192753279885e-26
0.006177463879706838,0.0002985207543051508,0.334161272906835,0.48760721627796727,14032242407925266e-25,14128980504419741e-24,0.17175550917118212,46271818656070723e-26,669981822886443e-24,34575346841698586e-26
0.0069977124577136505,0.015488117006464455,0.2858080608523433,0.5625701338104461,11219828386575302e-25,0.11492893860343811,0.014207034468998563,7093817414260344e-25,6067586427072355e-25,3626894728934171e-25
0.005564964369600477,0.006338751265341633,0.25777511535615855,0.48379458052893165,19194961598192045e-25,0.05302947199518862,0.19349711247208043,7870430027723539e-25,8364365501772936e-25,4694091323191423e-25
0.0076788442633172835,2548521224965466e-21,0.33585584213050834,0.41691886922838295,4164918782325813e-24,0.05171223989708013,0.1878316442243315,2739158775351245e-24,3397404915856769e-24,14336913143851403e-25
0.007559499603994782,13885453197043817e-25,0.40493691946194554,0.33489315543835957,8300955983224265e-25,0.06498039606769149,0.1876300212903544,4772296336855244e-25,5068549577163764e-24,37290554439162367e-26
943900163757817e-24,4705502620055325e-24,0.32683296720424243,9339430919095492e-25,0.2963059368288327,19186611973427324e-25,0.3768610851217431,5764405696197333e-25,7890234077062853e-25,9776650661294475e-25
3860862659272399e-24,0.08142040044284678,0.9030878333558825,21725029439769154e-24,7575478928905315e-23,12542565926151726e-24,0.015491614173822823,8362631036348606e-24,8087422545355169e-24,21698342037949157e-24
8719113649472925e-26,0.05954527678110923,0.9294521617935786,12402103352145969e-25,3372081672422343e-24,5563724198947972e-25,0.01100255483646425,25953931163475326e-26,18981630617772867e-26,8843974529180868e-25
37087886522421185e-25,0.056723234225888944,0.9412129852560758,17482428392871395e-24,15947763988789442e-24,243695221142456e-23,0.002063711856360018,51852189972056765e-25,644837818942022e-23,17452049642480223e-24
5320946909218193e-27,0.05548025396996668,0.8921232414499704,1308380869176e-22,7110382755602178e-25,4258348052419966e-26,0.052396503410693095,17652476802349843e-27,47720763622433635e-27,21449502077405254e-26
35676589787805507e-26,0.05437475342182576,0.9292826759220993,29617603921502405e-25,7910175713642821e-24,15311340278388898e-25,0.01634255127111893,12828464428941667e-25,11877575402901541e-25,415468395503171e-23
2077302998146277e-26,0.055358047300099904,0.9404100452769077,1562998381401816e-25,3231575344502483e-25,7628149391274336e-26,0.004231906519045126,6888024162443887e-26,6436492192859634e-26,19184931940787996e-26
11388124551192306e-26,175990142148229e-23,0.9954744853677435,8729462463620715e-25,1882399277323679e-24,4801490990640502e-25,0.004525507196170276,4244254847067258e-25,4929829920884618e-25,14097178221268325e-25
3903466093847793e-24,0.08530393564092766,0.9146430140972311,23761793956352897e-24,5101798769652079e-23,12853663743906202e-24,5288876243055335e-20,11132437241759994e-24,11669792911983056e-24,4716052084129455e-23
0.003903758204010234,1459657471266557e-25,0.996095938196837,16996874086708265e-26,29805086997445258e-25,23219456510273218e-26,6462176130676833e-25,7692916135382752e-26,29910057168854205e-23,24581434618864864e-26
26176518545440308e-27,33555824939215465e-27,0.07713872499488278,2535561958257227e-25,14161506093568864e-27,15250737187062528e-27,0.6003444277910608,2592730833321711e-24,11029819954731576e-27,0.32251684426858135
0.027912710679534228,13762728586549813e-24,16310812990248113e-23,2562963446057534e-23,10631529069803027e-24,9007034768652246e-24,0.21397207262881848,38855814108991134e-22,8684530538390785e-24,0.7581111002908305
0.008414726729017163,15215540183493205e-24,0.9692459674987979,3188254396034157e-23,18831196820969004e-23,0.02233621847324432,28217483951158177e-22,9214886165735815e-24,59803161141474225e-25,14945412422668363e-24
0.00808973804235972,6367477831393183e-23,0.9777134582087423,2741382418204726e-22,12738986384717917e-21,2428524949528736e-22,3940926658703946e-21,41887580121862884e-24,0.014179422283225487,7899960297341779e-23
0.006685464236033554,12841243727463292e-24,0.9588991585432441,2601392898459942e-23,40618352014990954e-22,0.034397774500695324,13472482704373518e-21,7719055215696333e-24,639601622864708e-23,1543255227640129e-23
0.0067129318294073806,9107766351757743e-24,0.9365817719151536,20429784106810146e-24,8142838962009504e-21,0.04364404339023343,0.013053056222774152,5929180783338906e-24,56096433499494e-22,12726912922903805e-24
0.005872810181250298,13541244060521059e-25,0.9396186720191559,4246006682834487e-24,12682931718912317e-22,0.05450723490750829,4684506345019131e-24,9039479310746697e-25,12955991007845385e-25,21136983725933603e-25
0.0050086840758129915,4982666308200972e-25,0.8365601969212577,0.09714670515283666,24271696146528046e-25,0.06128440581925019,2876366513999356e-24,7318478113112008e-25,510542930015207e-24,9876694311621895e-25
0.00243340521730963,921443733392754e-24,0.7491086095445384,0.1936370877199768,3426091158686681e-22,0.05482054747410217,34706341513552135e-25,944536863781538e-24,9426314131265197e-25,11549927778415294e-25
28893808085102513e-25,16092459808150112e-25,0.2113410130785278,0.0001623032772750387,0.7884966665177936,27973582474636167e-25,3085104195146234e-24,21359392248644054e-25,23509118105061267e-25,22569802730007023e-25
16248310797805179e-25,4358024323079746e-24,0.09174255970938165,0.22459156761312868,0.6836656717093741,7965418604848606e-23,33497700349298167e-24,6392487285463162e-23,34802658233351203e-25,14428236042446688e-24
43697827202559566e-23,4465337154099005e-24,0.20926389140605695,0.0783157361991761,0.7118588314088432,0.0005610718647715799,849765653973563e-23,9074915122651836e-24,5109005867091389e-24,5001563936741418e-24
28627591025506096e-24,15457558965765102e-24,0.7526313841505734,0.0181047334384839,0.0603928638378247,17283678951603335e-24,0.07300097608628471,6367365888462092e-23,30629959484378483e-23,0.09586961114126204
116466264094591e-24,20193862369917407e-26,0.8468288140813496,9726205994532887e-25,0.05749910817886537,15958530651483699e-26,0.002631410549485987,3512179631459009e-25,5704060471494636e-25,0.09304066481748301
0.0013699296787007581,0.16776602651104353,0.8170285141802527,16802950281309114e-25,0.01383551054889575,11946724942641366e-26,15619041670313723e-24,6340976003351054e-25,33790896742680535e-26,6904140252444343e-25
10627984695785743e-25,29118467730786344e-24,0.8082481727776365,9170234331326345e-23,0.04481739484201134,15663438908414305e-24,0.09789376932864544,36649949498421775e-24,6993277375314595e-23,0.04904041892265788
10964158084861803e-24,26448016824648313e-24,0.9520266476480785,3463970149199337e-23,0.04797319010911259,6806437231264706e-24,2859116644718149e-23,23563137826192563e-24,1113849246212716e-23,20074609278684385e-24
493233401111965e-23,1145491073220938e-23,0.866280558991206,19288535020245426e-24,0.0344971257392786,30939120345605824e-25,8306131773312514e-23,14916340370168957e-24,10867052823979126e-22,0.09922109181688223
10876555791289659e-26,6241862407990847e-24,0.8239590551343327,49170308297018914e-24,0.028139870086225018,23404325945690456e-25,11518304222094886e-24,11550517024197128e-24,6209143220587509e-23,0.14790093175782576
66822698176383575e-25,19446480436052407e-24,0.5296049783360945,22670765833724635e-23,0.4703930787601598,14634569912255856e-22,5441909573478051e-23,6343003915101351e-23,706927706227043e-22,3806842231924533e-23
20777175826232357e-26,7257651611293026e-25,0.2814154096825195,1940124723598766e-24,0.7045021120976693,14409804827684844e-25,9797814217991247e-25,8902707892431208e-25,0.01408247116866598,8668353157431081e-25
8391125493794024e-26,41501936044839844e-25,0.11563789283397066,2193668237096033e-23,0.32790982781615075,43617162115563484e-26,14511519710046253e-25,2023784535643347e-24,0.34118006348310725,0.21527218578494936
4017303565532007e-25,4353854108128018e-24,0.9416421952644825,627783470778366e-22,0.04294897231819635,6611282527878984e-20,26735519572273486e-24,65290829259944345e-25,0.015342611810918234,69831286157135556e-25
4067221385700922e-26,9332647134106845e-25,0.5137424129040684,6176115553152928e-24,0.14188658631519308,3457604154773795e-24,2704146052197738e-24,3776761138369696e-24,0.09351795511826731,0.25085302931001396
16786575535828525e-25,21771373901287002e-24,0.21508178521986854,3141910816296867e-23,0.4206325431592472,282607329673571e-22,0.3642855239606914,22335624375591718e-24,13575568706065735e-24,28617895194181047e-24
21226364064556938e-24,9782628929844354e-23,0.11051491036997796,1973055381944567e-21,0.4752364719467239,8502345108641336e-23,0.41424549232664326,5654189216728569e-22,1078280571975938e-22,2750744369910116e-22
10564253585860387e-24,3458402051941906e-24,0.1497997267305076,38359684094925314e-23,0.4336317469644395,4482374708978106e-24,0.41656810347613027,10266217707226796e-24,43008801199305866e-25,6161505428722175e-24
0.002559653779322933,49038201457182776e-25,0.34197452105000214,0.37661393111360175,0.02326914866870012,6579118763383288e-24,0.2555825035264874,9673197040788845e-24,21780082324101314e-23,2905006265571034e-24
5764260624229314e-26,44853759667933585e-26,0.8770837527469582,0.08050262665975504,43817007821962556e-25,4377624887370071e-24,15370419865731362e-25,16163749053488228e-25,0.04241349818734133,10998704032367803e-23
7744050475201583e-27,8799780028382192e-26,0.9313650076685801,0.041134148616032776,6362983121298847e-24,66638458985105e-21,7072428152425865e-24,19052451920409855e-25,0.027500635800094708,12584084176272077e-23
3424809335861858e-26,612253139148055e-24,0.9499445432801932,0.014112708564102386,6196061287488955e-22,36118582497842223e-25,0.02582319751259489,0.010118918600919303,550090312857384e-23,2676683733005816e-24
22240092902202323e-25,3442289804945992e-23,0.9202757768150348,8479446452174194e-23,0.02424467825922539,0.0009262484763283106,0.05455205316821859,8141634888879061e-22,17627169680927101e-23,13138559523450506e-23
19458740470648134e-25,23962997883045327e-24,0.4596669973230762,3522036528370864e-23,0.364772974067573,0.0001771036440400814,0.1753827594785615,5375689583954245e-23,19882602832162075e-24,3071757815945938e-23
0.0006238523439552509,6712244674461562e-24,0.22656789767171337,0.05171042797300417,7776804660446104e-24,1009484432627601e-22,0.7210977047647369,1340585500216734e-24,5333896211936479e-26,415122938280376e-24
0.0020828283820047092,0.07731955515200065,0.13615674726469432,0.10950339880566634,12740174333882768e-25,0.26985702248593185,21105779276485506e-25,0.4050804410109272,2358120061187379e-25,3278165992183552e-24
0.007557990892115139,958272315620492e-23,0.24098848703256895,0.19195849481871377,12680359307409764e-24,919908017677152e-23,0.559494977078335,8466262610939605e-24,48517979773123825e-25,53980543470713635e-25
18215531489795575e-27,25024505177777826e-25,0.43777141560748006,0.041663032134321,0.2474392742822749,12580077835856833e-24,0.2731261276698884,133632036836279e-21,36920231807158e-23,12040503483868575e-25
2631987350848656e-25,19336400765500128e-25,0.7613384306009924,3660657604586015e-24,21072956006853594e-24,0.22766526429343625,0.01099626390056262,10849924604949414e-24,1525745486143518e-24,1900149642187316e-24
5914869331369011e-26,2444965109114952e-24,0.7608902097339478,6509007406929724e-24,2160588691641051e-22,0.2391075666010089,1983949151482897e-21,8705768178181883e-24,25139646309651994e-25,34240731111504603e-25
42750694289210836e-27,13747858791006237e-25,0.4442643032107596,55947429257727826e-24,0.4513683231396114,5957914695375651e-25,0.08258580822536593,21140718965373452e-24,0.021781484172703584,21500779856523313e-25
9825732863657779e-26,6380431688165194e-24,0.5961752688979243,35842377534345295e-23,0.3202147135068415,8034183018822871e-25,0.07059512011388701,18632318343505461e-22,0.013012661080176739,7463592699951862e-24
2832226318597877e-25,41082948824485474e-24,0.5366338422739243,22444685507217094e-23,0.4477213086141278,18409911322152427e-24,398682415652484e-20,13646481026983897e-22,0.015639077146734993,1418730540543708e-22
5802010129307225e-26,3822718195306951e-24,0.4188000530482604,0.04189392855659874,0.3872086086335573,0.15209737252138258,14802359552779516e-24,1761008131035832e-23,577608192139129e-24,36939919503356034e-26
2024724899433482e-24,518971523409729e-20,0.18562296013099894,0.0299010947159217,0.6277028894788125,0.15676760792696215,1436904856140347e-22,9722455802958062e-23,740441169639829e-23,7688066999050035e-24
12121862849841151e-24,14151310006548943e-23,1817164322824759e-22,8577316915217449e-23,0.6688348186505242,0.3311642371056424,22737072442255497e-23,18948970603470233e-23,565528906944704e-22,49705920283662794e-24
0.001760279145521793,7271676661141374e-25,13306407754729553e-25,0.13801223033861262,0.530671303526471,0.3295559434878279,27430391359516354e-25,16362116227977834e-24,22201452822474365e-23,3240699775626319e-25
18440171542271002e-26,13175107634124532e-25,22988375090828455e-25,0.09015450973073284,0.7029821798468903,0.2068632476225506,11591830787128541e-24,3891021107746125e-23,7673302544997003e-24,8239759437381922e-25
28056171086668274e-25,9793432719823866e-24,8967019145098694e-24,0.10809899628059638,0.6848816462811327,0.2070192974990382,14785573595062603e-24,14131492390068822e-24,5409369435313893e-24,4046918397611167e-24
9286193071773832e-20,27876884562312664e-25,11064649934797924e-24,0.2716191912184893,1731638137803462e-23,0.30255624947784754,9034253213571001e-24,0.425731654838436,7557144238611002e-25,15758171557384798e-25
33225443493833e-23,2250153691846747e-23,45762359471397456e-23,0.24725239610724292,18156627404414032e-22,0.286799673087718,15631832010129562e-23,0.46594544793497916,19245159807355734e-25,2852694871988204e-23
0.00027897952952317655,72229720454116595e-25,2283019953420438e-23,0.24518586363779177,0.016578270748304588,0.28902832652977556,1972783881716844e-23,0.448928498973815,23510243759539226e-25,8449587471088556e-24
16451224830231647e-23,13364286344749072e-24,23780921533116232e-23,0.2159916723767918,5972053801538491e-22,0.25480014667195333,29071099610308656e-23,0.5292068568057586,44982854605169166e-25,1604506418906366e-23
2888153320802988e-25,5265044792360804e-25,413745625888828e-22,0.15506810751875416,0.1934463347634032,0.12154259395468239,0.040445168666426314,0.4894977523887592,9223508933738581e-26,42579571003441944e-26
15241831539171184e-27,19811429508281402e-26,12556065576425016e-24,0.13934830397638578,0.46923151913199673,0.07905070632462284,3687841382712287e-22,0.31236908876232916,26139399275837698e-27,22497384758591512e-26
13938610345985014e-27,5009038745467271e-25,9208996939586919e-22,0.09870272863548361,0.35071689279499924,31899783796402554e-25,0.1653370015539667,0.3852424516459499,27461825834875294e-27,737638223356205e-24
14397641774630504e-26,21897152658465112e-24,0.16688929415328346,0.0728041699196215,0.07706295615771781,29939196369624898e-25,0.06855871676998325,0.6146848361717397,2833570317141008e-25,15092486089484234e-25
6504964727826722e-26,6630366486839438e-25,0.016417386005122412,0.054343004529846674,11535948634694588e-25,8828891478886732e-26,0.06925285711565085,0.685303306586955,21499520296396e-24,0.17468344377091824
7852533757501055e-21,5870931962737678e-23,21952091155476986e-22,0.06658288184814311,7934979903506797e-24,29114125171269904e-25,0.09829100236494984,0.5985019965627381,13292978236064623e-25,0.23661400059628002
5974378010367297e-24,0.020086146194904637,12866386750349575e-21,0.0888854467908371,0.7185179624521206,8157168926555475e-24,4646826964070384e-21,11846465889424102e-24,6407965339609425e-24,0.172492898962401
37049114844960905e-26,0.03177768615822098,6485880919754741e-24,0.09331431680496641,0.7362999362222526,8174608786149752e-25,610007450241385e-23,12269393756350432e-25,4053036486455097e-25,0.13860804540840968
10263433687393295e-26,0.0359962660228022,2294483964339172e-23,0.11403820572802756,0.7683265595253905,15358995126765788e-26,21364313716149538e-24,3778735992244121e-25,3559701105394291e-26,0.08163892374492335
8688475740511901e-26,0.017879311855100413,18901732339261652e-25,0.12789064012064869,0.7926716800875312,23293996714784314e-26,34861773495564617e-25,17624146753752794e-25,1078749986928862e-25,0.06155836037032231
16052369583735957e-24,3061754065922324e-21,7528204345121228e-23,0.11457306699894815,0.7641668278948482,2091153607077527e-23,2247983059294807e-22,17689285098321102e-23,6952559363233136e-24,0.12125652246411832
0.00046912205441464465,0.010950095687864772,7652467107244815e-24,0.008748196471608852,0.34047687154061246,17176854148851262e-24,8605824364577617e-23,0.4271368301460105,1083470219218122e-24,0.21221877212845672
0.0035194730955655142,5731433461029761e-22,6131997361013852e-24,15114962310016856e-23,0.2833089074993207,3295240277758695e-22,223050715459931e-22,0.4034593616278378,16840471168980948e-25,0.309711173839113
0.00044205986820227994,21246996664899844e-24,34278915342494474e-23,24128610249826206e-23,0.6845876485615581,0.234159198972197,43681791929549675e-23,9509301633252038e-22,12941522269133609e-24,0.08080908658617086
0.006637614679296849,12575756648041956e-23,1228193680096081e-22,0.06587944954815751,28141696542524524e-24,4560934546572099e-22,10346479878075676e-23,0.6167270674927023,41319335437245215e-24,0.31075499068361045
0.004087604557235686,2579430428317313e-23,4734031549605831e-23,0.31346454100314075,17068006903502195e-25,0.4700261587740518,7729610989680014e-24,408836887226236e-22,7780135047765544e-25,0.21242157143283388
0.01309743825840863,1278137881503068e-24,12752712057920155e-26,2446316768729564e-25,0.12528480976365547,10204473177324109e-25,37928670310765663e-26,17427512731891253e-22,7947971825316137e-26,0.861616006098467
0.012827995991665288,7040983345574185e-25,11186248838903485e-25,6852301020844655e-25,57155092020117e-19,10191385571233618e-25,2184474351586933e-24,8053547485670176e-24,24493334872685668e-25,0.9871662722856276
0.01574785949345108,25579945482304683e-25,4487572551343634e-24,222896447384531e-23,15827915854443383e-21,28776846625373013e-25,11270578491012618e-24,32351576585108716e-24,1299894366306402e-23,0.9842362438220864
0.015426281096277498,3426659496560367e-24,6751990650249115e-24,3017825039705053e-24,1077611135125705e-22,3743253391823421e-24,14222351419973359e-24,20194537608069386e-24,27948786429961076e-24,0.9845735318374012
0.012624836907136004,11002120249338468e-24,2143136601668561e-24,6001911223241914e-24,3267501023983159e-22,4901244395959967e-24,5384155722034666e-23,2072475180936365e-22,14828366603310436e-23,0.9873744029234244
0.013369081064535885,7630023343465948e-26,273315326750166e-24,5587379307971439e-26,13997830600805865e-24,7436571800673261e-26,9572076978821125e-25,15935435825381182e-25,7367893548806675e-24,0.9866308945388996
0.014114291363213257,5488690668656456e-24,388571706824103e-23,16693773010028933e-25,9056579308583336e-23,3179279775159103e-24,5354582692438837e-23,7720164514986287e-23,5230264555345951e-23,0.9858854207979815
0.01460109176227369,5081952139400781e-24,39808190366256505e-25,26781732604631646e-25,10702288990977061e-24,36161729645085362e-25,8542635561880593e-24,9858337808319504e-24,58181978256463095e-25,0.9853988579600117
10220581180904724e-27,1744047318792168e-25,4216234573109944e-26,10656781413753489e-26,17512221705091244e-26,0.12115919674779424,0.2218223408773358,1352895787947891e-25,41152237288560425e-27,0.6570184616899489
15787790874623394e-25,0.07322041912360494,8458035760984956e-24,21533008201811096e-24,29992986236611816e-24,0.17227783152519763,0.06494965398882586,1585832020090937e-23,7518085745977351e-24,0.6895520104231416
0.011481192425143514,22117872468032596e-23,1477338869399866e-24,0.16637586185225492,1311815237899695e-22,8921658623404954e-23,13285325075273585e-23,8248241722214105e-25,8545119826231085e-24,0.8221423604452467
6322941720268412e-25,955586143811058e-21,34784891869360733e-25,26722352010419954e-24,36994838655024325e-24,0.05283943707608959,0.25338809145362834,6619804166185317e-24,32472621999204832e-25,0.6937714381885511
0.010298561865363674,0.000134709941336988,43365343908159416e-24,0.13585704932056908,4816667220230508e-22,6920698101507102e-23,4116336453735284e-22,8694921516656987e-23,1561577637305906e-22,0.8537084298896924
0.01034577881256737,11258343617943599e-22,24843475663982655e-25,0.11492161627538829,589925733923223e-22,35236855734432685e-25,39263734782643066e-24,11306569462029707e-24,4786708999458057e-23,0.87473131562979
934336137318606e-24,13868851523451917e-22,16643682132619602e-24,459358209736884e-21,15447519266797695e-23,0.01850694367715439,0.18815947583546183,20454087750690335e-24,14965867953196808e-24,0.7933315267708579
0.008374090926838681,10662505602346795e-25,750246854488923e-24,1108089591052665e-22,4601982708758027e-24,0.016179007159184015,3592526737137122e-24,14302187210170965e-25,4269999764991166e-24,0.9754467753937061
0.01019143480682983,7748951419227257e-24,25069411543972996e-25,7985286858377061e-24,17008626279533845e-25,0.018745707799762517,41069442718670176e-26,1934940866234546e-25,6197047287039975e-25,0.9710628362274912
0.010210577172825686,0.00035502801304816483,14137659476457886e-23,22723822578042398e-23,1162948145317251e-23,4156033239848448e-21,6521361474847835e-24,2195199730854837e-24,34875736530128363e-25,0.9894298463324585
0.007926879200944497,5581939963998474e-22,10588298139388903e-22,9618253263573522e-22,3845631391551856e-22,23992883050004314e-23,17601455451139534e-24,11489276432779028e-23,1328986674981029e-22,0.9920696520650873
0.010315517056513105,0.006868393392548506,40012836960431405e-23,7883857425837107e-22,11280075346767085e-23,9173876193851176e-23,12724852645408671e-24,3196250667209378e-23,7367524932134426e-23,0.9828145781361517
0.00988333261584197,45572330185942285e-21,1542741597244905e-23,14216102124923403e-24,9049424485865778e-24,8157445327886455e-24,7724104240014416e-24,5563337094516475e-24,6419195145606953e-24,0.9900710284614214
0.01077941706510133,3888819010521494e-23,15785739180310036e-25,6679408052249165e-24,18509076351001122e-26,12931501726100008e-26,49548152902077893e-27,3719621966888622e-26,10069083768736503e-26,0.989220535286701
0.01160254913286765,8543047633354555e-22,20471380723755774e-25,1799368834366274e-22,52018439698945705e-25,4460561642785094e-24,13922356393819813e-23,10759695133776265e-24,3871690636559057e-23,0.9883962162154838
0.01535544639707824,16257736117846497e-23,7814771976793076e-25,12794989197982953e-23,3607787280568473e-24,995777321251778e-24,4410588083933402e-23,58615764384847505e-25,3811959408201442e-23,0.98464416960447
38325826504372686e-27,10797236963935081e-24,27917275794604055e-25,23064376814135865e-25,7939350061256329e-24,18545615417021576e-24,0.09108678230450912,3227707896446163e-24,44073245451667905e-25,0.9089131676417127
9034000545010589e-25,12229602258458849e-24,21743565067265025e-25,32983348892709182e-25,33302918291885534e-25,3882173475914232e-24,0.10540672533898274,22976792866466208e-25,2179119470457171e-24,0.8945932443657356
10293327958483006e-24,8874816868450577e-23,2274687195007427e-23,3444473144033902e-23,3001339796039162e-23,43981481698139424e-24,0.11623447034592319,2638439825176949e-23,39549750584782156e-24,0.883765233491402
53712258027938635e-25,20770556130249615e-23,4443966814299621e-24,4801017587566667e-24,5613896327484967e-24,4173439177788875e-24,0.11662661889694978,508412562038369e-23,9730485134678115e-23,0.8833730466051675
7553611508017319e-24,10036328021521744e-24,13788089834513027e-25,114600378922883e-23,15342400933506244e-25,1388279864795132e-24,0.09489443826310562,16330751492027898e-25,12147214701436776e-24,0.9051055249192426
805171674532332e-25,1759533026846782e-23,3061882641042756e-25,3299362329366856e-25,3056132191277612e-25,13137713345575646e-25,0.042077246368671294,35423454660750864e-26,5490773712511021e-22,0.9579221842682976
4619476443542758e-24,3867239243984369e-23,3005521572956338e-24,4117591861005015e-24,4858164786553737e-24,21661626372141244e-24,35189849580358324e-23,3614347154800736e-24,0.16514345899543245,0.8348561085569899
15671388875508142e-25,7944343691691592e-22,23474384125411064e-25,25120721005207886e-25,1772326446665354e-24,31837863778460157e-25,45155555007606956e-24,2400273170837721e-24,0.17204496665705343,0.8279541799823268
14218719156522221e-25,27814868326223237e-24,4991531373226957e-25,5051559970334606e-25,7636287164620936e-25,37415764811242405e-26,26061063503557885e-24,6666126716763074e-25,0.1748246616073847,0.8251752802861619
0.007258410272564174,21494594630608682e-24,11715983521433079e-24,9607811817329558e-24,16607386784870442e-24,24144345467988207e-24,3834924055236937e-23,13650708906798656e-24,0.31798975148275194,0.6747517026761329
0.016223621314364032,33701275917030646e-26,2407697563569464e-25,20032663831435175e-26,3523018515431128e-25,6699242308365763e-25,7680909203943494e-25,3203842519179801e-25,0.4429654222355455,0.540810953561198
0.01847715780090264,3985750134973629e-24,2481661809611692e-24,2550817165414332e-24,31843715053676378e-25,5110670634230633e-24,17827456377285026e-24,2969169053042887e-24,0.44987928911380504,0.531643514974291
0.027484281962467775,22908006212032263e-24,14344506313063482e-24,1349607230211275e-23,12012166506063095e-24,6297760577458256e-23,16733635495307563e-22,6179279269526337e-23,0.38556209483964143,0.5869517623031385
10571711743228635e-25,0.0004717486874811055,4451244751404874e-24,4208413932092242e-24,446492657578425e-23,12588250419268187e-24,0.9426752308135339,328857677186338e-23,0.05680959845695464,43391989084653805e-21
5761226828489117e-25,5383970840631202e-23,2781095044618133e-24,26911482146905155e-25,26125375077227524e-25,931588482399003e-23,0.8785309774723631,20259466643020423e-25,0.12146886653588614,8214936745474803e-23
12498951983589621e-26,21086562028153464e-24,5558703121906086e-25,4673336156512208e-25,2735943783243044e-25,8722981904915787e-25,0.860173435857049,22271896159302757e-26,0.13982650982087433,30718488451401216e-24
257365846316742e-22,23080884590282614e-22,9110386896463687e-23,8532074462280364e-23,7155970691255717e-23,9528044134818817e-23,0.7932925200129668,7458438317873674e-23,0.2067039921370832,7361761982392159e-22
