46584970661478515e-27,4713788821841276e-24,0.345800698417384,5036289606481953e-24,15562398899172036e-24,9360215235021702e-24,37576927594341025e-25,3381002247051531e-23,0.6541992126333276,16662208635131304e-24
12764357765120412e-25,2818779095486873e-22,0.3405043678394684,3839098833164534e-22,12198043279234828e-22,4830429196813e-19,1592849661025805e-22,33305623607738834e-22,0.6594887849043236,9874974112409744e-22
0.05080244598107499,30603527406555744e-25,4149060671300102e-24,7329511326153865e-24,789087652937474e-23,3618699659559317e-23,9520125979240275e-24,0.3077492559093708,0.6414478800170995,34995553729869516e-23
19260691841624606e-27,2822429016760839e-25,4787598796974426e-25,1122953668318365e-24,5255746910160595e-25,0.0878944900040716,25135519797230866e-26,0.3955146112353859,0.5165908950860747,9952560558935152e-25
60600244252064784e-25,26055333193322605e-24,4244917160929039e-23,3428071453358363e-23,5571514913628714e-23,0.2309710999152898,28388220802428877e-24,0.2857764705057383,0.48325218576028833,508700693873588e-22
11895766332741829e-23,14322385602005858e-23,0.37268735420926025,4346725854694637e-23,20673064721620838e-23,9527984628613204e-22,3451913938445935e-23,603283683440924e-20,0.6273048980748174,21518195394373196e-23
18206550598100553e-26,5666680715859366e-25,0.38098116722713793,2425329963901135e-25,9965811061379732e-25,16516378803356648e-24,3166946808813107e-25,23306880140708474e-24,0.6190187896540992,9909612228705354e-25
10295995575355166e-24,12389771551150057e-24,0.3900954696922757,9584362927259702e-24,19181691169929583e-24,52189027838876957e-24,10895308267423316e-24,6875793489559354e-23,0.6099043232384033,23772094590245565e-24
8099457801252608e-23,58919945381211367e-24,0.392207292103075,131117712044253e-22,15237678137613153e-23,36865785210306517e-24,579337104268973e-22,2154297666304347e-21,0.6077899967271849,15666950065607172e-23
22970975048370304e-26,8527033680565958e-25,0.3604382138486524,43443892750234814e-26,191139074921448e-23,4379287688850289e-24,5987513658570216e-25,0.1347241825376795,0.5048375942294981,9779143918077318e-25
5004720145384696e-25,978599244972906e-23,0.38240535295140454,24351371852338627e-25,10391932682012987e-24,4774538341519388e-21,48003563145779336e-25,0.062327980279984985,0.5552618530542391,11261279640830378e-24
8995147185253649e-24,8972431086597925e-24,0.11843167409333387,5666036076295362e-24,26277742421375554e-24,0.6665006037958335,975220873239842e-23,0.07446580914190094,0.14060184248179391,10823411515267363e-24
24836935369119416e-26,7489152108559235e-25,0.28649310285142066,3994401493791779e-25,14297781995397545e-25,0.22732872279651434,6098184179616826e-25,6969472541157212e-24,0.48617816304777534,8984423778569523e-25
7616081282419792e-25,53328420982230595e-25,5923733721612475e-24,56500753494198264e-25,14109885279525943e-24,0.710815913868279,6035499187043788e-24,70929105540604764e-25,0.2891840338001308,7424933979744079e-24
5113576914971486e-27,4694491082074303e-25,49837564587632786e-27,35239505569616196e-26,9117086455305284e-26,0.7299181168078606,8545026635593463e-26,35225668162056084e-25,0.2700818784942525,12450875868661532e-26
14245846991450487e-27,10215549451450418e-26,8498177023793268e-26,9047408730938808e-26,14716579623635233e-26,0.9544171477802057,8485068319650654e-26,1317629773664303e-25,0.04558285147047674,9491761920041606e-26
398543595556368e-25,4971016426310046e-24,15182309088828513e-24,20098783552306643e-24,2593727995726725e-23,0.8614499429946443,15282017243521552e-24,3550971744395757e-23,0.13854992845332204,17065117037429786e-24
22141439298462544e-26,16715756383446052e-24,31688251349282894e-23,1656309129531215e-23,27017801566133055e-25,0.7334610119083333,4198702216800685e-24,3522727561669895e-23,0.26653859141633796,4161491654736272e-24
4932517960404795e-25,17685657259978306e-25,31722450535028904e-26,20395939671294323e-25,8828957181113101e-25,0.7184594360969447,6318134899804418e-25,43054786285055785e-25,0.2815405528933368,5992222257705932e-25
6122849836097718e-26,4651910615185965e-22,30505546815311353e-22,27406885070974355e-23,7863477681732087e-24,0.8409117904697089,35617307684936447e-24,1124917709890751e-21,0.15908318771113364,6357038312326588e-23
13614631951429905e-26,5975259082655212e-22,3547735202064031e-21,3690890734470361e-22,9946676154839213e-24,0.8261320785305334,45458633387388814e-24,8025583831594877e-22,0.17386245687412977,9214803226769883e-23
12719659642031447e-25,6950152006663529e-23,46714277782780334e-23,28134234229862753e-23,11089562192848228e-24,0.8868707137882178,11990652294524499e-24,13044059663005795e-23,0.11312829557254012,17859820658887125e-24
43318247321034465e-27,19369177902437841e-26,14728430980796359e-26,3867598853716503e-25,0.22620415856419931,0.4853968241546152,14512015718572549e-26,18209351455519018e-25,0.2883990143833149,16069411865847005e-26
7646724987682509e-24,8368273828643202e-24,634857277523304e-23,2266049764502475e-22,14961966526268423e-23,0.9118200489698455,6949580778496385e-24,0.08817905970366785,4801139961486333e-22,5674743352634595e-24
4452482299007055e-24,1212563880572581e-24,1180184916272671e-24,20358702182471413e-21,0.07063103426574593,0.5808395816457643,1616613458269963e-24,0.2934398418826137,0.05506917377013394,1270975674632635e-24
33629220566760135e-25,20135660689497563e-25,2437184384016575e-24,5484856620919227e-23,9577038915286536e-23,0.4835077589793556,3028716416226104e-24,0.3008476509846212,0.21564442383013474,4744896534364233e-24
0.003930033381722705,36727140226228577e-25,35129220611340712e-25,6627753878750724e-24,8335038662627099e-24,0.6092007792679697,6215573714798624e-24,0.03027191788888755,0.17531362862444358,0.18128361247279323
20589148777753536e-26,72561248990800055e-25,18049304467226632e-24,4238069866964981e-23,0.1972033328815311,0.2484403719580587,3215704238933878e-24,7339962467598911e-24,0.5543562095797466,7132995004810548e-24
0.0009483009794944669,9821298264697862e-24,6537286814250222e-24,27089983554606192e-24,17711863966804156e-24,0.7190210328711084,39181906352186125e-24,0.08357390855704584,0.19645589005232292,7671922245776622e-22
1913670083898517e-24,1825782016595179e-23,24793545123330958e-25,11832063719037946e-22,25570340653726163e-23,0.5603241896852658,3267005821774223e-23,0.24632517438798956,0.1933490321302351,10958679214410632e-23
6401912826307622e-24,3538410687395399e-23,19431488801180748e-24,3940997694306623e-22,1331719356302344e-22,0.5930651624293941,291718786690868e-21,0.22120701724678923,0.18572666375282396,27636303409540933e-23
2880562195808434e-25,49928351322674844e-24,8589153041152345e-23,0.07326554605337804,54670064471700365e-22,0.6312311836498652,8192429529863965e-23,0.29549709957127546,20892237680218095e-23,2767645063963319e-22
34783798141467175e-25,4437970684146346e-24,4723780765831078e-24,0.07671460435532886,12213514174997771e-24,0.6411456390594065,6270569788602822e-23,0.2821395811653109,17188113031992608e-24,7067251249074334e-23
418230687606616e-24,60342728622079275e-25,0.11308623319707187,0.30436490660005505,4701482355908235e-24,0.43259555563069135,9561537804659518e-24,0.12560820732848862,0.02434506674492954,978323837412752e-23
48155646746963615e-25,41955614948263256e-24,0.2516675770291672,0.26733636065841077,635641730934497e-23,0.48099463383674135,8067089223288926e-23,3098274118237598e-22,9052497868561047e-22,7960000178479274e-23
0.0035981869230293684,30673017344831092e-25,0.4982469573374219,0.273796927493949,6651706777433427e-24,0.2243578775022091,15026422849421584e-24,6779596920738274e-24,3892740151014924e-24,15325708510974638e-24
0.0023465577627247063,20775088901745467e-25,0.47173905917234765,0.3431448460724961,8370454008232956e-25,0.18276952479763414,20054120753173043e-25,940252624043845e-24,5053164801480741e-25,5829267436945038e-24
0.0012634065061624042,7802719150175418e-24,0.42653374704422803,0.2900247089746064,27754471069852717e-25,0.18351149191744523,4393312189713404e-24,16745382482607692e-25,10434890208496665e-25,0.09866662786806643
0.0018672208671108104,5980527313810379e-21,0.49213322225294065,0.3059672403444263,4270008066965778e-23,0.13905461110657863,5847077457741815e-23,2505584016088296e-23,12204377568128929e-24,0.06097158647058641
0.0007623024142464542,10727898274720895e-21,0.4532481146029585,0.36477975173171623,29718619562494795e-24,0.18119774791753773,25139356836022143e-24,22804150964471377e-24,7311929624932877e-24,12704612049713008e-22
0.00043907276806989977,0.1002696944476309,0.4491347505398122,0.33013903231922787,6578966557869554e-26,0.12001744778959184,8321479008498456e-26,7591265460029162e-26,13963439122097402e-27,1896791220121479e-24
0.001786393956668467,0.13240451427705405,0.5138336526134256,0.2909733107978916,35502365832863366e-24,0.06100198617239228,26994147280092316e-24,1946516873143006e-24,6568838628591458e-25,7708264284027679e-23
0.0022036309969626377,0.18962889140577732,0.5713712848424208,0.23677853006884386,1491561510802295e-22,17351198305789318e-21,58970143237342834e-24,824482099636843e-23,4685192736156143e-24,9042951653797457e-23
6425071312958783e-25,0.23732407509439907,0.4868225660040978,0.27585288296747046,20414954488262573e-24,16458231408212784e-24,39696944224097407e-23,22391327718791031e-26,1171303547013651e-25,4110639564902083e-23
26353375877307685e-25,0.16546358952579546,0.4487267346089731,0.29189523449389165,6921905315596447e-23,6417446568831126e-23,0.09391419230369052,7535332201906232e-24,4512568267338235e-24,10099151073718806e-23
6623313358161097e-25,0.016656000383535683,0.09994734570685801,0.17672498450628457,13243175802620125e-22,0.12816145252833774,0.5785088685009152,4798617766579457e-24,4439672298579781e-24,14155582489146408e-24
2183123152792131e-26,0.00829220078252667,0.01580850206965563,0.13642984784312578,5681612743176119e-24,0.09541718321113528,0.7440522598392637,9494865601883938e-26,13180316157951212e-26,3241392340687495e-25
0.00029504207567186013,0.05245394961495283,0.4526927548528465,0.23884995999829176,14766868148690202e-24,36285865523218774e-24,0.2557081185931887,2958204787458562e-25,15543069117494512e-26,12336119093226753e-23
3054707995018256e-26,0.108693181099146,5391238741696451e-25,0.15363194132742003,12538707504211846e-21,0.09496081391531284,0.6427015130454671,9446530271846704e-26,11094839786340501e-24,1465031796323753e-25
9909700026299127e-24,0.02000517763058462,6012237415337056e-23,0.16826961805078064,25664229295260305e-22,0.14554190909464862,0.66618060649255,16964076887285743e-24,9619724741169131e-24,2569293004716357e-23
4595675191436987e-25,0.06727155333390385,3911105984326665e-23,0.1789682568493889,3100763024347695e-21,0.07464333773553415,0.6791135423380178,23182753654939004e-25,1649180977693315e-22,21731732715477142e-25
2463373158450694e-24,0.056037453762327535,11405495323424772e-23,0.16436262929543613,0.0606063753998238,0.0006262949248030593,0.718367077955982,1114491055528455e-23,18298124951924104e-24,22704891419650498e-24
6092164387187419e-25,0.06257620467091365,1289239376007274e-23,0.14815182844755412,0.07991330971272395,14265690875326121e-24,0.7093586183252245,24653866047581783e-25,4225164853767694e-24,4385722636362751e-24
4376033490532707e-25,0.06736147051242475,0.03310498830353477,0.17145568711062928,8905721627816278e-22,12228889078952691e-24,0.7280769384282197,23269063995364437e-25,614206448735035e-23,3938362089628376e-24
250305126005837e-24,32016683985977096e-23,0.06012931578416088,0.20191866017438767,48289460032775004e-25,18834354840967542e-25,0.7379516933085842,7845846851132921e-25,13524784011264452e-25,14661068029595894e-25
27553945792739857e-23,22022870915331564e-22,0.4939275644225823,0.2054591457296,2250476844457885e-20,18560974688834504e-24,0.30058823188370565,11516568782656517e-24,6648142793567447e-24,3864262064728035e-23
8915969289988968e-26,31278214819293864e-25,0.07101698155204068,0.22290687088772249,3069740412895752e-24,9842391988351372e-25,0.7060761392447547,2759619872434431e-25,2612433316766706e-25,5073588346654532e-25
29150011211353163e-28,6120124453638565e-24,0.0444071962833032,0.3466750169070406,3727843165803788e-23,5025822286059495e-24,0.6089177370620541,55220260101319537e-27,10107113852062293e-25,25456807582255976e-26
16604438803856064e-25,0.0004777499955084202,0.0248364882537132,0.4497159361863318,14236086994051533e-23,1746427687022628e-22,0.52496931657082,26823686442556824e-25,18138635769938825e-23,62611015379097486e-25
6478885799813124e-24,12374270247377413e-22,0.010836920656198144,0.5423475554029448,6730745028743416e-23,5673224706705755e-23,0.44681401967806367,11100730772773062e-24,10420379224006328e-23,21012659963875072e-24
0.00044163392975948216,0.025649367079429164,8955317644578313e-24,0.4414481455751983,1467222919281235e-24,4818572387561515e-25,0.5164730248065861,23771837817776144e-26,0.015987817110688658,3563377608661202e-25
7399110888899747e-24,0.30818367368103666,0.013799500953708044,0.6780168135074652,14731995001150981e-25,16692998206451656e-25,27996340216833856e-26,7182527537741375e-26,8789236400092665e-25,8650578143151306e-26
0.0022791222757276085,0.27246628707870013,13193371353696697e-22,0.7252294869751423,4514973797905128e-23,390662683271923e-22,28954485068329385e-24,2776785847423963e-23,23618733473403592e-21,24662580153306186e-24
0.008299344869945059,0.20029243800261096,0.12778695813962354,0.6636212444890202,18372616019720993e-25,6483430716333495e-25,4230199449562153e-25,49917635347301e-23,10414618377948976e-24,6765222687088254e-25
0.013059479890838386,6501700504018229e-24,0.6236319316269275,0.1458960930799214,12006103859187951e-24,33470378087585464e-26,0.21741247603364686,15621933191477636e-26,18256420968684718e-26,18692597939327944e-26
0.008482452383383306,11662465579731861e-21,0.349841389064216,0.4665106179928499,14504109499563887e-23,2175569986603331e-23,0.17515370085936202,28136446507358008e-25,380564967367175e-23,38185794924793e-22
0.009356817208492537,0.10205353087452512,0.08456729406795159,0.8040223181076079,1772980169252638e-25,3935708317812845e-23,538950960445999e-25,4367793708110894e-26,6873430789476612e-26,4341528178014563e-26
0.008620527226789413,28102986306835355e-23,0.37544045436223156,0.4302667827591396,13554723902727563e-24,19989590972710346e-24,0.18567191031294555,3051654335380801e-24,4045309505818871e-24,36631858041071734e-25
0.009342186888781455,1490164831813413e-23,0.45186250214879764,0.3468119769884279,5652501020947877e-24,3124444945693518e-24,0.1919833053361105,15217448819669679e-25,16839763124704443e-25,1754069000336177e-24
0.01028927905209152,4536239950730813e-21,0.356840159887256,0.40922058067756206,2259887791394647e-23,3891913177092602e-23,0.2236453521414097,11206998065644003e-24,8525105261625631e-24,10753096818185064e-24
0.009837676605200726,8519917805156652e-23,0.3810029761111025,0.26611711408642674,2600199815669784e-23,345339150408724e-22,0.34304206742015675,69476900137231464e-25,61717620149234376e-25,6922572027663862e-24
0.014256040288412384,6691881323934608e-24,0.546701607560927,0.06461489881033507,32080178639660215e-25,33733554353958358e-25,0.37442743670602496,11743315188129507e-25,11288425669917969e-25,10647644243179332e-25
0.012696528523374594,11495211882765215e-26,0.5897804879464432,19595478557918895e-23,19437304187582226e-26,2607806352709422e-25,0.39752278670928975,7238878670002608e-26,14915594257394522e-26,7597564450610114e-26
20947228744241627e-24,2668009560663062e-23,0.4252872671715527,4063011791010618e-25,45645309780823227e-23,27321832538138276e-25,0.5747122245281505,2461155150290248e-25,3476509292150582e-25,4876635387054576e-25
20196523150462634e-26,0.0724404543194126,0.9275587374852157,10661164320523123e-24,3027346575370498e-23,3226055205194983e-24,7516556026594356e-22,14732136495646293e-25,5785825434229201e-25,10124611935412085e-24
8458524058929217e-25,0.03560653171121691,0.9643271859027671,48164132197489314e-25,13283865109713431e-24,27734260521598256e-25,6625474771627986e-20,13509274673034647e-25,9985653026611653e-25,35688440688311504e-25
14701706430916375e-26,0.033936098579236136,0.9660618287944558,558919265192152e-24,15816553476074937e-25,5750848459958719e-25,2068923755396356e-21,20091324875391557e-26,12239116289311137e-26,5165862063102942e-25
12243736829171607e-26,0.03108860371104652,0.8951946019191913,7739523748107559e-25,17103974818250292e-25,6636296059342594e-25,0.07371678845584237,616917260112472e-24,4321143603709312e-25,15944663435393685e-25
436208287445379e-23,0.012878905546627479,0.9871172193360123,30978930651549846e-24,747466985605015e-22,16589435629776256e-24,36848974060773085e-22,14429031924000028e-24,12891832868859161e-24,36221931181959525e-24
2311850053344241e-25,0.018512827847581736,0.9814871236186857,1760302249249093e-24,3407649177333331e-24,8875781768643542e-25,3879259376832231e-23,8477301707595525e-25,8318109003795379e-25,17749166315793562e-25
2138041626667903e-24,49222933838494305e-24,0.9999116302067973,7764086741195072e-24,16503712567508876e-24,3890012619001377e-24,8826416070779589e-20,34118161999156056e-25,42483242165305264e-25,18454032221670393e-24
19624449968693146e-25,0.038112084370870325,0.9618872900394976,10295948169523457e-24,1654216225736099e-23,4883735122564188e-24,5651687512508366e-22,41529585253155186e-25,4677693857212539e-24,17905941114995806e-24
0.0030090862071778194,953744859425445e-21,0.9969835920149167,10483642881644899e-24,8251606003729842e-23,19984429421156003e-25,6100887660451028e-21,6657192017330251e-24,5758141258436529e-23,10790863662064318e-23
15307057300686468e-21,57973026083928896e-24,0.11934720831235238,9108146752548041e-23,33738515776738116e-24,24324533111655904e-24,0.8577080528897641,7623112327156694e-23,21003318386307823e-24,0.022929127388614808
0.03849398357024282,9371931829958314e-26,0.2603822022828799,2555907563490131e-25,7210571178805433e-26,5649813259329751e-26,0.05250026733184922,5028976151436065e-25,5185025720099834e-26,0.6486235457823158
0.009432963249375696,5277506322900951e-24,0.9905639800539637,7442377135512652e-24,24393358503338467e-24,1805050330713377e-22,28313822590148364e-22,23997100040778964e-25,14084568162312487e-25,3890053305094155e-24
0.007332226910992631,18017024418104852e-24,0.9926657416424153,7163183009043798e-24,9495559940201111e-22,30408329808462626e-25,7685479034469006e-22,2213457510723672e-24,27985639083131853e-23,3051816395010798e-24
0.009241074787980356,4686730461106316e-24,0.9789430710801029,7338470654259044e-24,17353895946996364e-23,6855408542448906e-22,0.011814974172881621,26260203463298365e-25,15635974813595117e-25,4664645731553289e-24
0.007731037172026258,8383870512027745e-24,0.8913916101448524,13295076581106446e-24,7001478427244273e-22,15463935903813776e-24,0.10087660112844776,3708213503359014e-24,3224940112216941e-24,73307666558959305e-25
0.009276106121779804,36171725165459655e-27,0.9688801790518345,8184410449300736e-26,7218144241754305e-22,0.021839013116253775,39797053918029415e-22,17971680500034898e-27,14527561751861998e-27,4190852928404258e-26
0.008569751277874075,16645588269074718e-25,0.95284504418653,1197863944181356e-21,30705122521632103e-23,0.03817897374756199,0.0004047182105451022,19315635741082573e-25,14147402458915687e-25,26505329916058237e-25
0.005187058996942818,3024545089797283e-24,0.9486652982815857,1044929810234493e-20,11817783770911309e-22,0.0461359880730763,12453780946129715e-24,27041133818378607e-25,201134880601161e-23,3378267736589262e-24
37099706349152235e-24,9789435260535362e-24,0.23219596148227872,2440483452010346e-21,0.7678014577003384,4392525532074089e-23,1994486440020212e-23,10007410664753518e-24,8723618635435097e-24,10843564464135281e-24
5564174302235188e-25,23113197320906002e-25,0.10288906046574348,0.1156346104984641,0.781476308884203,3647389746007043e-24,5339332077617612e-24,488183850544465e-23,11590320988688548e-25,22562892449193806e-25
20145040799623356e-25,29437294531030253e-25,0.19882239593929665,31603941455041155e-23,0.8011772634803644,400072010116945e-23,4692488871694882e-24,4631082343869731e-24,31197375875670757e-25,31386703685168843e-25
18964880876549375e-25,3349156916637264e-23,0.929300884826573,3952621575575624e-21,0.07069077203121855,4928483444387696e-23,19698721265491584e-22,6581024561060214e-22,5336483557789308e-22,11442654098677454e-22
1786486285994867e-21,502251100116273e-22,0.9375384259272235,3875929608724026e-22,0.062455840806616356,3237956124343231e-23,1913313603232031e-21,11192748111320058e-23,15559057173540368e-23,12957505789732377e-22
9272556171812097e-23,0.10359508346952538,0.8724628920794046,2846173602249777e-23,0.023941788476302628,29113625355740182e-25,823988996890912e-22,14511289705178255e-24,34156463081111415e-25,11550286223080225e-24
7260560237232544e-23,6246897422090389e-23,0.9546614587021794,638375559544962e-22,0.04533790511205953,22624902310145403e-24,3151236385105034e-22,37896684231289914e-24,47623041569747877e-24,17896894023367287e-24
10193616501834318e-26,11260903936212278e-25,0.9558880170628584,1083926357262872e-24,0.044111978235882185,18069293648445762e-26,11558376254796749e-25,36064503110035037e-26,4440658158296506e-25,2473587299525002e-25
5471248607617109e-25,3056722718849401e-24,0.9648096143674533,16466300626158012e-24,0.03519027495674094,9677936769267125e-25,3427919760611836e-23,6358455393061236e-24,9923831208993987e-24,3907288770851219e-23
13734168957898977e-24,2910187498076417e-23,0.967626417674951,12624053961944228e-23,0.03237097113626406,1655738264176954e-23,45923355486342354e-24,969651071908767e-22,12967661459306323e-23,21529897447836842e-22
2487429109027132e-25,9406702166745569e-25,0.9926762374513766,225435336039734e-23,9162258407560163e-22,0.007322836180427872,1705963079904812e-24,32192941094823345e-25,5051322038373695e-25,126736066285704e-23
8426437336963692e-24,27969835594089416e-24,0.6380269834561545,3821124280918476e-23,0.36195517154563533,366103735482027e-22,25313505769228142e-24,18027641054518034e-24,1766888381466619e-20,21555600272922343e-24
3340014659349406e-25,7314955315588452e-25,5636921717136719e-21,10631324893168764e-25,0.46377367780498735,46429274626500243e-26,9433107076988456e-25,7585744439395023e-25,0.48683817012793046,0.04938251084999556
1143191541942571e-23,6217223305894906e-22,0.9928640023361405,372287004642237e-20,0.007122321386906252,1626258393368113e-21,2757362751501662e-21,5678352778884013e-22,267357756692238e-20,16952191764751088e-22
2819361015449232e-24,1998700406818003e-23,0.9257908327653938,310489024821985e-22,0.007224072025455529,18963446898129845e-24,3535543140383262e-23,26212952882542334e-24,0.002774768473024546,0.0642101923453065
6549057008596439e-24,27875881758464392e-24,0.5945620814171498,3106434018513303e-23,0.2194218160210618,271948092398175e-22,0.1860159482399374,21684479935538465e-24,17958804077345053e-24,21994557458493105e-24
7217701626654734e-25,3220183243761683e-24,0.34493784913808906,13206199555354672e-24,0.3492902610476697,24302152647238046e-25,0.3057718488776001,10417904204016955e-24,3483173596497702e-24,7457203109256097e-24
4072519952203431e-25,12151394120740256e-25,0.44947710633389293,39395278086578506e-25,0.2799694559160455,11322971303133337e-25,0.2705534265279756,164468346542692e-23,14592817945385943e-25,14238807282435405e-25
0.00875181210109943,4899630855015252e-24,0.5519210734365545,0.350388384991838,0.03029460616017199,5002024429400827e-24,0.05864409747209642,5197178486015343e-24,72306814078820995e-25,35084748624356814e-25
7611893124511068e-26,3838376840789832e-24,0.8186716635903221,0.15953399575494903,2728536158799952e-24,53271738741384207e-24,1880423985905396e-22,2475999910611923e-23,0.021794059205199334,9953459399685733e-24
2355153900121609e-25,10045556307319989e-25,0.9222174213627033,0.07778213901749663,9153184742508796e-25,18149528516938776e-25,23592545553859238e-23,14812773274935885e-25,19466617042456268e-23,3578754989157604e-24
7515826610636102e-26,7795567900756858e-25,0.9635606188171852,0.03643608098380496,12265963562456216e-25,15356757996222313e-25,32887314598333354e-22,24608136787770244e-25,416657727101126e-23,12217135506716396e-25
4763868485727525e-25,48856322331233e-22,0.9999699835460667,9398209516084445e-23,34661050297869325e-25,23727758238599475e-24,29822922184458703e-21,18303939242367053e-24,4006974612414368e-23,8619929478547125e-24
721369344065876e-26,1962171258191726e-24,0.9062811693845183,4714113998491138e-24,4013849647399489e-24,28229001101429936e-25,0.09371880739533658,51704490829108615e-25,14780664910532453e-25,3103980448129551e-24
5355363649634832e-20,8268577074401606e-23,0.22004754316902622,8861751354975541e-21,19360623720499635e-23,7273854784435117e-23,0.7798896130568765,3990804493085088e-23,1759462523472065e-23,21852996445751673e-24
0.0031011720988792413,0.11360337388664488,0.18980416819506285,0.2380668117425131,27472071735920944e-24,0.3721094704574255,6666258400984772e-23,0.08331468832988495,5366484941428752e-24,21578843413590653e-23
0.008556414353124351,53712095701632e-22,0.24595522084711705,0.1350230743725818,3152986862528547e-24,15660008298063644e-25,0.610465278621594,1193107437239988e-24,3076942724061898e-25,2145838445952614e-25
61083949726271586e-25,2909287695120179e-23,0.7610633491986727,818013607332342e-20,5538117709715287e-22,9656713735750353e-23,0.23892766657786818,788272776951286e-22,20401900435551003e-24,19277078520746293e-24
14226347203368112e-25,757231273189714e-23,0.764868587733677,22398648296264932e-24,15259122730447065e-24,0.21824248407646626,0.016888860732597197,13030194705848411e-24,3752489232388931e-24,40223057355560925e-25
7433127113584553e-24,13478072505862802e-23,0.7667823299974353,8055366704200967e-21,4252069911148057e-22,0.23319277915905728,15441784955795188e-21,5659293433614545e-22,10813373934688933e-23,163386087189035e-21
596661878151906e-23,50883675725119277e-24,0.856109848175075,1621977973121874e-22,0.03841995857837647,4348334767646907e-23,0.1054694624567612,12641768527695522e-23,29423150708906787e-23,5431654422629123e-23
26563877725654524e-27,3230489855523385e-24,0.9881321547969002,8310774163559274e-24,20169767625464075e-22,31316582182816445e-24,0.011865722944179749,5682544021069895e-23,15064441700437487e-25,40642063251872365e-25
3758643342031526e-27,56042714813321444e-27,0.9999982604312637,9733947583064532e-26,17389636769583902e-22,6608618424102206e-26,16071142188358902e-26,10047858239853725e-26,8924940527809037e-26,37635177215221177e-27
32583963234883588e-25,7797094142680881e-23,0.8825417836048044,29529126857141334e-22,0.002654541342820624,0.11480046088621779,6840550128168913e-23,7092270067411577e-23,21006575295887105e-24,1968971106219007e-23
10071761083149397e-25,13937859859581934e-21,0.302277731876055,48997937592033205e-24,0.5647642607406446,0.13294398385368955,1184347675056367e-23,1718042790272449e-23,30708600893249086e-25,38278570375196366e-25
6050699066113959e-24,2206077278469419e-23,24152789023234845e-24,14897054408559531e-24,0.6199372519497347,0.38006262385903355,22292263134543345e-24,20643611563036377e-24,6919641395008646e-24,7174398039399343e-24
0.004510399930769595,884797406544378e-23,5037720931726321e-24,0.10090251605117281,0.4417151886060029,0.45287160802678084,66961266652754e-22,778699479404532e-23,2583857879976303e-22,6308217264967498e-25
0.00013702563583920375,4184100523488772e-22,11086336515935728e-24,0.00015419027004653495,0.7981600808753191,0.20154821953215363,21455821618160922e-24,21844625929410138e-24,7710707435361758e-24,3179691815267652e-24
29462472443128622e-24,17612023532609244e-23,43742329812215126e-24,0.03327346659223209,0.7782892918948414,0.18843687831443737,3826102562715358e-23,41477275896444786e-24,123081919022568e-22,21826313166792815e-24
0.0026471909398484445,6993416209913496e-25,11657679926164936e-25,0.480392696240596,12266238566361886e-25,0.5169593844363963,17355088311946052e-25,7228242877734442e-22,26830585753265505e-26,46330160326186627e-26
0.0022458835977363254,16142678822036672e-24,4028081578555652e-23,0.46732170515386134,14176631344828207e-23,0.5135977886384424,6925081755276012e-23,0.016834337979773104,5462539379832023e-24,1172564241000716e-23
0.0034583316854947753,3944483254408526e-25,10945169316562751e-25,0.44217247125384995,46056643759826434e-23,0.5543456242289693,16377258181455114e-25,23108570709346724e-21,14950762837330812e-26,41805125898118087e-26
0.002558646168268342,16021069904409152e-26,46223390846513144e-26,0.39464876481819083,4070208709125772e-24,0.5006221108800339,2979799750550098e-24,0.10217047017686337,7607562384382883e-26,20811617488871086e-26
15937661617032937e-26,6783659821196817e-25,2122433451211266e-24,0.21993269226863627,0.09914522941944498,0.1286142508676059,0.32635158300118733,0.22595624076088802,17345340759393087e-26,5486115537660362e-25
1670799459372508e-24,28592416556516822e-24,15913752552011608e-23,0.1962819225063393,0.5693181139571157,0.04658369197846001,0.18781445903149635,16035624965815672e-22,28129151418410473e-25,16750413239719046e-24
7761324901858362e-24,21043079800934994e-23,20645822573955445e-22,0.15768019228632507,0.2144432331265366,10198685094392921e-23,0.4532990161292879,0.17457506582120488,7888493071928995e-24,9998703116267456e-23
57998800906020905e-25,0.04814180226698912,0.00013856717509186207,0.07632413173804099,3634731601581792e-21,7581230683655388e-23,0.183926931362798,0.6914648038167752,685571078150602e-23,40440595793119947e-24
3010848870698784e-24,71934187923085e-21,0.014820951449758394,0.11631656577109656,6444207286364117e-23,3910372469425942e-24,0.28962626099260663,0.5104314762477704,10296836789828503e-25,0.06880460121159293
3531471955324522e-20,13677916305809333e-21,3914012378468563e-21,0.1415674852832506,1901260423422446e-24,6021367620815276e-25,0.3786617091812136,0.3302399879019383,2389922106697593e-25,0.14947790824298912
8111341755482094e-25,0.18245744040280906,43602680644203385e-24,0.0736090885432701,0.7369386896224905,26017171602191133e-25,0.006899189768907434,36959470571442805e-25,15971372996661603e-25,9553935625684436e-20
12869469133012568e-25,0.1975835865826502,1896092336892741e-23,0.07440322176265607,0.7280050984684144,3119899690827982e-24,12249476590362746e-23,4602894750910474e-24,7382607282875255e-25,7941982786350188e-21
34756479073945776e-25,0.21779390014129935,25344138689076512e-24,0.07946012074741911,0.7027458539551071,5113962524804701e-24,53397618041264716e-24,1130277311246816e-23,27715022233186872e-25,2374978979642176e-23
5275221548993136e-26,0.18549594916853318,43177656133800813e-26,0.09750124204969234,0.7170028009640877,14371362933450518e-26,22147438209997853e-25,7785788769966298e-25,48972717317550034e-27,414691158624087e-23
36366907686906775e-26,0.11817058342884079,21396183120085114e-25,0.10209895315082944,0.779730437964528,13134506999835574e-25,5477602299516923e-24,41467126094238214e-25,3472562425137465e-25,11667494831516713e-24
0.004347104204945929,11896462380582393e-22,2425988429831066e-22,0.0732848946049542,0.40906376777843123,7363972954447194e-22,10858440184636881e-21,0.27492470921204737,24849763320140044e-24,0.23836647226729704
0.010768103653424685,7632799898274542e-22,8928353593376668e-24,36668322660613016e-22,0.25549069530492036,10954967309560204e-23,4200108222460333e-23,0.22248332854879435,23158465962449182e-25,0.5112532795856486
0.0070501467046751335,16661671564337096e-23,34747073183004036e-24,6257234319625858e-22,0.5063584626508505,0.15817787796695484,12486006937442875e-23,710906676455936e-21,9514606388602564e-24,0.32841184030893633
0.016110128282983138,13911297473064034e-25,5497211179557192e-25,0.03054605273133839,5604521181355915e-21,29774551245772767e-25,12248443181110236e-25,0.28483442845463963,2318939523985549e-25,0.6685037796347536
0.008869174976739539,12117957838802817e-24,53858788703318435e-25,0.3828041355401458,14311897780177002e-24,0.6083243797899535,7496368221636606e-24,12771426639712327e-24,2007669704960559e-24,22556013156914278e-22
0.012999061697370008,14813667559653174e-25,3665608499264367e-24,20919074300346283e-25,17413815066474633e-23,24354092544908998e-25,9746219817057365e-24,11893479252512822e-24,17986943787589059e-25,0.9870007310517804
0.012118576196786857,5879975221903532e-24,11276502330011659e-25,501656870587464e-23,33986765191216024e-26,26182890299715136e-25,11133479059445147e-25,15046724045503217e-25,41302314244897e-23,0.9878814057893611
0.014786927858236099,3604517330680477e-23,4439377057289499e-24,1222853852265725e-23,11798200331544043e-24,1891058642539513e-24,7173653516795708e-24,1024385407898822e-23,4231791886573783e-24,0.9852129840901178
0.01434066231995539,1251693905299357e-23,13601705973752679e-25,2961482205187688e-24,12137025003814632e-24,5770708771324805e-24,1073703077791421e-23,10054669709020579e-24,5883775982151234e-24,0.9856592762583802
0.011480910422149536,3644350531805963e-24,9510600254289085e-25,13383665553906152e-25,15252532953075331e-25,953388431865643e-24,11780626456592456e-25,12182620229658985e-25,9544724400292198e-25,0.9885190778146398
0.012218142421245515,4193979604440713e-24,717468801008157e-23,70533859714403545e-25,13439533861404456e-23,49382721248654405e-25,5045939157976947e-23,4532273376370544e-23,5609920606967267e-23,0.9877815479419282
0.012970628297900366,17635464105575964e-25,35728300135202997e-25,4155087240564026e-24,11036208258282356e-24,35395264903383727e-25,14372140653242592e-24,748786683287657e-23,548983070932495e-23,0.9870293202860254
0.013403068094126646,10298023993482663e-25,4371270630230757e-24,45654042325383964e-25,12886304325708868e-24,4191872508647754e-24,21771420973414268e-24,9737415957403403e-24,6826789973597928e-24,0.986596866522892
21728218941983086e-26,16620970917286637e-25,34958469364634506e-26,10864947572912231e-25,3142141580062227e-24,0.031272678866830585,0.16376791527517928,19666956153057738e-25,35410433421446935e-26,0.8049593970795896
10499597409931743e-24,0.047613977701363094,298534630274597e-22,639896324266531e-22,12602429711083885e-23,0.06571680811957588,9571342058408521e-22,489664314687524e-22,29690093301834225e-24,0.8866679480215294
0.010598205065946022,7335068822206476e-23,43416033757282196e-26,35527384002830157e-24,21816630690280797e-25,28830551764509647e-26,4354571490020922e-24,4908615566552162e-25,5509409417517626e-25,0.9894016777554858
25932077470792842e-27,0.02921388459307057,6446189915373267e-26,20280782311556057e-25,2702476133050456e-24,15604996399452772e-24,16186396778216663e-22,18044084990803764e-26,8115348446211111e-26,0.9707844760783152
0.010241641803473579,30531313190911016e-22,9539629060395997e-24,34722764710912374e-22,23957235777184077e-23,7843962552090993e-24,3711418205749818e-22,3513863823586242e-23,1041177472990541e-22,0.9897510654339852
0.009892339410958443,5935636453394804e-25,46213778075336933e-26,15907688021369955e-24,29430983878192735e-25,452722848525644e-24,4970046974734593e-24,662371490530741e-24,24436605072359282e-25,0.9901076321538441
11922664694694752e-24,0.013292188863869682,51388625706284534e-24,2619478043910476e-22,14400633665217183e-23,20145318157059397e-23,3509502932302466e-22,5971732097978687e-23,4650819809167475e-23,0.9867066832419317
0.005550609726661633,11991224987889879e-22,942463264996098e-22,42856930456639014e-22,4144036102523581e-22,6404485126062981e-21,18918326264051706e-23,11439966272722596e-23,2693430341615001e-22,0.9944364193968523
0.007000154250707703,5140869040412998e-22,2649541859969608e-23,2152249584644741e-22,24700841931922552e-24,3709795580260875e-22,3414586948102242e-23,13588718896522986e-25,815162155113627e-23,0.9929986506042944
0.008272755714055498,23016861211599383e-22,22170451057147444e-24,10548170791808424e-23,14122968539447841e-24,9575425239556481e-23,3198029022175973e-23,2507713262467314e-24,32423241746055367e-25,0.9917246673403788
0.006154703131244057,22598669802884596e-23,9656831536122239e-24,411833376212546e-22,7352404045339799e-24,12210437308023287e-24,43380989339853505e-25,30842237931673966e-25,28999610056019946e-25,0.9938449901567971
0.008392889803177627,9083202447898356e-23,31505629112655907e-25,10423039876558877e-24,13928337573424362e-25,25200595025000934e-25,6497151035999364e-25,701784038208902e-24,10554693952418841e-25,0.9916069994713904
0.00837630296068065,6712652379619163e-23,4362891502276839e-24,11741241912126556e-24,2433431686979264e-24,47067549215642065e-25,8486345888484874e-25,9914470102710076e-25,1869878736861577e-24,0.991623602958525
0.009382513364963074,23285594515943515e-24,13787618554584378e-25,8081600764982365e-24,10851395493330024e-25,1995400463768088e-24,32171719746031144e-25,590650044084997e-24,6545018666536629e-25,0.9906174463461949
0.009864475672530636,29732029133166255e-24,2047990672365449e-24,18509974921358133e-24,5176639783063975e-24,4814798878869689e-24,1524018807324798e-23,4708553334050484e-24,8594154725325367e-24,0.9901354355031664
0.012837837831421142,26024147136830198e-24,1701453194522351e-24,658605817674656e-23,24521299932494935e-25,2363772238804223e-24,9249592266988632e-24,22098350619280825e-25,23324314112599332e-25,0.987162109248274
31083582512176103e-26,4390937796883175e-24,7489791290917218e-25,15726054556486551e-25,1081758034177725e-24,14794270514833805e-25,0.000562755502016161,8717528640086536e-25,9718124534545078e-25,0.9994372330640242
14915716698014593e-25,20714251196923093e-24,3837297782215481e-24,7576329779876182e-24,48046788864812186e-25,604278873175175e-23,0.003953564227629904,43887791732866955e-25,51201257845445795e-25,0.996046381795348
16348551543571263e-24,5609049852192334e-22,3707298982155868e-23,6988802000730995e-23,3962056861777767e-23,5039526806833212e-23,0.022332670267451366,433825744735567e-22,7318780892247588e-23,0.9776664389319153
8274175518354683e-26,21034117575589608e-24,19244367334073927e-26,27491265051094476e-26,23136848923817735e-26,43872049803453e-23,0.020963640080744115,2471142665782373e-25,20368237875982155e-25,0.9790363353810154
4586271044557131e-27,36287297480177614e-25,21211291955980485e-27,3928118197453532e-26,24515615529506413e-27,7638618223022566e-26,0.015354115096513202,4535105342287558e-26,8334232992315326e-25,0.9846458802301803
7158470625865195e-24,1275642324825862e-22,7510672796394355e-24,9671701252582091e-24,723546843624452e-23,13095934102579845e-24,11531587861063883e-23,8467430756560915e-24,1825401427117282e-22,0.9999995214400637
4517034999345987e-24,2257735944337697e-22,8466618982986233e-24,9757487617429696e-24,10435762160642628e-24,11615273206361045e-24,20893364653524988e-23,9092372823317471e-24,0.033511607379658956,0.9664879040296738
22416397268944608e-25,0.030612071833348218,8379093966685276e-24,8530497559716048e-24,10221016560534501e-24,10541934991080517e-24,3623396458527867e-23,9019697848276464e-24,0.013085175083247476,0.9563026679151615
14926912403333674e-24,8350872826152748e-22,3225638176503009e-24,3114766483683873e-24,3550235196534688e-24,4282069762054284e-24,8460780349172088e-23,31519199509074428e-25,0.09635732310659578,0.9036417249467646
0.008531704592052903,14452038747626145e-24,67538910065146045e-25,6206464685947404e-24,748686011391903e-23,8672289940608303e-24,16590785273500725e-24,6987783098384226e-24,0.3643753078623294,0.6270929203957812
0.029463998421030386,4648871112173584e-24,2436195747892693e-24,2326813255683634e-24,2659557398080655e-24,3579825733723892e-24,6780276928931796e-24,26494218956100213e-25,0.6385888203775237,0.3319471561204759
0.032683368803516646,15016464765335105e-25,795283209344618e-24,8545145904738705e-25,8781154608363014e-25,11083040131372647e-25,3213259946830071e-24,8566224079505296e-25,0.6474033036676267,0.31991331832074993
0.07082415997443176,14237564958492457e-25,8661815084082918e-25,8280845770989732e-25,7162913865271614e-25,1979589490464431e-24,6488123752506639e-24,15937247333155303e-25,0.8212436986019895,0.10793212752775891
8906889010696398e-26,20794295216844347e-25,23496238635857153e-26,23061986962950055e-26,23291713268001953e-26,5456513220785699e-25,0.8503428757881899,19030489143814407e-26,0.14965711856235928,20465324802096426e-25
16910513714626694e-24,8343818905060159e-22,9055269809005705e-23,638483791018738e-22,6175769817905941e-23,32826379034381516e-23,0.7443194479482214,59459082941795476e-24,0.255678632773949,47549385852227405e-23
35993069037315634e-25,4358323024725284e-23,1768283545200408e-23,32674224102098874e-24,19319341654161893e-24,1987600797549605e-23,0.7517712385689972,3496519430056182e-23,0.2482285468474479,4288555120942756e-23
