18748694456864726e-26,16666548700450948e-25,0.2512462662532949,42228061726554483e-26,2566691864785703e-24,276930224637906e-20,9220145498074163e-25,0.3680998380623519,0.380651117256793,33603162018641142e-25
13480592194107283e-26,6131895629538457e-24,1204277957574452e-23,11593888277853948e-24,29247690306769832e-24,0.41035769214323814,12917678612261552e-24,0.3460241009848493,0.24361811257707094,2222623281772319e-23
5639534206348224e-25,14046111097626143e-24,4060914129127962e-23,3885719912354428e-23,9211536312163946e-23,0.5026105358936144,456353365975798e-22,0.2137640458701254,0.28362511779922445,6861041820494625e-23
20799656677957085e-27,1243742493491299e-25,26930988429412525e-26,1726198418824485e-25,23261211026641624e-26,0.8580304225461103,1522635491497985e-25,4168042322511405e-24,0.14196957211168917,19919799911016777e-26
6561069881817253e-25,5386819924507767e-24,16927436699078634e-23,557693412009262e-23,8536840206910701e-24,0.753158257938891,5398516325642432e-24,0.046562670229307636,0.20027887007554163,69268957842224964e-25
981535356686223e-24,15377394803482708e-24,7093963541745751e-20,12161352381123775e-24,16494196451767826e-24,0.6379291450402088,10191591103215421e-24,0.1036033224579918,0.2583965251222052,1253842793419807e-23
5817076998374445e-25,7836105733977602e-24,9266560057715161e-23,6179287443675632e-24,9893196699153402e-24,0.5732058686247173,5362467542240763e-24,0.17607055200639465,0.2507234503981443,6453684630283655e-24
14173287757186225e-26,23750560620670413e-25,0.02665282509815993,17330607404210242e-25,29594033733427488e-25,0.6087781874057432,1440310640970156e-24,0.12896310765756863,0.23560586925931737,19299034775743387e-25
20327612614638553e-26,51031787214725405e-24,0.019727132592471917,17370768200540323e-25,15819488839264662e-25,0.6113840398236113,10424378277524786e-24,0.12268519954298579,0.24620354684216306,16220304274905757e-24
36805252902831503e-25,6828775178223818e-23,4308669729932966e-20,10928608050392641e-23,7055939190911233e-23,0.6870028084833218,3332898234726349e-23,0.10948060522229068,0.2034731730491424,4140522884416591e-23
449245415131717e-23,2597630120461505e-22,0.004030828996251843,4030476525057304e-21,4316241519595716e-23,0.4978730428190181,1270655796846152e-22,0.2545775947118559,0.24351389332666237,17518669712213358e-23
14654416148884398e-21,203699996734016e-23,13079732982990451e-25,3532469736796615e-23,3346671099980016e-23,0.5847886888123127,5336097130436377e-24,0.41519656780493414,20403668084279256e-25,9465694008045948e-24
9957774707473094e-24,7318862518866281e-24,4382243135352009e-24,3507293313643294e-23,0.062332861556221704,0.39338448245654534,14416843685931723e-24,0.5442825634071455,11129274841771393e-24,1030215428787746e-23
5314201810421418e-23,2392368879639966e-24,5430397550223395e-25,2646617858526985e-22,0.07924837505313817,0.3825019587951174,3361500935136951e-23,0.5382491812911092,11057297298722555e-25,12940091891512214e-23
8175450638720473e-25,17043371413517255e-24,3913833674012065e-24,37084902571313055e-24,0.03268201813200167,0.3107807295054027,3200947183384858e-23,0.3008438045284026,10829227557310435e-24,0.35569334613604064
0.0007812597044805855,17336460067331624e-25,4070510957820584e-25,23293774819180036e-25,0.4846798888905492,0.16559847668466401,4193403004367251e-23,0.348940023678148,7209633621665099e-25,3039170600593226e-22
63184289583541984e-25,5990698806099018e-25,3051296202169967e-25,15031052378345144e-24,0.06541928080683514,0.4027736391244538,0.019898753209940816,0.21328966571898944,7207184727173014e-25,0.29861863816534007
0.002269565749584203,513617707437983e-24,3148168693649294e-25,7786525681445928e-25,0.5930385323900843,0.20440957227638762,26506737100415615e-23,0.20027392238159292,4729402638849944e-25,8140054663336307e-21
0.0023007947689628063,6098137945853796e-25,39235847261137604e-26,10723086421513193e-25,0.5723428547125039,0.1977281796239833,7515655568306315e-24,0.2276281480668386,791745861887568e-24,12445602532765142e-24
34196366450093354e-25,21251842695588433e-24,3968079637195371e-24,21323047738696243e-22,0.04001081274192004,0.5298892181288063,4541325765582726e-21,0.3558403235743599,4336048634908007e-24,0.0742529389487775
0.0019403494105947642,46326426981140416e-24,23563650280161378e-24,2908238957745052e-23,0.355977789144587,0.18535758341737094,26781246752526906e-24,0.4566546336178285,3090908359702654e-23,6948775287684223e-20
26224727760771244e-27,4928817144527035e-25,0.3375497023659205,0.23163360522831355,0.17551223215960263,0.2553043839196818,9945732620046396e-25,6519746861168574e-23,7550753616239465e-24,20646582266113214e-25
25456137862214876e-23,2495964769260684e-23,0.35316168126718406,0.14766074298461437,0.2714994255501139,0.2276777403756334,28397635144128053e-24,21152638178619202e-24,48967721265050684e-24,3178334742421636e-23
0.00426035555329199,16744414825341094e-25,0.46669519192946685,0.18908743690244353,0.16243085220389547,0.15458639263572346,12656699077605399e-25,9172688650316612e-25,0.022939766396226097,520959149482764e-24
0.0055537282621320565,3556244325642684e-23,0.4925982348451833,0.19251928243632277,0.1078227534931642,0.15065399873342056,16873973473491613e-24,2407457430473097e-23,0.0508336937864814,1823193231115679e-20
0.004716325704424779,1353498017437956e-22,0.46612937139519034,0.14941227117202394,0.15895545310888917,0.19633316391157418,13490762191080358e-23,7385813656789595e-23,18237110309290043e-22,0.024451246881368505
0.0039575933237117,14542136100730095e-24,0.4434429931909765,0.1789665866958825,0.18706013140884048,0.18646338246150707,13778773698343653e-24,6809454513809161e-24,2250159381805282e-23,0.00010925528707300513
0.0020712007234007634,31139940316504575e-24,0.39030684111884234,0.2054917684856207,0.17649343587578667,0.22563623337355912,3125702517068807e-23,18683223579196025e-24,22079911212087846e-24,4172630939716206e-22
0.0022521946703740916,9129628885680866e-24,0.3952277875327979,0.2129512227435962,0.16906569420397455,0.22050306594511843,68082084688749694e-25,5766454186216682e-24,5925691528767336e-24,7274056850276549e-24
0.002257210735609108,640151235142424e-23,0.3944667763722399,0.2084421083218128,0.18782393501881336,0.20700979929997204,815323788080923e-23,8939148463831696e-24,208593369538165e-23,14467132992792935e-23
0.0017520370440557867,7133891961579071e-25,0.3868041354859419,0.19322178801677545,0.23240037374546793,0.18582165933275355,5888530198481765e-25,2238661430765287e-25,1254197064380879e-25,4723483392101787e-24
0.0010371098296460355,33425676444205895e-25,0.3823817663862087,0.25128750873870725,0.2624911189436654,0.10280176502234704,17431128997309947e-25,10176703574107225e-25,6935541184302446e-25,7242825188936885e-22
0.0021176674818653343,45056264479767165e-24,0.44631213348202087,0.26654111151259624,0.1332935173769967,0.15173258453117133,1266855955197857e-22,9199434756217136e-24,7543467983787684e-24,27971326603219112e-22
0.0031511521181735733,14747248448479523e-23,0.48488410522303077,0.19795414070575906,0.16445307379770696,0.0649532368234919,0.018022481533543445,7358525632179574e-24,6106959762373307e-24,0.06658164886035403
0.003534690508441566,5706822028429001e-24,0.5085359487501341,0.21284937109950228,0.09003200979757557,0.09916392772904145,0.03055414101596788,13339393686140917e-25,10362397663775806e-25,0.055329903022314046
0.0053550683307053565,8807649575851654e-23,0.564431110721187,0.21858851027981965,0.06108418964019706,0.1299280569309601,0.0033294990164886152,19459681466860706e-24,13557080136789896e-24,0.01728344398749962
0.0037317086458380257,48744436045278725e-24,0.552994280547951,0.2760847971555673,0.01131681391662245,0.13304802488452505,5132748598762513e-20,12447076125724222e-24,6768039225717499e-24,0.022772979405043088
0.0025788919316601126,11650020289540678e-23,0.5205359801102133,0.3043136860943205,0.00958824414118984,0.14410523901552014,0.018875336496253715,19186106435521903e-24,7482969895844189e-24,2479041703837546e-21
0.004143621127706788,784758493076555e-22,0.6285703911933767,0.30379273271237617,17427915194564136e-21,0.061733764991976255,5280922293716581e-21,13433573508977435e-24,5507594431037025e-24,0.0017366837199886177
0.0029836668092143607,24061744582511435e-24,0.5878889106719393,0.300973217205026,18046655263767304e-23,0.06381319220637921,0.03702490200233348,2221536731716875e-24,857584110319333e-24,0.007315903498083884
0.0013593683354151491,0.01031452410404392,0.4950151345888928,0.21395766012431824,0.12986302491340995,9725668425237321e-24,0.14949026149823424,19064901488439482e-25,7991250760685773e-25,1400460039403087e-23
0.00019954591876315502,0.05999960363820848,0.47459226971603646,0.12025375955337698,0.22753177742190106,37986197333897245e-24,0.11742291073188574,17215568499986e-21,9119460874360894e-24,6869846805043123e-23
0.0006494820890196724,0.0811179754591059,0.5437354178491504,0.14751760941647374,0.08626301526300634,2879402226416424e-24,0.14071649059654742,12881342146383269e-25,6093349085267124e-25,4549830813473147e-24
0.0014337843773719848,1749969767817565e-21,0.5459427656442856,0.19715414869810008,0.09850105970892604,4624220382864041e-26,0.15696649147561623,2003254501991363e-26,8565343153338749e-27,5065128658754797e-26
9548701206450904e-20,5057176724117775e-22,0.4888055486847321,0.24489030114766444,0.09495680879528916,7926263751277504e-25,0.17125134660735408,35538519056298805e-26,13437997987112117e-26,7528278176500436e-25
9906417252453788e-26,5376553418212112e-22,0.4377866506612715,0.19136516051623984,0.14391661272707848,2121725451500728e-22,0.22693070828752632,22525115888140103e-24,26646210460948027e-25,9269120466488716e-23
0.004242429454613703,31568458256533492e-22,0.6077954291864224,0.2063823152376217,0.052650053107812865,13734365792516333e-23,0.12892643702278736,8165034488444029e-24,3211685137741311e-24,3042453585262701e-23
0.005094442708275283,15089169190423152e-24,0.6317918998307727,0.19144317654741996,0.06554572744171566,2177840973146884e-23,0.10612470494920938,28802972574686498e-25,138938801148714e-23,7385349599511163e-24
18298109519372065e-26,0.08137898450790779,31756133630719776e-25,0.05888650339591232,0.1565887169153523,0.14939111628697616,0.5441780351432205,5057022540607002e-25,0.009576639582949001,30346175140464216e-26
24133554535030904e-27,0.07709316787597559,13719204522693656e-22,0.03685989147341921,0.18023118757869092,0.11530558231226135,0.5728383434373392,10497503179551868e-26,0.017670455173439847,9940846299879248e-26
7911910678751289e-26,0.09680778034891807,0.06667049704152336,0.12263351136382304,3083498251749594e-21,0.08313854079373485,0.5846842539132545,16821885387195287e-26,0.04606233258642027,2027178474346911e-25
22666028720931638e-25,0.15620578749032518,0.04793924902550898,0.07105039869489901,0.07582526697238218,0.05753040177883718,0.5469151412176213,5957281899692459e-24,0.044533740503481974,6092959010261738e-24
26692910172262617e-26,0.13600360699999328,0.02110489423473977,0.01636609487528973,0.23509562844485896,3020575991283831e-20,0.5550068423910302,13386903981549585e-25,0.03639272421209593,14764797819093995e-25
14337794760277192e-25,0.10301431801825989,0.028309785454957173,0.22931741207977355,14898884259415983e-21,0.07056971061455182,0.5687725185665577,776332162726104e-23,1336764104129674e-21,10420452625227757e-24
42344681387666027e-27,0.04523226137351991,0.055557120007585906,0.2571857528532174,1556663115700735e-23,11116674437618983e-23,0.6420247169325689,1520215522658176e-25,21680062153512962e-24,22547062705696217e-26
9619392824561356e-23,0.047844469631096474,0.1277951335178053,0.3571507140553936,21457122312756135e-23,719346976574993e-22,0.46720910073991273,17020497116982422e-24,169549740709994e-21,12785876090734715e-24
16997972910500576e-25,0.09911019819219566,0.09809187998078953,0.37086297866331247,20729542456765075e-24,15778929276310192e-23,0.43193475630636247,23650223712898424e-25,9041074035526964e-25,33692196203156757e-25
8799374597591084e-23,0.07514267432251694,0.12153254808770453,0.43161251439899795,6329157096371955e-23,22309664966707153e-23,0.3717118725547032,4548278528692931e-24,5230434752360725e-24,6479740270114281e-24
50955659678261464e-24,0.07412161526389972,0.12402820201974404,0.4578961190438727,5019326871453664e-24,4828856734795685e-25,0.3439540057616393,3621637179956939e-25,4926270094094135e-25,5981537808869201e-25
745854727927471e-23,0.08172960191395871,0.10265429971409465,0.4534003521420562,15241449997022337e-24,772090853535229e-22,0.2986975335168938,4790895179839982e-24,0.06351809903678764,897691536038939e-23
6869707276569043e-24,0.15100288263533146,0.1826103262848496,0.5191326560578426,8969906921531808e-24,7801520029969979e-23,0.14725402530116274,3314484278741224e-24,786095840861174e-23,4689812572285805e-24
0.0025807407182008436,0.08115168694845849,0.2839795748783401,0.48059162774620423,7620896653305133e-24,35246939508227373e-24,0.15169631637496406,17826514494007501e-25,60349110464457725e-25,2648431724990689e-24
0.0053824024933345985,0.04130870810682764,0.35927249630412844,0.42887730186482914,3419900292991873e-25,41675429583066505e-26,0.16515909000673715,11071845734717245e-26,20576523324416956e-26,14888615095944997e-26
0.009041402302559743,8199496154337432e-22,0.4129161119927872,0.4258850649596898,12175823051118459e-24,5034061901828292e-24,0.15215657557551737,2160394483715283e-24,31793993838782782e-25,2670245191534058e-24
0.009120082330438943,4265623056608784e-24,0.42943384815894264,0.40736184240614076,26526181493930603e-26,11286199743035867e-26,0.15408422232952754,3556742430844385e-26,50427257052858625e-27,4524257960842872e-26
0.009130142010391291,14579759262487202e-25,0.45810650676044457,0.3515061539318688,879097767824028e-24,46089483619516005e-26,0.18125719387381262,18176810461626654e-26,21778985050489001e-26,22638536689073125e-26
0.008773637540257421,12806449165400506e-25,0.2736436352184789,0.3575661950701774,22827072473454366e-25,13083543845739488e-25,0.2601855519366584,7017679748629933e-25,0.09983097389632996,7646126361477255e-25
0.0048845879831957454,14465845228945953e-23,0.18232505749072306,0.303235721184373,6135471168437605e-23,3441402154390656e-22,0.4787183753505593,31697281383388195e-25,0.030835699858143214,4809944588908019e-24
0.0036978698499716034,35356518510487384e-26,0.15440535544963027,0.2634625965662974,2463478147339479e-25,25292606396239205e-26,0.5761444901895212,362443583264031e-25,0.002289687000729728,5569852634888029e-26
0.003954890971042286,13664352863419297e-23,0.22937135651272533,0.1305408995185043,4880553900151826e-22,9034660668942737e-23,0.6361269327836478,671467438705518e-23,5182376408650879e-21,1607853934886917e-23
0.0055290220881591004,7117025625177056e-23,0.2761233810857303,0.0865160063062576,5250335265470833e-22,3873835908155778e-23,0.6238725182643253,2660340755062709e-24,0.007958424822346896,9830918562245638e-24
0.007297133098302813,1942514680578064e-22,0.43789590310827653,36340098403367836e-23,28034033221392206e-23,18567642895055066e-24,0.5548060194614252,3814750102755567e-23,12495081545044684e-24,37139639279754383e-24
0.0029323179358239936,3481935599046659e-24,0.3333525638157225,18230744809101757e-25,0.2547590043967394,1879608242495905e-24,0.4089561023790944,9255770108968829e-25,11497726113343063e-25,22126501865578194e-25
0.0013000917228171355,14366823507992612e-24,0.647203119421327,10303048041198667e-24,1369729984878584e-23,9413420928427799e-24,0.14843808787412285,3133586949742181e-24,29400440420649914e-25,0.20305864712738558
8039272657692786e-25,0.02889813171609677,0.9711017625751835,7744829661630638e-24,13303827803412429e-24,3278880984074735e-24,7005892451507705e-23,2556473490367066e-24,22794536022353443e-25,568245487550563e-23
4392793296549665e-26,0.002008401277644312,0.9979915937833107,5911463084021074e-25,11555416871296407e-25,25539041203384677e-26,20421873331292295e-25,2028923657157323e-25,17901374087400994e-26,4688614047361512e-25
12648726121672076e-26,0.005127453024052974,0.9948725344945222,15313634958271202e-25,30541548023331764e-25,6519901465976492e-25,48057658817830055e-25,5578452090352687e-25,483189144839878e-24,1270648626491932e-24
26978379959789566e-26,0.0037324631972023487,0.9962669517613273,7668765917436172e-23,28947950233008886e-23,20919803830326514e-24,752523524388204e-22,1659599298768272e-23,3345906482305654e-23,7237823971593037e-23
2663590547992902e-25,6962691859433331e-21,0.9999930129868284,27982473941003327e-25,7193668019698941e-24,8421115811950471e-25,7949549772162332e-24,11382314220510374e-25,14309999466426614e-25,27020310921781036e-25
14794416503858377e-25,0.042945944732425384,0.9570536614746374,18589806271491888e-24,4381904938004252e-23,6737710519663383e-24,2990033280527335e-22,6025061380002056e-24,43423390215339125e-25,13796239685769392e-24
6371642211045636e-26,0.03402547285953635,0.9659745215575694,4962294221161235e-25,1148031084260718e-24,27984471323681815e-26,26765930034263404e-25,27171053146256443e-26,17748820856503407e-26,4703671138353432e-25
3623644912015817e-25,0.09573790871127173,0.9042619385473764,48926133893035434e-25,19779941129857857e-24,19551947703465383e-25,11855882058519665e-23,180630168312652e-23,12511930814099763e-25,4150053703888861e-24
0.0017718693672580188,27113919906169573e-25,0.7494805354879975,11129837970158358e-24,0.24874690320997134,2480489957957924e-24,4284941132284803e-23,1586020327897382e-24,6278695507904712e-22,33080730762243335e-25
7651273169487969e-27,6049833427360443e-26,0.024674031280967436,23826740928582807e-26,0.9753259681423639,446363285946292e-25,12181657664536558e-26,29877157426329694e-27,26766410885350047e-27,47425010102854694e-27
10279839085001318e-25,1104310011467901e-24,686054179068896e-20,24825789260339406e-25,0.9999931291699814,12925599646594856e-25,18170880545418088e-25,6535641812951013e-25,8656896993725816e-25,10443397077562687e-25
0.0010121097923323434,23539300331668863e-24,0.30720159365679534,11389952372230934e-23,0.6917848600766935,6445149217180602e-23,1164990560839119e-21,28887225925769283e-24,9351238909530673e-24,31379052907396204e-24
14627956776503498e-24,26747689044330966e-25,0.2664023991558194,63872564952859145e-25,0.7335974719191172,11232518879123034e-24,8925194739819298e-23,1886132362415916e-24,10066963045906147e-25,18180507443152442e-25
21944359047827245e-21,12852711053473483e-25,0.38061890381757574,32450863175898403e-25,0.6193589812634014,1387260139873592e-23,15019437165198585e-23,8345153999476758e-25,38629536048397496e-26,7417783105094711e-25
16917113391410624e-25,11317601932537737e-25,0.6375764215625799,7899049757210311e-25,0.3425699660946508,42079579543695016e-26,16943220202894351e-25,37655761695881003e-26,0.0198536056909888,5466680835065932e-25
56795042655827175e-21,1784426811019708e-25,0.8068598490888624,1776240880011232e-25,0.16000329474521152,9670995716435503e-26,4733431887661796e-24,8111288420053942e-26,0.03308005574461064,11134403959825865e-26
32855212659125806e-25,3274682629796344e-24,0.95865042008014,507576979269365e-23,1863296797301335e-23,25793224480948253e-25,19076686121973904e-24,26318964039345347e-25,0.04134952267483411,2688122096033547e-24
3815100144311878e-24,42196865389667234e-25,0.8756838541469756,8599396278257015e-24,0.07941491403362157,4069589944530335e-24,19148087933875005e-24,3395432081203051e-24,0.04490118522562439,3346906072469314e-24
15046348607034296e-25,11990162058950718e-24,0.9412557747999245,1251934913249243e-22,0.058743849192937694,7312404794266731e-23,9591278397080948e-23,2043560080614543e-23,34549405340199336e-24,13297535696816928e-24
0.014276676922204553,22229792591029186e-25,0.8098824677271076,0.1383363382681779,0.03749720932596932,6210975686477939e-24,7290561857283173e-21,24004364948588944e-25,4809038649176215e-24,15516020650058536e-25
11964899765757128e-25,12046290359096194e-26,0.24339102876649957,6591591146069706e-24,0.7566089593254329,25723830108750492e-27,3845524336024653e-24,21196930563063236e-27,19354791354351046e-27,8772154624561899e-26
23510699184996237e-25,9654758776909713e-24,0.7275987511217311,16267812683627527e-24,0.07673946050539208,7905798090693528e-24,0.19566171410089023,1218260303807061e-23,10663087917841893e-24,15245200921819567e-24
4091680362249881e-25,5147834417792522e-24,0.6346719007968588,9034397691161331e-24,0.0803385044356957,3609320523704282e-24,0.28498955919963637,682902375311117e-23,3818523043465877e-24,6719605810950237e-24
0.013579819934537213,1304815197274228e-24,0.7068672258842229,3905958655811264e-24,0.07020685499003729,9815707367356028e-25,0.20934600487742866,39800969490682843e-26,8742939387590768e-23,2918428586779501e-25
0.007563511518684067,2750786040541056e-23,0.5502294207438374,26674891338857616e-22,0.19055844573034952,1856422638466529e-22,0.13418342730088406,1431018020946478e-23,0.11746228539371859,1436315562869978e-23
25297537472439453e-25,11703085521644203e-24,0.999469021883771,3893745103256775e-23,0.0005308098606467221,6669771166121508e-24,4264530477742947e-23,11115717586100359e-24,10324474509664447e-24,4433089730752308e-23
12629134829156242e-25,9236544649882866e-24,0.9999464156667521,23029533018864963e-23,5330731150249525e-20,31074067751672596e-25,17057296672112382e-24,6202175925200017e-24,2742826025037585e-24,71153050125782895e-25
35792139590379464e-27,217682064064777e-24,0.9746347351679845,212337937200474e-23,3839008525550764e-24,4331928654172903e-24,15907506994584121e-25,3458204470112828e-25,45140798022628514e-24,0.025365207206648723
5282851223041673e-25,26271176097088765e-25,0.9977371389710986,13207489591771783e-23,6329734218317115e-24,6310589430217968e-22,15555158118642343e-24,2781457659692781e-24,0.0022620670895323017,29846417245845716e-25
1200134148544343e-24,9549482741552965e-24,0.9905500334683615,10164556943334961e-21,3472591330494943e-23,37416754100483195e-22,3833620987384817e-23,9339820918296752e-24,0.009435955475848495,11678580390793063e-24
21584622017836694e-24,15739035356014542e-23,0.9834891575661218,20067098910816382e-21,41477605683757106e-23,17706431374801816e-22,47629635880200305e-23,30921974238816765e-23,0.016487032357737064,5930673497222922e-22
5617837666673186e-24,818124807919814e-22,0.87852789022218,12577889266292459e-22,4386161084373522e-22,24110970050532243e-23,335422001363127e-21,19052425620559625e-23,0.013838079834412773,0.10763153364095561
17017415223973396e-26,8395085554866549e-25,0.8911589728740014,48055755716664784e-24,8005285247877034e-25,4017546214895936e-24,11213434146832485e-24,10581458849543537e-24,0.0076840898376708145,0.10115686195348202
9505445819749996e-25,1313120484823062e-23,0.9074038381917681,20214760143335335e-24,1795550614411291e-23,2406921434118101e-23,8460410137365775e-23,0.0003346761748641571,15858871052539553e-24,0.09226130885001667
4512067539965425e-25,9017768890451389e-24,0.8468279980033221,9396294247545448e-23,0.06677209253602706,1439624303994661e-22,0.08639957809960984,4241637119044566e-23,26959967235763108e-24,1459015806788322e-23
6819180811385953e-26,43440479519096455e-26,0.7432115542033154,0.006865728629744248,0.11113306451623373,11730889470527956e-25,0.13878964942551386,5472598241287329e-25,4763272899226967e-25,5258687199627936e-25
19253192144226842e-25,250654443604909e-22,0.8207217207518132,4211163170250322e-21,0.07353055726403394,4164689758464984e-23,0.10574336346393498,4693664924392192e-23,11901324372728678e-24,19880738562183844e-24
9682462840993553e-25,1124293886958198e-23,0.8831955046098592,17653644145629876e-23,23155611547475068e-24,2912444614131307e-23,0.03393963743238705,0.010970739504481958,12439051833360995e-24,0.07189386498652525
19706997602118498e-26,1473187778487039e-24,0.9999971092267516,374031964638119e-23,2773461690917176e-21,9835211513302864e-24,9739888067062109e-23,16161673093298698e-25,15170218828306335e-25,15330405733791564e-25
2935172383223906e-25,5045244351549758e-24,0.9999991332811689,278964163348419e-22,7603885422162399e-22,8108381256322099e-24,52455966500830914e-24,5384628388428411e-24,33709227959150226e-25,3775701796618221e-24
1236507220881537e-24,16050231795648695e-24,0.9998105192052364,31561046067513445e-24,0.0001893312109838638,2517217769834514e-23,4295882841901982e-23,15307614710137626e-24,676992694179558e-23,10532184767406585e-24
2317399216012202e-23,42784306002132405e-24,0.504588566107989,3317299346625126e-23,0.3230035059106074,4079959904963341e-23,0.17240767205962843,6023987642679967e-23,20083461796428297e-24,3566802137417397e-23
17096171983827676e-26,10422104850212495e-25,0.03220613057294351,14659382034112555e-25,0.6587711964034241,1726072506617632e-24,0.3090226665450505,9248725410883402e-25,5444278805895863e-25,6040925926816038e-25
2447119435678056e-25,99118047154483e-23,26991164685369767e-22,23322917681609528e-25,0.7198246257830828,29085631140555654e-25,0.2801726664192758,943817291670623e-24,4434892379581658e-25,8171226661500334e-25
11586510496375452e-27,15114636658660957e-25,0.16420438183684768,5442285463240864e-22,0.6035486026907182,6536789665012818e-24,0.2322464623987327,8202955771422733e-26,5316149778880211e-25,17167224976469737e-26
12615036426420126e-26,10582575481514467e-24,0.3350374565436564,0.09081307537774627,0.4685143097050569,5296723493569113e-22,0.105634531793006,5205818551397791e-23,22358870362063908e-25,3190539122521864e-23
2146120512372737e-24,19774905444271073e-24,0.46725507034309405,0.07992743039914772,0.37620797663638594,3812848013832608e-23,0.07660941128030795,2606534770996619e-23,6219426308382286e-24,19006785688252654e-24
10557558860439076e-25,13139591878456618e-24,0.5912555601261037,0.1954679743777383,0.21115102148740547,17008952128053273e-23,0.002125197492906018,36495498480927285e-24,3673910524942998e-24,22061577497761476e-24
1877766312785874e-25,13846818757515598e-25,0.37210955427127695,0.167203689213463,0.38025208685868,9113596085229931e-22,0.0804337435719211,9181970584800114e-24,4668982361727498e-25,35038518439039963e-25
17035236276009727e-25,13540021753405342e-24,0.283373566750419,0.15579394095138493,0.4523876075235671,3997667946562072e-21,0.10844012711421695,697717829872639e-21,4883998209215813e-24,4214700436731542e-23
13622510203090993e-27,10234836544989073e-26,0.15837607040424834,0.24238628523508032,0.5529447931748958,5185012958748094e-25,0.04629256156205735,28882116486038484e-23,27549209501584478e-27,14084552963018482e-26
58042373215082476e-27,18286734623440447e-26,1068644227444273e-24,0.2810011977638315,0.7189985143670491,28813223553682015e-26,4948406642225359e-25,2855132353980341e-22,612630762983585e-25,19344089812293276e-26
52660256593906295e-24,16029846702936562e-23,45423699910323774e-23,0.20566857724423776,0.5190244915190176,5541692530028316e-23,13297472563772856e-23,0.2753060519156787,4670564083816103e-24,19063109548803335e-24
557924668347248e-23,3606701675468149e-23,3645571950065237e-23,0.18550390818747617,0.23973663850181967,2746807631781899e-24,5391604574146687e-23,0.5174744009725648,33861772817094395e-26,0.057284917234702554
6583899908501093e-23,3147321207653919e-22,12727088353930894e-22,0.1740264448029258,0.22138849818424183,21452973887094175e-23,8473759718731224e-23,0.6045830999323664,15618156685786512e-25,2971358581061357e-24
5523997813817103e-25,6109265045719109e-24,6282594211724839e-24,0.18639869297167583,0.8136012442001239,2631053446019424e-23,3876042381187934e-24,16040019913008515e-24,5637573670966954e-25,30935925015136043e-25
7354487448843177e-24,7598114806064926e-23,11346740916202492e-23,0.18674445659094252,0.8132541500093055,995593660666191e-21,17771195434701663e-24,11167814955140229e-23,4419626617050799e-24,6713408516914657e-23
15710443078185745e-25,13705121341082345e-23,59202966760252066e-24,0.15890244973554432,0.794677121488252,0.046419947238256744,41103207591621144e-24,20519064429228998e-23,4520258679343299e-24,3289859897978818e-23
6954370491864809e-26,5115111196728006e-25,3468641987367332e-25,0.18851919178105583,0.8045871215663802,0.006893683813466017,3095213935709187e-25,1093320125010783e-24,6973325026648488e-26,44045344055858833e-26
5311416635102547e-23,37103604658390594e-23,2625304377183386e-22,0.1760824942312317,0.8239148635248389,28279269372476626e-23,2868187195031237e-22,8647088862786583e-22,7885926047020605e-23,4423837101038535e-22
42998310713811364e-26,5043401777108608e-23,7666653367354457e-24,0.16878543054134754,0.8312115144074972,6097173915805724e-23,3693334534348265e-23,2785693112151402e-21,6097884546566645e-25,11231270057956409e-23
9348570001411801e-22,9153285343002962e-24,3918148163496229e-24,0.14342779183815368,0.1836871308666327,27486852573322134e-25,24588012691865604e-25,0.6728841203618887,25582139210177416e-26,3541589357504931e-24
0.0025472232263161853,2316869997425504e-23,16831571171450454e-24,0.2028180343129321,0.3066208474951097,16233095211937723e-24,11468778482300319e-24,0.4880137878587701,24307961031920618e-25,3697391951133934e-23
0.0022112277030318646,27096824938461274e-25,2442671588999175e-24,0.17901714539767838,0.2787958200441443,27601176646765596e-25,34396253818065845e-25,0.539975790950552,3149932319573129e-25,4237190036659251e-24
5495572706405527e-22,0.0607762823442771,6701666469886e-19,0.16279038849302793,0.09182045782453066,10577454977065716e-23,339362388769308e-20,0.6846036236015309,10223371491322885e-24,4518390709404532e-21
0.002261911055251519,2523032130334998e-24,10169667047235461e-24,0.07094354874061874,0.5451878183230452,12557688308318638e-25,11835378440547673e-25,408459109113039e-23,6868639999265276e-24,0.38160669579590517
0.011955891043753374,24828925350946244e-24,1810975284004857e-23,0.006061423908492507,0.177985323905346,16599682151866593e-24,18449547164087382e-24,18721688229210385e-24,3070667847827963e-23,0.8039972337259581
0.0153187576136976,6690434445436513e-23,4756403148753365e-23,45521566836275096e-24,0.022844195202178674,42815415087820144e-24,8656769755663547e-23,4368558363601786e-23,3153764429867753e-23,0.9618366825877286
0.016216886032103337,36272595398344935e-23,282983564852222e-21,7340076666290442e-23,0.007405202864410465,8791845659521201e-22,7359441833046982e-21,7667807101605473e-22,3111034885251594e-23,0.9763681554756999
0.016670624576107233,8534239165671992e-23,4719042669898185e-23,4181904594524581e-23,0.0010845931065156201,4417733996336084e-23,18679962510043844e-24,43845245465638054e-24,333141044075808e-22,0.9822444679477081
0.020206348588437197,3366198027118333e-22,19482886557329385e-24,6618841841705915e-21,0.11088065115030092,26732796842286985e-24,25462607716616725e-24,29359921871364194e-24,5923408491012213e-23,0.8689058845273203
0.018604701154614784,15481868285375033e-23,6555843137275723e-23,6528313239142188e-23,0.10774242870155644,7692323909793093e-22,3279560895848537e-21,9895596475564836e-22,38969166172772516e-24,0.8736475071614823
0.019846416639600337,38281919051580676e-24,38218876334631905e-25,5532670881416629e-24,27018288426263868e-24,0.008514016650100917,0.2319185741970495,0.038253404624911454,16934065626783922e-24,0.7014674962991476
0.01904291832203156,13642212346227178e-23,22049112544664255e-24,29105704175867334e-24,11678677505585305e-23,0.07061447726802417,0.2311710158454561,2649493867836508e-20,879316563491888e-22,0.6791447013305508
0.019915951308895296,35668248625874246e-26,3808418275837849e-25,3776195748028433e-24,0.0514592842432986,12372082129739008e-25,39400505484121327e-23,22241749996965307e-24,4013962315462049e-23,0.9286243023121463
0.019108743410913325,29046105534631852e-24,10673755096875878e-24,2435882561099318e-23,0.029570808602294663,27733297432294104e-24,2655353616569923e-22,2672658097563694e-23,4872942569465877e-23,0.9513200151834403
9729293506376762e-23,7342423935981074e-21,8257227373333855e-24,0.2231254085775368,3342496232085907e-24,0.3084837515814159,0.05294065773877931,38275744822978994e-25,16222325106759244e-24,0.4154427107357969
7617253863021259e-24,0.024500373582203288,4104586821105233e-23,0.1756704990263297,3534960718228246e-23,0.22411690961107894,0.06861960514055966,363336056663715e-22,23045634784279313e-24,0.5070924692478582
17080333481858601e-25,10379484794737408e-23,6177973510487581e-24,0.2363478158887023,5284286359822585e-24,0.3093051139241094,0.0006889865122897041,4909246396546234e-24,3158015081031227e-24,0.45365795864208214
0.014284604883991579,1199270319134105e-22,6219606984206425e-25,11055406000711445e-23,6931659926838142e-23,0.1730593419407297,9164061933182165e-23,10779309572137119e-24,28561413330131046e-25,0.8126556474795913
0.014279642361076601,10923248059301979e-24,5302904975351541e-25,3774471472419014e-23,9266300584044942e-24,0.13924217566015587,7235552125231467e-24,17282303863864125e-25,5633388604734261e-25,0.8464781139886054
0.01348460172026304,505468370818986e-23,2772568616685288e-25,1035980311260155e-24,10631948397667411e-24,0.1116026708910099,10641582370668004e-25,14736949277601741e-25,5181441896286211e-25,0.8749127073328783
0.013416378302257023,47100648762971776e-24,12382015528581156e-24,21103451915654602e-24,19361071979658823e-23,0.07236239942243201,4855092759002008e-23,368560724830853e-22,5415390772430042e-24,0.9142208572563393
0.01367686259883281,14448331794870097e-24,3973938006134107e-24,65424799646592335e-25,8348869075444074e-24,0.0592581580326747,5958958941871774e-24,4459095361488513e-24,380949745307772e-23,0.9270649318266384
745816671673133e-26,0.3642185026208647,3422433870679599e-26,8993367641557214e-26,5164890394176613e-26,4135721109734547e-25,2391986702540836e-25,2521275589453811e-26,2493764514679315e-26,0.6357814964936209
18159859316972408e-26,0.16043116008319822,10809039982899029e-26,193122750680916e-24,3151122079498345e-25,0.2699930651305102,0.033461042849745416,1356306451454533e-25,1362462475460906e-25,0.5361147308666753
4372041806014919e-23,0.09159952792633998,4585272088217558e-24,5639533690903633e-23,19880625683448282e-23,0.17573077729239436,0.12348056414143865,18449217196595278e-25,28179449474261016e-25,0.609188822469679
44614152334539227e-26,10077593376833894e-23,7331902779376618e-25,166660053611153e-23,1903135826349553e-24,0.019265306870299828,0.21355915922337856,7848842623702034e-25,7360809882820102e-25,0.7671754268603436
5646866803328376e-27,0.006088738352511418,2269952703103465e-26,27690503334879875e-26,1883905174920299e-25,29095895742353735e-24,0.15868432125152238,41693467339595645e-27,221992938823783e-25,0.8352269107422511
44662293354989004e-26,1614571922998842e-23,8568352171838543e-24,10885017386407805e-24,4145889402792794e-23,35682966630296385e-25,0.22043316419337045,34639604785480054e-25,3479665023705241e-23,0.779566716473192
6358767648666312e-24,0.00130190256243591,18931904262227043e-24,3815066957442823e-23,3589689131063588e-23,2457104745533353e-23,0.18438269050029213,20810746626085182e-24,18904345405684193e-24,0.8143152433122806
0.01525088934619357,0.04541760187172878,62410986406499055e-25,22788775994459668e-24,10949955646563637e-24,66765474662315746e-25,11480103368078244e-24,5835938589353265e-24,74341254618170394e-25,0.9393314373764807
0.012777961562593214,0.03633535515895897,4738265887245189e-26,2719793302691735e-24,8092528986054262e-26,30227422064096056e-25,4969889496378374e-25,4925744716070353e-26,28466409879121335e-26,0.9508866765766928
0.013883798811561019,0.024189806360798143,35701435523022775e-25,28350306481714725e-24,4925880596801131e-24,37106856175084314e-24,44023814015922914e-24,38633587213992135e-25,21190157499676657e-24,0.9619262517988746
0.01508070677726401,2434903910932121e-22,661039639704006e-25,3120331082424673e-25,6439512537081225e-26,8034649048123916e-26,34847458734060506e-25,7013046963162503e-26,9120473837492035e-26,0.9849190455638105
0.013549669123760528,40916097744628595e-22,10955607186355168e-25,26874515247674724e-25,1311001230915053e-24,12974730067029334e-25,9930079508298942e-24,10809225382995211e-25,18520730356283927e-25,0.9864462200118099
0.014064744493273532,7503878676176949e-21,9267074398971376e-24,17870925513405454e-24,1062142227146932e-23,10313991105007319e-24,28253051054607868e-24,10191172706734409e-24,13242584374651265e-24,0.9859276518679061
0.013879024304412813,4908855136910633e-24,19111868602476793e-25,5677418940686091e-24,19062535083064096e-25,21592053539792506e-25,7444852702015975e-24,26123673497220923e-25,3825860566673042e-24,0.9861209452480928
0.017723115954741207,13395276930994126e-24,456584120509428e-24,10063483419534662e-25,3909505653635161e-25,4557016078027545e-25,14135612668375703e-24,6549064638350971e-25,23363065986975006e-26,0.982276853316655
0.01917461575598713,11393243123586558e-23,71381241921320274e-25,27914261149450167e-24,7939472514858243e-24,8083577558171656e-24,4956829282453825e-22,10392044022969607e-24,1398323703743349e-21,0.9808233148374557
4297263934175513e-24,4516094878268479e-22,5239473525704943e-23,7182540386945981e-23,812628712712905e-22,26554366891571054e-23,0.12813106102211275,11324313759792524e-23,3513174069804591e-23,0.8718678636695795
36740389938268813e-25,21534214756987917e-24,7980960464867582e-25,13585457902202787e-25,8707209061325529e-25,16693031501192714e-25,0.09130010774796958,1150687678412927e-24,19210850005952587e-25,0.9086998592753672
34374382366075646e-24,3363553659514779e-24,9284020293703096e-26,1411546386963349e-25,9480636829946781e-26,1453825901458758e-25,0.13132017468953217,13160035978118334e-26,13500888432127435e-26,0.8686797868317118
19486177756584903e-22,14167509165460869e-24,5768289358599101e-24,71443889677450855e-25,5449804822525327e-24,5821314114364567e-24,0.20223923325098683,9717399317294919e-24,15322281202770096e-24,0.7977587547402502
0.002994550028128718,2867920635535398e-24,16836677153416917e-25,18590316580622993e-25,15588082791644366e-25,1515597298746633e-24,0.2459644268301944,303960897802978e-23,59824881103358065e-25,0.7510410046345506
0.002471272831077752,7573167508377769e-26,398637722833613e-25,41003504046941143e-27,3847012563237005e-26,3571416347187519e-26,0.23607060688834527,8074489772092769e-26,18028980561189687e-26,0.7614581197879704
10697108275113133e-24,6579036230166736e-25,25426559524627107e-26,26494057831213157e-26,23062290830243897e-26,24087748445596183e-26,0.1584563593235311,5592199739387061e-25,21741532878967654e-25,0.8415436255973596
0.00034727309682130845,1177044128826551e-23,4641490368214672e-24,5374977495445719e-24,48148029051181706e-25,5020213692979812e-24,0.23474478474267305,12172156544700094e-24,310436074084629e-22,0.7649078673227581
690079295825116e-22,18301181943853522e-24,8796784541926262e-24,98197118426386e-22,826127013372557e-23,8150983381296271e-24,0.21015747673295868,20312387450416636e-24,0.001489731826417066,0.7883526487904402
0.003819312538730762,9633869874631694e-25,4119907794507216e-25,5013585700051548e-25,40707827332079603e-26,36052372663991995e-26,0.06214755947630684,3534585601331433e-24,0.16022995792706335,0.7738031638780959
0.019063949961087297,15433501384905272e-24,8744370353592098e-24,16128731959199487e-24,10451311146577174e-24,5096285859942414e-24,8774006856755451e-21,17493284560050443e-24,0.3777534079826305,0.6031737947019078
17368916561115314e-25,0.00020568036735129668,14550001299412512e-24,1300390018534643e-23,10816936316567724e-24,13527306872936387e-24,0.6045002702314857,8885942076634744e-24,0.1162880643607898,0.2790059225194076
2446575843825285e-24,14181475373374929e-23,10441892836545184e-24,15092590646763538e-24,9575510187737074e-24,9038151422816525e-24,0.8027433332990089,90119907251648e-22,0.1877364469582729,0.009520022321496407
34331340465230743e-25,0.058905547619504416,16765064926698595e-24,2236983060923916e-23,1866422412522798e-23,17641222264707855e-24,0.6833099822338735,13905093247386169e-24,0.25778433711767873,40250587058739027e-24
19535509301847067e-28,17275495889416736e-23,9318837641025553e-27,13128441640407414e-27,9470272701876646e-27,1020726062354433e-26,0.7714575823117116,8141083851266103e-27,0.22854224485994606,22630495907264887e-27
29890317086174846e-25,0.00014265928037074607,47707931298871526e-24,953256486648606e-22,5714657080937041e-23,5886118340551421e-23,0.744431640993697,3121063216425708e-23,0.2554252470938936,15939105232657557e-23
12012646154360686e-24,0.07246682147524454,7170793677076042e-23,1294666611897224e-22,9992612189793177e-23,8537577548470116e-23,0.5674821741759575,4390849156369236e-23,0.3600504218395995,14011156579898645e-23
7465613679641132e-25,0.11297784541841924,11891123394828644e-24,54386953889197755e-25,12834712424624551e-24,19072630074130682e-24,0.43200924745419406,4581981045505235e-24,0.45501283581882906,1674285781351176e-23
