16941514916857527e-25,64785877360053975e-25,0.22862064760088177,1932190557673147e-24,13780382465244018e-24,20426914582650114e-23,28440422352126604e-25,0.3787813514645081,0.3925977600132521,9922949505603438e-24
6909396921591393e-25,15856799441036967e-23,4249950985042049e-23,58677688045503534e-24,866142359342281e-22,0.3525829102502735,4896671980543792e-23,0.32673989345657334,0.32067669297637097,10729995300496017e-23
9127196241294973e-25,25833776579482237e-25,35828343899475973e-25,13502655959140985e-24,8055727990220568e-24,0.4764515784159488,35941820574871276e-25,0.14995978995102005,0.37358859388309024,5518441095976717e-24
50109015913930635e-25,1683041011467424e-23,4707065779213666e-23,224941106324215e-22,36254629993522796e-24,0.8238730150969423,20185405408539586e-24,29980435871021765e-22,0.17612381102044375,279929116826011e-22
3075364175414495e-25,14499657672041113e-24,24981625654720226e-23,14997890008096524e-24,1344769918575749e-23,0.7412355138668644,12505720332036176e-24,11112945285908787e-21,0.2587530483518722,19260867478978242e-24
56052720978814105e-27,8335923332439466e-25,17850522527080775e-24,6278565445332696e-25,8742463894720128e-25,0.6675297423523274,5063582136196485e-25,0.00957921811114168,0.3228910181518855,6355298016984062e-25
46672793839342373e-27,42660123565141453e-26,10508371416174875e-25,36603544518013154e-26,6531621548946174e-25,0.588995079067292,3224871582550982e-25,0.100015573417885,0.3109893442690625,37978589753404475e-26
743094311892919e-24,8289266105011938e-24,1573940320281188e-22,662811334553708e-23,12802734086522229e-24,0.6583029104659276,5967495368873886e-24,0.048180653873265165,0.29351623609744243,7738588332934352e-24
41461439343392486e-26,97787289303098e-22,7381443852076924e-22,57596119568556724e-25,7530058959150366e-24,0.6576950978081315,4081170266986056e-24,0.03333417836536732,0.3089699527472156,536812363399621e-23
3984162148934125e-24,6070040780017348e-23,40399067761494706e-23,6786506836094545e-23,5870881554131939e-23,0.7431362128246515,29937035132672795e-24,0.0008626270760530966,0.2560004977220979,3719219523355354e-23
11663637447935617e-25,15572793904370828e-24,3022055660696117e-23,1352611482952492e-22,23572661384686455e-24,0.5340251188051827,12130503974454613e-24,0.16381280491140446,0.30216184591878625,12437649459382573e-24
0.0009700921185639229,20212174716011816e-23,9270138738240878e-23,27466939134365546e-22,8446833647883162e-21,0.6582189119115841,3802515824020827e-22,0.3407986738212421,25454604429953256e-23,19900054970724144e-23
3562001552896768e-24,4713289259953934e-25,1737837173153322e-25,16194450096057484e-24,0.054776681139179974,0.44030318002198604,14110390299978528e-25,0.5049201143088601,20757942811231487e-25,6421309108808256e-25
27049740323337653e-24,15867580225152921e-25,1141926193012514e-24,1433914145263375e-23,0.07497989877794763,0.43187937733788245,20164776627729228e-25,0.49314066933362016,5279511875783794e-24,31390444851259845e-25
0.0004960061003335213,50936126997773095e-25,15456733317612338e-25,24710794113383472e-24,0.042484519098217946,0.40293058926317943,6952216181858449e-23,0.3320200521638974,5970166898120271e-24,0.22206872653205406
0.001227250472185599,11350207263508504e-25,8297850486007019e-25,16157527815837247e-25,0.49406352153288646,0.19836012240178916,4653649231781627e-24,0.30634907582235865,18993166605106132e-25,196413995224237e-22
0.0011266266482810835,8858472006595775e-24,5440233604976332e-24,6169488226993554e-23,0.09146701293078635,0.5248769101968751,5363221889427511e-21,0.21135844511359575,14538005990569954e-24,0.17116555135699374
0.002866888150128817,5246305230929195e-23,3762309997993739e-23,877789668331941e-22,0.5948925108788223,0.27947073111495363,2132938990547765e-22,0.12276903741089118,7890577101062682e-23,3623804151290831e-22
0.002710450923491775,24719768366889037e-24,18608027157902812e-24,4347706062456176e-23,0.5671090002249571,0.272014676273259,8394873516920978e-23,0.15816551154877367,4466275281214164e-23,14561317590725733e-23
35207720014025268e-25,4171231400446527e-24,412232610970773e-23,11630642231134542e-22,0.043119361181366805,0.6503408304847532,27154646264239763e-24,0.3065372135728908,5616214730078266e-24,13871118493538856e-22
0.002630811732106394,10285797782197667e-24,4701576296882331e-24,3463261985636477e-23,0.3255401027262601,0.2514395856158454,4418922886298703e-24,0.42038927879889204,8150658676504992e-24,1589373324819863e-22
2220335488835971e-26,143846567090179e-23,0.3110631695497647,0.24920931147165248,0.1408673460533479,0.2988601638859966,22225802440200277e-25,11660952089549852e-25,17898072605063696e-25,2399838031049034e-24
10834553719924591e-24,7100198307247884e-24,0.34104685505854226,0.13148798134359546,0.2637393991092168,0.2637255690018363,1632247961231745e-23,7412972688340395e-23,6075519725298507e-23,26344629615544417e-24
0.004018261481179508,36923679848270628e-25,0.459147460252481,0.19628360955113458,0.14348167475626677,0.16838216130386224,5470026229032298e-24,4814717619664491e-24,0.02868681083146374,784677982124845e-23
0.005801499106538694,8765358095283776e-23,0.5016201029942978,0.20166001223626287,0.0563442441438516,0.16449156168177334,11696427945673187e-23,7834948461216668e-23,0.07008225367501882,4319514761563641e-23
0.0050500236022145584,6382828827976046e-23,0.48083033923817803,0.1537715555629578,0.12831847500863927,0.2320253584045921,10157497021301987e-23,36641899074324894e-24,23676617593552017e-23,38093720898821596e-22
0.003788889531991536,5666181234760172e-24,0.43872000522908655,0.18593068334755758,0.16070103108463057,0.21085935539324008,4926219563236876e-24,2538182052881519e-24,8637671850755676e-24,13645241059152567e-24
0.0013101750303835462,13307756833751223e-25,0.3683438051012394,0.22039778411814562,0.14740892615966653,0.262539302229698,11558334408801631e-25,7387663965661847e-25,9359943809727452e-25,31994964356702925e-25
0.0015261841250688937,13514932129752772e-23,0.3737936590733781,0.2300720596634267,0.14092556544915416,0.25368043269193785,14656748030021665e-23,10537393425278385e-23,15882154636798013e-23,15530847479078004e-22
0.0016287627308531638,10405824047797162e-24,0.3749869363275147,0.22157064842367585,0.1653847324248886,0.2364288215679544,9782050253493028e-24,8847417772133962e-24,5091016398385941e-24,6439848398159032e-23
0.0009721611634237863,3889139881055751e-25,0.36377247978087396,0.20048041476834774,0.2268869416529947,0.20788799404814354,45311424029974633e-26,16465479591865247e-26,9749390183151368e-26,7482045719994827e-24
0.00023010468502447537,12006478973796318e-25,0.35350088692367293,0.27133816446761094,0.2740492920984708,0.10088154266344475,10996582725806925e-25,4001089150065603e-25,29029560448299287e-26,6171054193152635e-24
0.0016713785088392312,583363246869338e-23,0.4291896640331231,0.2942539922942421,0.11140462084908521,0.1634803151806368,8919901808858504e-24,638955568426444e-24,555732129683286e-24,13185844804146769e-24
0.0037187152872186742,626100730164061e-23,0.5087452918727557,0.22169072298588843,0.15985469850708764,0.06492497932936057,0.014726480743158252,5824874461352473e-25,5214497805578762e-25,0.026339103909506757
0.004252811397983075,760983268742532e-23,0.5417585512151541,0.24256509317198968,0.05980946069295278,0.11160071752053756,0.03047770270291501,15963829442471852e-25,13052087461120998e-25,0.009535652787009241
0.006205497470214936,13228212518802278e-25,0.6011954816044071,0.24357778939234243,0.005726848212277191,0.14329323092163315,9918606784319062e-22,3684481249792129e-25,36013637995039983e-26,1584848198978163e-22
0.003708093279350712,5853260174894893e-23,0.5525530119495856,0.3069070078519193,68653943535964905e-22,0.13681474775392116,31378620002105235e-22,24734637078424762e-24,14704928838667577e-24,703793667889521e-20
0.002437537049040309,70524069372110514e-25,0.5090145036620288,0.33747925302476856,3290728746421102e-23,0.1438087734036879,0.007259882455550274,14908854286197506e-25,6745522860287333e-25,8279797025908147e-24
0.004304195840339648,3721481644256163e-22,0.6285982242211793,0.3303921499958271,3054072981074761e-21,0.03669711647604263,24004290853243377e-22,23574890891171552e-24,9125967397445782e-24,2454115522468677e-21
0.00325363775709254,8280122659681716e-24,0.5935135651988536,0.3284446829630589,9620336781017981e-24,0.04181522959808359,0.03297285028284123,9554128544732389e-25,3763637510712152e-25,14967848968459216e-24
0.0010775399269246438,0.025449581684277776,0.4981745913217381,0.23646793960798085,0.06288173206641964,4389604417295768e-23,0.17594853519403625,745488785931236e-23,31859197064956645e-25,2566203592047267e-23
4639431312150598e-20,0.08774494680514809,0.48222050365494334,0.11582782273699767,0.17889914136637491,24695464915476494e-24,0.13526110871761107,12991675208500835e-24,6899215269714256e-24,3781802434323014e-23
0.0009516096698255506,0.10138529333094506,0.5859912255177628,0.14801787077669662,2543440966896347e-20,9128726600111981e-25,0.16362856355341254,37044679546588274e-26,1406202458262051e-25,1317457450265268e-24
0.0018707913365869583,3729063294520548e-20,0.5945287295560883,0.21737272892659545,0.00040969419130087206,3217600596670641e-23,0.185780679157962,1405965717672024e-23,6188774394324106e-24,3376257016652458e-23
2851544242433652e-22,9437757419281811e-20,0.5155150016683047,0.27980080387429906,0.00011428050882497896,8956969376980998e-24,0.2044752275522027,45115297685707895e-25,17386280764250285e-25,8459223406329316e-24
7245330765188776e-24,3207917101350291e-22,0.45718719856527873,0.2007238960774122,0.06219106023472725,1727810508506464e-23,0.27989749662575236,7130639010050011e-25,26902554784105475e-26,2199549655404881e-24
0.004714452415464015,5013284335148368e-22,0.6463095821278556,0.2038258379953379,4422354773376026e-21,2193326609559099e-23,0.14514515704228848,7106947374127776e-24,29942485541245054e-25,14701263529731573e-24
0.005983044840358863,25533946367084702e-24,0.6890705093741688,0.19009755149231192,21820907035688894e-22,5268495921129046e-24,0.11484667326437946,2259993561947743e-24,1142340353915905e-24,4733143186783466e-24
4617141235382388e-24,0.10464054234321271,6909306615411087e-22,0.02388539492149067,0.16213088326094444,0.08704349141771078,0.6222989724127775,17925877752299879e-25,1667013822161824e-23,16335683345604535e-25
940881038142029e-24,0.10075463641073698,7009438807767022e-21,4096972324635669e-21,0.17528872012319943,0.05260196993722753,0.6713435480946484,9543460084267165e-24,5261347647005661e-24,32776843590692036e-25
16344963821103063e-26,0.11894464308715674,0.049641674591134444,0.07751639221474459,27063884274343565e-24,0.023011433275280102,0.7153271780548149,41318640159101846e-26,0.015558650571153958,565155000669417e-24
7650913142054506e-27,0.20543400179845692,0.04224852173751066,0.028543028373312133,0.05228960631155898,1979955785087971e-21,0.6580771609393925,257228398186961e-25,0.013405700820796774,29156865819810536e-27
990510956044066e-24,0.18932618461368034,0.008541903103555648,13984400380557532e-23,0.1871539190271904,30969029766659854e-24,0.6149777635180035,411185301478367e-23,48862565553152665e-24,4959312274755548e-24
6055267537295332e-24,0.1409408040999272,0.02994618887663827,0.1946843347710427,2745713487498315e-20,973262731300301e-20,0.6343913341030861,25870676296979373e-24,754109906135697e-22,41050527420670674e-24
13943975931788136e-25,0.059532931246150896,0.06572482146814984,0.23057552574008175,7635173554492041e-23,30216244058888406e-24,0.6441665870518906,27513451280297406e-25,19220419879801453e-24,4559210104446232e-24
37841468800948933e-23,0.05422915890898454,0.13450869562864695,0.34370178178255983,9437183627901277e-23,1662258439124928e-23,0.4675598293098951,1085644157685161e-23,19318026382803653e-24,14786361700469056e-24
23998504403370743e-26,0.10841932052420986,0.10263315263447671,0.3603048840433005,5951350094475816e-24,10117349683221928e-24,0.42864262422787136,5999149352248514e-25,7477315178210804e-25,9140904523088734e-25
10641141129918721e-26,0.08591756518534484,0.11989193328223843,0.4311148690607251,9967113867023719e-25,678417855179959e-24,0.36307562988881226,1932599515485802e-25,23056752385521532e-26,37751088124503644e-26
12059386148995103e-22,0.0854804156358381,0.11973406992156013,0.4642541018940724,12856817914437084e-23,2649693474942709e-22,0.3305297770496159,808863667849565e-23,685775589494182e-23,21076447733999008e-24
5695951155766051e-24,0.09824258033286934,0.07082007884814497,0.4819638031068002,6161353590435776e-25,6108021802034876e-25,0.3129840980718515,21049042310168398e-26,0.035989432073596075,43335637474482235e-26
2682526728630643e-24,0.15890351858537025,0.18836140830792,0.5043863286593665,36402380737456075e-27,865351812338055e-26,0.14834874167067513,11473283818947993e-27,1966238097133537e-26,18565167744826707e-27
0.005074001459743843,0.03799077790496249,0.3603434525624572,0.4385643208130716,4574259329449276e-24,4727288570447379e-24,0.1580274303515932,2180756155326396e-24,2369909173535366e-24,30559582379066882e-25
0.008489738502422543,14934949906336262e-21,0.46313225857492885,0.3519773680689508,5577558124208068e-25,4671954968004762e-25,0.1763856982133553,16419153368602834e-26,24728661689191e-23,2545907676652169e-25
0.010806630640412474,11308432823374672e-22,0.47310423849652405,0.35501782279783767,356634351184472e-22,569184931854436e-23,0.16107012941254167,16441636649963612e-25,23882680353151373e-25,2421688980533495e-24
0.010760951337817353,32501962992196946e-22,0.4865278549572899,0.3401130636106083,11495714840158415e-23,2034913936326635e-23,0.16259472323029298,5513258143946854e-24,7446644315892815e-24,8401509600507224e-24
0.01093269541087816,15164820617235775e-23,0.5286495355296379,0.2666740368544021,7475553266647658e-23,3189438922887722e-23,0.19374342110466422,1487642673666707e-23,17105586064037092e-24,20820210504876435e-24
0.009412014997822153,9316258266937742e-24,0.248695975225526,0.3483517387076247,6316002161727783e-25,15009950955983302e-26,0.32985041344474086,596056046746546e-25,0.06368984743831756,2747939644929063e-26
0.005872604285986004,7849324610651149e-23,0.18857423647755622,0.270927297089521,34085938995339455e-24,6300117310858056e-24,0.5346257317820934,29648679733743784e-26,10886811585966733e-24,3009223254299768e-25
0.005725064693170238,33710509566244335e-25,0.21764232742588482,0.1882694780760884,2463397498081834e-24,28557377311977596e-26,0.5883631224774719,13704470594742935e-26,843253551371586e-24,22669101496663504e-26
0.006263789613890883,5976967493474267e-26,0.31935309032418235,0.019699183893464364,8949637424829235e-26,3005012835322628e-26,0.6546839358684183,17059949715447472e-27,7253502377221774e-26,3487670214223787e-26
0.00821518781212983,1139209036748888e-23,0.3556644751233114,3300431436028319e-21,4017742940287424e-23,5877541563539334e-24,0.6361169481130436,31317862940081167e-25,21520754797756474e-24,6420478845130525e-24
0.00895095088934322,16432691069978126e-24,0.4638902290716532,2645512943742286e-23,18308918998976843e-24,1148948751167856e-23,0.5271587271433291,6127567730403618e-24,4832098147468999e-24,9249681445156489e-24
0.005145890365509756,7961657899305512e-23,0.40002061653051957,2411668059127702e-24,0.11353943905372284,7398637477315226e-24,0.4812939254777859,2336921547534398e-24,4226405424737667e-24,3258246216271103e-23
0.0027840916749460997,119370429830112e-21,0.678686159323458,898954524510788e-22,11803638420053583e-23,7077429217230082e-23,0.13528600671093186,2835564679496921e-23,2680519687968302e-23,0.18324328905326406
28437865212914613e-26,0.00836996781050518,0.9916299434313904,16088513584483094e-24,2781623089185696e-23,5256111636803546e-24,17060509750816114e-24,31124703695546467e-25,27015228992672905e-25,1643834659876532e-23
13826565137167002e-26,11114438942413175e-24,0.9999999774478686,11775567108586174e-25,19621199775610863e-25,45182170309208077e-26,6224154024249138e-24,36594884594007705e-26,31707239450046066e-26,8007506025848631e-25
3476522056818123e-25,4806921911582691e-21,0.9999951710119677,2971516747512794e-24,5528743458087704e-24,12602283754024968e-25,7506458167478655e-24,10907816894066101e-25,914949419676573e-24,2445907637954282e-24
44566207894518864e-26,1274232406883536e-21,0.9999987007914982,29471879343650752e-25,6496833397952226e-24,11708778940059996e-25,9278086949216568e-24,10538368275484684e-25,9766092973916528e-25,2598088769420935e-24
2232303503436597e-24,6081948143098617e-21,0.9999937556618548,26895448503470217e-24,6105266983581825e-23,8176181158281159e-24,2380177580891343e-23,8753616968479579e-24,959040966294654e-23,21890175646537177e-24
6148042568717508e-25,0.019928538352705284,0.9800703428539831,5348851753314729e-23,1507295928814572e-22,5377735463135256e-24,874636694695051e-21,394772541789794e-23,4497888486684173e-24,25500185621895004e-24
4855669498314623e-25,0.0021349458009886613,0.9978650113692262,4666809352650658e-24,10696489539435777e-24,2049070313967394e-24,17413357950150506e-24,18425109562094964e-25,14843653554503531e-25,419144978245685e-23
3776630704034201e-25,0.06722499885653596,0.9327749085424322,27737300779891285e-25,4870681609968946e-23,15123565465603635e-25,3468123925250037e-23,13792527182156292e-25,9375740023130207e-25,22324370214709163e-25
0.0025814478511797644,11310773200154652e-25,0.899655706534619,18807996605796717e-25,0.09776282099021681,5781021029627137e-25,8282189784898154e-24,42521897140202654e-26,11491691737702562e-24,8349006805496428e-25
31992849511352296e-27,2274959346078569e-25,7816440511220989e-22,8480335128716029e-25,0.9999992164816328,11642854553364915e-26,37696088867846926e-26,8036680707477876e-26,57916929888323945e-27,1345881108626866e-25
5105516902788122e-26,12248014699111126e-26,3261994560268505e-22,5481418700774959e-25,0.9999996725136362,8619798060045883e-26,2497469385858939e-25,6399914432024168e-26,57993886236152186e-27,10778679672842398e-26
0.00046406497047877393,12632581384972398e-24,0.2893727619805153,3332508970304279e-23,0.7101603129703636,13933338337964602e-23,2652500953805927e-21,8425900515612073e-24,4043221048067443e-24,9817490305380554e-24
4571401504914197e-24,238145010927766e-24,0.2287484110814724,1040192196933911e-24,0.7712515349739225,4427066686397311e-24,4312146382979162e-23,3033617355260364e-25,35495230935850884e-27,2073440405709125e-25
7592322439401506e-21,19760548498880126e-23,0.3709579995716307,3368125368284113e-22,0.6290288723176563,12157301976121044e-22,344893417412733e-20,13364982079201508e-23,56845232685188646e-24,14621082708115658e-23
0.0004586781472734791,22679064168222435e-25,0.6295985849808132,11190729909062889e-25,0.36193367863480724,6116006318513867e-25,4164406470300868e-23,6170263816940243e-25,0.008009011093842378,8835888952663115e-25
0.0007586267585809109,8051911321635782e-24,0.8395874808097131,7454726610560142e-24,0.13604912580865144,4188625606949195e-24,2436130935501433e-23,3827819149150332e-24,0.023604713540515375,5198145004503344e-24
10745090176626573e-24,46407972987667026e-25,0.9670075521579162,7045247820343873e-24,15357080639249087e-24,29225465358218023e-25,1883228465523352e-23,3345451041052033e-24,0.032992381251066315,37030445516702206e-25
47679304955871745e-25,34169810041847847e-25,0.9572721136735931,61622430241861735e-25,0.00015476863682672659,29645794153423644e-25,11641962725191396e-24,26085555418832644e-25,0.042573083527012376,26004964613450095e-25
16502607498969873e-24,15892044636331677e-24,0.9417829436750688,46787522748604226e-24,0.058216932074869374,4204600835260707e-24,4321487185874478e-24,1635461885143112e-23,5425785394620323e-24,14761306568316768e-24
0.017285279189844013,12731818631220537e-26,0.9189245635186384,0.017484859506528765,0.04630529502087691,3096317234598363e-25,18152007000733437e-25,13890023877674896e-26,27345033367904464e-26,9418543904241579e-26
12086942824652989e-24,9109595358567599e-24,0.23480591088407557,5323519496394135e-23,0.7651939416127025,2837712206095698e-24,6236338143853373e-23,26413341342537192e-25,2043317318388449e-24,3185747614178018e-24
13409610629403287e-24,3169116186346441e-23,0.813882674552658,4220110967859095e-23,0.06447540719609147,14721912689355216e-24,0.12164178208393382,21863121535682374e-24,9804405257899296e-24,34640306862884477e-25
7124520546751656e-25,2305956224609871e-24,0.670360809384582,310498255373114e-23,0.0751243979761758,14618192153408792e-25,0.2545147770099276,26491508433331145e-25,1923281054049148e-24,34711148099769677e-25
0.017722453599903973,507824797985967e-22,0.82637892035732,36175040726265826e-24,0.05531996277075635,21989953997520366e-24,0.1005754523211517,21642022361591066e-24,30604217365840585e-22,1994047774050396e-23
0.011338613007777594,5273128892310703e-25,0.6621793113983888,60511290776214264e-25,0.14193426914353305,6267450190461165e-25,0.10907244344157732,3268870685783966e-25,0.07547535522488506,25184271631808623e-26
14086751751791063e-27,5672245580278777e-26,0.9999999866809993,1472062049023251e-25,12759037862787367e-24,28600961712892882e-27,9875763152641088e-26,43147701679326846e-27,4273469615434755e-26,1288000640574988e-25
4082380351068618e-25,12539170335424185e-25,0.9999996831870455,4234142392679596e-24,3078583625220772e-22,45783307845175765e-26,9106312434677574e-25,6257929084483361e-25,2917916873008663e-25,7628254562944142e-25
3205887714287029e-24,26161302790193776e-24,0.9999911803059445,5536458289346681e-22,12128572518733828e-23,3155583584157758e-22,9097959387923387e-23,425155914290667e-22,1717712799378581e-22,7494570940446583e-21
15925247671508854e-26,7846374797269441e-25,0.9979031609410165,12874917802301534e-24,9649407684418704e-25,1013665068764125e-23,13055785696933531e-24,5641021007232006e-25,0.002096799901557231,6231984285711965e-25
17382539866855027e-25,6976391958096587e-24,0.99043236662465,28619122229040263e-23,621611593587505e-23,15663869902356265e-22,15318040379668076e-23,5993134281606889e-24,0.009565601727740283,5571277841549863e-24
4805030449211672e-26,30630019127858324e-26,0.9825169115823202,21434619005061197e-25,34833469156794577e-25,8272631297880327e-25,22354609782128695e-25,18675353664799473e-26,0.017483078880961556,3059764094726691e-25
13916086891020005e-26,9697343099615819e-24,0.9257619697653328,3717040607889325e-23,1242237140111218e-23,18108101037059592e-24,20287844969629488e-24,11925404633546995e-24,0.010784442472153741,0.06345347850887052
19170715710860836e-25,15868978747377583e-24,0.9457414323093192,16025295937294917e-23,3429759186993746e-24,2341985267591048e-22,5602505252255519e-21,5033247958726576e-22,0.0033475346229652763,0.05090451194272242
5403465426151563e-25,5341216623741378e-24,0.9694909844877966,769309657853989e-23,9955251231450713e-24,7268706670659066e-24,1692045398565037e-23,1564972360126503e-23,4535412488331217e-24,0.030508947607152448
35394123563273558e-25,25385775192585925e-24,0.9917612496964153,6332858106613947e-23,14232751062527897e-21,4058655933355357e-23,0.008224298865205166,2367082978818854e-23,4086848621605092e-23,212810974325762e-22
12538382795556924e-25,738091066608946e-23,0.9019484832721928,0.004196688277245279,0.038925559521520554,1153973069034986e-23,0.05492922641574569,7233990602073898e-24,7395968864149901e-24,7709066375386269e-24
3014280947789316e-24,22047696105076987e-24,0.9743160926583128,8210427527504024e-23,4531526848797556e-20,2950288734874683e-23,0.025638407176871197,20326697257050958e-24,12045887823915034e-24,1584638323792567e-23
52210763916394233e-27,3575795270277036e-25,0.9753689184146068,3531394875318539e-24,6373323734394388e-25,7543936476740222e-25,16481673312012613e-25,0.0065228441228296205,3217004651564758e-25,0.018108230164223936
20409586717359457e-25,9572264195361051e-23,0.9999639312587878,8475147869797557e-22,26085530118798426e-21,8600042041073606e-22,7735981632699227e-21,14055006590264944e-23,19680323977451699e-23,10459377339600663e-23
35581825295565894e-26,5275330036098314e-23,0.9999983457841375,8549884488147617e-23,12546580815630092e-22,1008903933284533e-22,805973194580733e-23,7175920961605597e-23,19458995846838025e-24,6145921929870286e-23
10762456729869875e-26,11181748697924408e-25,0.999998969609996,1669616131364543e-24,10216535522536656e-22,14129371734002846e-25,2484388718091296e-24,8640786294377994e-25,3998939253040121e-25,6798459994409663e-25
5018389091393153e-25,784786376170414e-23,0.7110688527253431,17206530440975638e-25,0.16073397436930634,40256657427780134e-24,0.1281971067778077,1034875536282315e-23,35784560597299107e-26,509338836548492e-23
5788560388241927e-25,67744390298604675e-25,0.07315696954621892,9180884891672122e-24,0.6152352181618834,18784042235794185e-24,0.3116077675790433,4257827832445619e-24,21885986356138887e-25,29482309978583196e-25
53239817545564435e-24,7540009332949511e-23,0.00012661168742096298,671264087773828e-21,0.715148528868085,2728766532383172e-22,0.284723658752539,5026454075272957e-23,3337338612904623e-23,44273352107406036e-24
12716203236756296e-24,5126464948241267e-22,0.2372023045203409,17467006313398664e-21,0.5391834744209985,16222508575466067e-22,0.22359422866053025,12947830727794287e-23,10207410932319662e-23,14622583862702045e-23
6841827153953822e-25,13920921421004378e-24,0.45457500019502295,0.14076791102935626,0.35894204706270666,3149114136968638e-22,0.04571463711040371,46381215911723774e-24,3742729834898484e-24,24963620521816582e-24
11485577652678203e-26,9814605407825126e-25,0.6401638308249917,0.1275406841375834,0.22829436401571038,18389319550464517e-25,0.0040011155698367485,12926923935626869e-25,2978421840745313e-25,9274716553035796e-25
7600352041627446e-24,6929125603646114e-23,0.706332340812119,0.2310618032042197,0.0626034895565753,9548759328258318e-22,828622911658003e-21,3244677946079496e-22,29122318702395328e-24,15253888975585624e-23
4399227666508134e-26,3731614665918764e-25,0.5098848797630386,0.24195128050482317,0.2379811235549907,10731265234580862e-24,0.010182701436354892,2693734844449522e-24,11313115257852496e-26,7853664059434566e-25
6037510813514259e-24,3004594188176736e-23,0.40035307878208065,0.2179648685892607,0.3428043710073641,10060719544396533e-23,0.038877465611394095,36670530548888944e-24,9410647923626559e-24,33238076949545315e-24
7170683770485118e-24,5427230135737019e-23,0.19137006885330837,0.3175971013792341,0.49100292555068054,3966598128401749e-22,19556397580024187e-22,27393677924066615e-21,15451800419820473e-24,8134443730587505e-23
10975680786016696e-26,4155739404501276e-24,9470686474169917e-23,0.2836666422417723,0.7163326295761506,3822737892315691e-24,18556944231129888e-24,6036670572437588e-22,4011361755046098e-25,27637682234387062e-25
8846349232038983e-23,2950804613157346e-22,5275747320945176e-21,0.19904402805622093,0.4876017244627824,14280533488462274e-21,4626568310710306e-22,0.31333363194845687,682834402868038e-22,14476750812499504e-23
34479433052212534e-23,2104228747727408e-24,3785151056033995e-24,0.20021120008229273,0.25713651490705436,15171744190591264e-25,4914355508022435e-24,0.5060197965985971,36124634777305406e-26,0.036632130935600936
405214141230016e-22,2346831721748681e-22,37154171268026626e-23,0.19786133676482232,0.2549654060685633,10103380048511522e-23,5403109720793463e-23,0.5471724445856552,31778327414264872e-25,759194251841122e-23
1826960494790361e-22,40754482113277133e-23,3344078866138115e-22,0.18531742235964238,0.8146787193496299,24612307869957435e-22,7686565553868416e-23,30182415181821944e-23,6037236853528118e-24,8768414088006007e-23
2059536353642086e-24,6479648269645506e-22,4868069170240875e-22,0.18526551829973129,0.8147279988777276,371765768754491e-20,2243752310017559e-22,10922958017432428e-22,134298121017388e-22,2982327315741516e-22
4391387270187471e-23,1449301012970612e-21,5382115983750468e-22,0.18820057890316721,0.8117867680055618,7822749040545625e-21,3940177334468467e-22,18681488843175766e-22,33579696089458024e-24,5031695701237059e-22
14406642443021553e-25,5165897027177505e-23,27464096328933408e-24,0.19160768861509916,0.8083887272071598,33393248608163034e-22,28523162409189224e-24,8538874213579079e-23,23153295962715376e-25,4806202901547723e-23
1309748804630823e-23,34580319841765786e-23,10653091592166842e-23,0.17540559186016144,0.824591803807769,32178788504341253e-23,22726976096111272e-23,13805107314992177e-22,20316169583134157e-24,18901590094986347e-23
5109935669467878e-26,9429265447950422e-24,14805620016190848e-25,0.16892136506543742,0.8310783497937106,8616276078826194e-24,5679107715093353e-24,2521005903289604e-22,17214879252808063e-26,7611775349123363e-24
0.0006900577078623342,931697767585613e-23,5344577543642861e-24,0.1701947915486637,0.23042344715896365,223130441071292e-23,15004040816141452e-25,0.5986916812032053,19018918177235596e-26,3797852564218023e-24
0.00445561580634311,17928615593449142e-23,35447234609462275e-23,0.2492927068977913,0.3984645801060659,14746650215042056e-23,9128300549056676e-23,0.3477856004078125,18692664149172262e-24,7055813227203669e-22
0.003967155190783652,6022339070833966e-23,4852598274666659e-23,0.21733942336157622,0.3536515689289494,6659779438939681e-24,16634631296890016e-24,0.4250416338701919,11244288770567797e-25,8548034148947366e-23
0.00019487846521368534,0.10133447690133644,25594249672931788e-24,0.1749316018976399,0.14415655311778533,24376146262781913e-24,12754239492976945e-23,0.5793822660547233,30369197239779416e-25,43013673380984285e-24
0.0030870901456676748,8673223408938794e-22,5569650661743971e-24,0.06266786170597224,0.503614067415429,9320505350383578e-24,27516975495590437e-24,826963816267763e-23,2117067628919934e-24,0.4306300606166832
0.012804338234726468,1107866789266935e-23,33482072937371425e-25,5522032909988934e-24,0.06908488446791977,11259670158168658e-24,4328956486578272e-24,7370503710873289e-24,1559299217300315e-24,0.9181107328300185
0.015197224944020265,11448469043771387e-24,54914863724172924e-25,10065063745622993e-24,8163421146055754e-22,8217767435718355e-24,3188939300989626e-23,5420344235492146e-24,21542877521105424e-25,0.9848018840582583
0.016017025653114348,9642798504193425e-24,36245853383278822e-25,6678291535659136e-23,24995037327112285e-22,36465385425919926e-24,12534490092585248e-22,7862672144225215e-24,1412501019303409e-23,0.9839790828907261
0.016471170710437768,4789130236236501e-23,5394368188368431e-24,2450692197708517e-24,7924581780340686e-22,21680308003030345e-24,265710414897567e-21,9238232008293891e-24,21672762641958964e-26,0.9835276842494703
0.020555535195749656,2654293383892479e-23,71403349178483505e-25,799263780713444e-23,0.000718193055279012,11928933832633184e-24,602344024497376e-22,11851041184341151e-24,5730393570522782e-24,0.9787261403244981
0.01924441917532684,1459944855433141e-23,6194735962034315e-24,7032275238325203e-24,24283911590322335e-23,18139594754574118e-24,1182331248112941e-20,15680646856375234e-24,5507563625287854e-24,0.9807434475192411
0.0214860089304183,20246241267132108e-24,1969205891806384e-24,2800820299349686e-24,22310805423846904e-24,21660092232052937e-23,0.20739764541895372,20691119831445537e-23,16693360678217016e-24,0.7711158581204018
0.021256061541492236,13013780667578275e-23,10825659886816696e-24,7337510305341096e-23,2841438265677833e-22,6078705571380514e-21,0.22129970535013072,22530009120240657e-22,3880297321759761e-22,0.7574350148898928
0.020261670553127584,7473310162250233e-23,4113367763142102e-23,6410773673970992e-23,17767003776062154e-22,1116829387992725e-22,2315537039521572e-21,18358011029271736e-23,17129966930107926e-23,0.9797335906724173
0.01929837772678834,10677971636905204e-23,31914274366760665e-24,5081391149142312e-24,4366326888539341e-21,4956859323502877e-24,16373402948251234e-22,22775788509907924e-23,3431822368883376e-22,0.9806948989336463
4944407896816055e-25,7289453260210262e-24,6730142861840893e-25,0.21218963684121647,8563994064515437e-25,0.2948514750487533,0.04926377446376129,9251795600600401e-25,6415448584994961e-25,0.4436951027662773
11131793291454771e-25,0.011880343263280609,5008205087698854e-24,0.1597731058149024,5051709443114931e-24,0.19088344317069592,0.07439250974256813,501355738297445e-23,30159267301596778e-25,0.5630705788060459
20026186440085808e-24,7496259252714875e-22,7055489360777139e-23,0.21792977672109065,6572583340662611e-23,0.27593127514839966,8588082803729814e-20,601992889407925e-22,37115392883165736e-24,0.5060520640550812
0.014925849860360538,979748442713293e-21,3286841884094167e-23,2966301532132836e-21,33654535152865995e-23,0.1420656627978627,9618087031061726e-22,9535744347943165e-23,25609576775816696e-24,0.8430030891024191
0.01491740306748794,15870892643793396e-24,1701721116295125e-24,6771386804114068e-24,15706625403047895e-24,0.10103149765667069,15579571564332287e-24,4227783952593229e-24,14684568255272566e-25,0.8840510379485237
0.014214025069926414,71930893712301345e-25,9890704128354733e-25,1599425947383272e-24,14451765331585518e-24,0.07252432091920695,3999362159413367e-24,2473842115928178e-24,8881148514236194e-25,0.9132616224165444
0.014097195740722141,5807979933888762e-23,15018618275776998e-24,7612681782338577e-24,3196344038905461e-22,0.02472756915083419,7716521108308127e-23,9076129301020066e-23,12506561346713051e-24,0.9611746543300356
0.014524185910456467,7179211582901415e-25,2217143482661848e-25,2559359071958954e-25,5671495288176554e-24,0.01005478207523089,46188049860244735e-26,4966107175066782e-25,305835803141782e-24,0.9754210238876588
8876779197273137e-26,0.34655617520120796,16960064243464984e-24,375598410145159e-23,1914770096113992e-24,23780271919967e-21,13471303548116862e-23,22299631465285593e-25,175999411895921e-24,0.6534436411799327
5397736151802563e-23,0.17235129822852038,1313879127008677e-23,25867539921576756e-24,4081349768666065e-23,0.2648956349956386,0.0103434502759528,15978258881227666e-24,18334207847373326e-24,0.5524094483894828
4367357100723156e-23,0.09513350849337344,8192574341240229e-24,45254818336637196e-24,19225360654332764e-23,0.15115768210270675,0.09206374133237559,18293223032434314e-25,30166944868261702e-25,0.6616447738509569
6734105534915828e-26,0.018999703262628984,42777859276292353e-26,5991152766441897e-25,10877250323928802e-25,4079353887534497e-24,0.12667208922160314,6079877857666592e-25,16209628774416197e-26,0.8543282004843683
1870291856978315e-23,0.05147168574344712,316856269932473e-22,7571412540306923e-23,729108151542762e-22,932672456512424e-22,9705162791768238e-21,3820840290990208e-23,258803480360213e-22,0.9485182527231784
2986990226006768e-23,0.03526301242704508,790943214266354e-21,2030601944776635e-21,16523862196599326e-22,1918665020352011e-21,0.09053646916409532,947045668376611e-21,26474228843593066e-23,0.8741928841542984
5805213892243007e-24,0.05138883390139954,17949106270675306e-24,34074452995670054e-24,31422609109463604e-24,24314158363548803e-24,0.015446129544944042,20037939571910916e-24,15127309372974203e-24,0.9331648878228944
0.013457555929632208,0.024690355501980107,646064281192722e-24,33977315679143544e-24,21309178670248763e-25,10276737678437593e-23,8940932057849069e-25,489578079052659e-24,16482169047921817e-25,0.9618519460149106
0.01105753967151162,0.018201165077563298,5004669659593064e-25,29272853475681588e-25,10243814047586906e-25,7047653274697591e-24,10836455165089731e-25,3935202412592908e-25,11128876504366905e-25,0.9707412811611307
0.011546778836320897,11688952070467158e-21,15805066530205715e-26,6421238975500876e-25,19902286824443604e-26,39529888258751266e-26,756331645873736e-24,15457201927494705e-26,4658460563566813e-25,0.9884415294401033
0.013875778938633537,1960885183387351e-22,85116928884716e-23,20620156252281837e-25,9937311343492535e-25,9480299746943428e-25,6240425333955703e-24,792170295392452e-24,9988831156357707e-25,0.9861240120825373
0.012445471566982455,5009582046395981e-22,347991917983627e-22,17559617228874252e-23,4194496127404341e-23,5037257944627294e-23,34735994775916225e-23,38544832446423035e-24,11780019170975428e-23,0.9875532210552256
0.013161389374288322,28504300635811584e-25,7253516928438051e-25,2030985271714697e-24,8196749890916632e-25,8871255959995409e-25,322291273447818e-23,8621172124737625e-25,14217494203351761e-25,0.986838597806679
0.012989197991793539,4076683529868374e-23,1219749855774127e-25,35511643860211623e-26,14271676652820461e-26,13371070244538558e-26,4556254173494362e-24,1285412329396924e-25,5044307184145437e-25,0.9870107552986804
0.016985844049093944,17547474428674103e-22,6381656425688561e-24,5581820032805021e-23,4420300578063867e-24,7626316989706492e-24,23790134830820948e-22,10816726559895813e-24,20906019424019345e-24,0.9830099162207611
0.018366569331066587,1082858246992355e-21,11585504414497088e-24,5957479457909041e-23,4311672164195938e-24,5868631766642922e-24,5953440501932441e-21,9595281333583625e-24,11376059321891584e-22,0.9816251658283677
6868135344791459e-25,33982035425016586e-25,12066762214655253e-25,16905828346037208e-25,12994463100542637e-25,15058462922259268e-25,0.09546406838966141,16656665488019234e-25,26855229774313235e-25,0.9045359174716672
16106726902790884e-25,26259626539693985e-23,1854653379057361e-23,28351049488658084e-24,13525982138056777e-24,2900992080186096e-23,0.0625419743669824,27803947755702343e-24,17061731708440155e-23,0.9374574735713299
11426508366744643e-25,34545860204247194e-25,7064330791507884e-25,8723033174243783e-25,7208401303937563e-25,1027300559560629e-24,0.1131867869756464,10482739720084698e-25,11151012493208607e-25,0.8868132029370317
20969657566846692e-21,9687802072189142e-24,42848342560989285e-25,5471818134089786e-24,4006915456678075e-24,42756083025400605e-25,0.20716523912517865,69946421461835e-22,1106832426476703e-23,0.7928137454273203
0.004470120258539572,13647821015849598e-24,1650765043358339e-24,21787320503611216e-25,14654786016763603e-25,15301087676159793e-25,0.26985608576533715,33155144769710734e-25,6793977664581646e-24,0.7256737633938771
0.003955289423089323,1770481022153428e-23,1021329826725916e-23,10641534737436974e-24,954643834214903e-23,8916873199944407e-24,0.2590141621590629,1981104319392282e-23,4422996524875815e-23,0.7370304273538674
24909622680924384e-23,11124283210794327e-25,9981901027739364e-26,12665676982046287e-26,7669202450060043e-26,9981227946916595e-26,0.16210382256005607,22117216020246264e-26,6113885656553894e-25,0.8378959259957501
0.0012461311844134057,50845100840558084e-24,24150796860210838e-24,2740345337693152e-23,23127143018455133e-24,22337657949544356e-24,0.2520315416698637,50154015668561975e-24,2519642189529522e-22,0.7467218771634404
12286639867800976e-22,7094818312468137e-24,24568634013826783e-25,28902139391824927e-25,2290660899930109e-24,2254748991650217e-24,0.21444054039288507,5358297692303648e-24,0.007356087928527169,0.7782021206688237
0.008020487724649163,11162048420312464e-25,6640869791907714e-25,7927832509206022e-25,6353773519009401e-25,5629862231368252e-25,13316639539013603e-22,17001378432616494e-25,0.26180999913161973,0.7301681760076862
0.02589807436495436,11287663207265081e-24,7432482241716812e-24,18819201515105242e-24,21805883265999152e-24,42383743027118354e-24,7691951526732323e-21,2794869617518405e-22,0.4528798439088879,0.5212140085586975
7722688307230818e-24,6068790972113492e-21,321063957438632e-22,4125556006722784e-23,28531895480208137e-24,28097087154261645e-24,0.6327819018412436,29970092568820614e-24,0.15336021158781998,0.21385165009624552
11785698573535654e-24,7723552813468007e-21,43003369123990066e-24,6350774203955696e-23,3916256232359631e-23,37429012829029e-21,0.780526134022164,3765024290938851e-23,0.21943758157042745,2832831597451521e-20
12544468855705747e-25,0.006403123966150961,488237726327508e-23,6483021225972742e-24,5345976695297748e-24,5033966811406836e-24,0.7268391747553661,4185044008851634e-24,0.2667576631027756,10997955806939759e-24
7486753435764296e-23,4130370460545704e-21,1900587556069761e-22,2984431214828812e-22,21000202133800252e-23,17384127269646075e-23,0.7250235688691542,17000379700264774e-23,0.27497077145019866,41402676974063845e-23
13094203250724095e-26,14204279459928626e-23,6174907002130405e-25,10409027177596832e-25,7317114302590647e-25,7915290364890218e-25,0.692252452816012,35954958558000113e-26,0.3077473978715578,3597539212489695e-24
210629221906136e-24,3200982275596661e-20,107594954450988e-23,1913701603919984e-24,14458251819671395e-25,12471609551895516e-25,0.6259831905850153,6811146903732282e-25,0.3739847909824271,2035106703032072e-24
