10348264713155452e-25,16310520256382512e-24,0.24409805785031222,61875560284427944e-25,3759562184690118e-23,0.11994417636121273,8719798859141318e-24,0.33797643779973363,0.2979812324570682,25683330270446236e-24
13224655230823968e-28,58204897653087366e-27,12721141032366959e-27,5994736979909252e-26,23331901599141307e-27,0.48378832073521766,2452806172989858e-26,0.3704940168184389,0.14571766218222026,840598347509817e-25
1232851325595913e-25,4243081576196131e-25,8432956904438955e-25,1527031309306691e-24,16313430740200009e-25,0.5352771384279433,18199760278471506e-25,0.2965572785247755,0.16816557350224834,31766534609839767e-25
11142298164468907e-24,10285223615007179e-23,17901815082758263e-21,1465773886693971e-22,14755385790703246e-23,0.8745334298324885,13000111626538672e-23,0.02890273467629287,0.09654518841710825,20713253534013022e-23
29782698323270945e-26,35914685399784374e-25,0.04982267989664825,8951416379345258e-24,5447960880962693e-24,0.6756438207429666,4126493100541728e-24,0.14053425005311368,0.13399922039066853,65014940431267835e-25
2832381818538267e-25,611466796392597e-23,0.11434955509369388,14063897095102219e-24,8513704753809935e-24,0.5366086784372767,4513411094575378e-24,0.15758936708624693,0.19145235927708423,6613050468926051e-24
936902315555911e-24,46487087191238886e-24,0.09760376759180958,50068064828385936e-24,49168934208909e-21,0.5062692369310811,19802134236657012e-24,0.21155625130918354,0.1845705494436465,2826110682780698e-23
3101941553822795e-25,81077105305885e-22,0.14670014999672826,11380481809669758e-23,2322299395668758e-23,0.5129900616393874,3235347409368099e-24,0.16477958723101102,0.1755300425563885,9895688831438102e-24
7772463999034929e-25,17391903473641025e-24,0.14297061915707285,18492222095390477e-22,58995129922614284e-24,0.5101815070797103,7988135474873095e-24,0.16604229293819606,0.18080362360457655,22846016496754268e-24
6855786941579347e-27,10799560187097755e-26,0.12106760510526107,3907803792293857e-22,12576155398244616e-26,0.5553009442611999,6057926541627685e-26,0.16943958368894205,0.15419147577650144,8921694796404008e-26
3777048905492956e-25,3945129772321599e-23,0.13917024707793244,0.0691121144392089,6810427818715946e-23,0.3807551489446143,26110297383273414e-24,0.22585892787383097,0.18510340361006422,24010773697723372e-24
544601643325644e-25,6895614864478521e-24,13583889122169392e-25,5154212917212835e-22,19550230778175055e-22,0.4977409876393622,1341550439958216e-22,0.5022562563100944,11842525085517008e-25,14195553561753007e-23
52787918426282e-23,44887471868580973e-26,22279283388717513e-26,9346683894454721e-24,0.07254563388474783,0.332442306803249,2983344698586988e-23,0.5950120016816143,352050714807938e-24,16898602918445246e-24
57047014497012344e-24,19120197550665915e-24,6452893111643612e-24,40894743334570754e-22,0.08048882706849327,0.298012010088942,2442658861408968e-21,0.5518060301841795,12961995795816106e-24,0.06968650494308032
4286628237485812e-25,2726514987253681e-24,14935413047405065e-25,27427171713053988e-25,0.027185202736798697,0.19262234840375633,0.02844344783985587,0.2515549861484216,2353810644000951e-24,0.5001940051258915
11471583208810011e-23,15423161750431256e-25,9749309805798076e-25,18142325766056703e-25,0.4088178705361302,0.0989766116674447,25492595604499795e-24,0.3296594226713442,13068492049585899e-25,0.1625459492784627
11083061814499142e-25,1330333819520913e-23,454666352215908e-23,6502244405761874e-23,0.04957417609783959,0.24645179756559144,0.10772864657296624,0.19370803671593403,5554798274947848e-24,0.40253725351145214
0.00018171888272811715,22481048984136384e-25,14178476089090856e-25,309503085120234e-23,0.4609166204131031,0.09335298710792006,0.00814899822960117,0.2084538753931241,20092116577312734e-25,0.22894579120322187
0.0005642914749901197,14735292813629108e-25,9465800189426973e-25,19563193398383814e-25,0.4717110805294024,0.08998541855991399,48140967938459585e-21,0.2418721160457216,14583990345743792e-25,0.19581894658738766
6144793388198716e-25,7897327091748373e-24,40476378122193804e-25,3685172530744095e-23,0.03240028983823281,0.3223266963378664,0.027185171614598685,0.3121331600161896,31996003035844425e-25,0.30595462958237124
11990965638442748e-21,1128422697393249e-23,705894978784556e-23,22922801460940952e-24,0.31042174570018416,0.0850015462028596,5828449086529534e-24,0.40033497594564293,9010059254641844e-24,0.2042296850810143
3445981037838133e-20,5277784952740104e-24,0.3717262144695432,0.2088607278778311,0.21907065660385108,0.1988119939992165,8331405633737607e-24,0.0014958976564233444,1504844479282944e-23,2092442417788665e-23
0.0020105625293070787,24014489139310577e-26,0.4027138561273808,0.16189190287004068,0.2574001589265406,0.1759831668707823,5900885172607325e-24,9303483980958263e-23,17033340113844845e-24,23646643991403556e-23
0.0045003081279196226,2514330422522859e-23,0.47245754175101157,0.17785758982754463,0.18643841952691884,0.1352978110538611,57566171828754e-21,48390483145081236e-24,0.015160963790941107,0.008287234822677328
0.004781670651125322,9836640996201822e-25,0.46050059079906003,0.16889357981171776,0.17172730257014826,0.12388256186834135,16593060279202816e-25,8812325534742006e-25,0.023540390801451073,0.04667389997395458
0.003872277291672891,15197729295827838e-25,0.42798156203163346,0.13209632239956812,0.19245617526978626,0.13807132921945325,14261943681650535e-25,8683085537568874e-25,1343014071618804e-23,0.10552231654339929
0.0034708071157047377,6154251905317778e-24,0.4168538061374802,0.15114261469827778,0.21006545663880677,0.13547847720854012,6894004378736126e-24,2959704567110502e-24,6415127959825012e-24,0.08298881577808855
0.0026806075549973005,21705980857970657e-24,0.40139606556664886,0.17712937753537525,0.20877833639277327,0.168085102556117,21127074167409655e-24,1366979366882141e-23,11391564470177994e-24,0.04193044249968105
0.0028023080114213316,14642823874777656e-24,0.4061550176433464,0.18204629003965853,0.20193709467982932,0.16778042623746312,2859777853504638e-23,1744793829262685e-23,5131208922563682e-24,0.03927879756802848
0.0028701985193903927,17518815961227844e-23,0.4080606534811441,0.1863045553244755,0.21421671418892213,0.16250032575792245,1538109133598377e-22,13517735624761824e-23,701571473182336e-22,0.026047018394593113
0.0024512343275936914,30126431866399365e-25,0.401460052195851,0.17569901115099915,0.2347057101256345,0.14875575980226652,39981942191457425e-25,1217207165168689e-24,6979633410010932e-25,0.03692822347177515
0.0014306674203917367,1977684331789868e-24,0.3870494728176227,0.20778776566915844,0.24098954814013557,0.08892395872298964,11828121937189148e-24,26841391299069834e-26,5374323089966995e-26,0.0738185731017358
0.0021523010127419665,27432900870509093e-24,0.4364759773188726,0.21460179342800242,0.15546911861912552,0.11988640930025671,2848443441741876e-22,14370036357705444e-24,10269913868588638e-24,0.0714140634038853
0.0024049361103625202,5073766666785707e-23,0.4533139104144643,0.1672674517368732,0.16916659574071438,0.06585750131561323,0.021131871462356497,7723231364997437e-24,5427587473440992e-24,0.12085766933112725
0.002644698087725422,26172776866239613e-25,0.4674968224154581,0.1752873831712177,0.12858368181961832,0.0837504365956117,0.029089263257711623,6230262763395231e-25,3992561099067918e-25,0.1131477110131134
0.0036458480157451094,6788573307514635e-24,0.4873435850099166,0.17461202263125974,0.1269063035856688,0.09936572020845597,0.01968816365164137,17681284779177048e-25,10781136797858969e-25,0.08843834726246967
0.0028079781191276414,1002144982289522e-22,0.4962034967080293,0.21138466908092152,0.08900041831747939,0.09494445400584536,0.0029150737096311917,3327329202734349e-23,16325079208580537e-24,0.1027437602461588
0.0019502835174731855,7167540745480774e-25,0.47807945270547114,0.2344574230116517,0.09396601914244988,0.11012131752379394,0.02836042400197602,17806366949720759e-26,7074679664063046e-26,0.05306507913161824
0.0028585853660276833,4071846912264673e-23,0.5458281547022208,0.2290972227670137,0.07370302734596383,0.05125636565780857,0.0020924865078037528,9648279712376407e-24,36272237045175817e-25,0.09516410365935385
0.0019181875955563542,6562320832302086e-23,0.5132276567913097,0.22805041094713552,0.07230792101547807,0.052954557702685,0.03258692659619403,14075735610586555e-24,4806661262466595e-24,0.09895425484603762
0.0013778638819381764,7961336871565593e-20,0.4755276106029236,0.18279104172423388,0.20464975834242494,0.002101850419695136,0.11291124893482883,24045802699486345e-24,9413252129381631e-24,0.020560979266152954
0.00048694843572230515,0.025224684248251347,0.4679354837411318,0.1260691099520806,0.28733881552983187,401280292804718e-23,0.09294494658034134,11615204163727586e-25,5908122556588881e-25,57477012123170695e-25
0.00015818750515372843,0.0487182687881625,0.4742537788068854,0.13875111066653997,0.22736774345832805,1273443359638542e-22,0.1107504563565824,10222264495548141e-24,32375211087300743e-25,31361422752139213e-23
0.0007985932446037921,34026416068061697e-23,0.47807369360605784,0.16939573559949547,0.23162454286549888,45403835246857744e-26,0.12010709297255075,14228251942116223e-26,5895423947925208e-26,7921909377095586e-25
0.00021764058812089664,65948376546212855e-22,0.44868016042923864,0.19588713411017908,0.22848061541516024,37139737508637567e-24,0.12672775615891926,13634068417093542e-24,494172823498349e-23,4274517857751743e-23
5134497853360863e-21,15404045893185167e-21,0.4129754560170048,0.17932026045451077,0.24891156618946333,26515427422899674e-23,0.15877172211094842,4466628611231752e-23,1628448894820041e-23,13057923102117787e-23
0.002788662361229125,4394400682766735e-22,0.5017891125059586,0.18443586867946532,0.19538928582395157,9197725369624127e-22,0.11559564441613364,882565290918541e-23,34275110431868423e-25,5474723836828938e-23
0.0033972801265946804,12916511527702944e-22,0.5202230995138062,0.17599449750675722,0.20061053812102056,3782479254644592e-22,0.09977267315812223,1948083041421054e-23,8624597164251813e-24,21356886722125318e-23
14035543009971783e-25,0.044718411665007216,0.005790100397037464,0.10233217686751325,0.20156054211566368,0.17891710912987915,0.4037722639352942,7607731267003888e-24,0.06290938158994161,5288184886946744e-24
31460546907528595e-26,0.04220954289747105,0.014679283647878598,0.1017153747775706,0.1925348059495196,0.16462988469565387,0.41522126739581755,13936002034892783e-25,0.06900983783623503,10916330438129546e-25
89734856701901e-22,0.05754723300224754,0.06713695359792643,0.15649182398345585,0.057750741392091555,0.15030016319526082,0.42384686329521376,2436176770588234e-23,0.08692616374638241,24452165144298795e-24
16043022603921478e-25,0.09350541569612915,0.0566939913202021,0.12811177551921954,0.09749236197720343,0.1416887060388934,0.4002588388183189,25162004777123085e-25,0.08224890550823181,10012948986557118e-25
130149183485424e-24,0.0801867111217586,0.07797747655449803,0.11505635811127178,0.1511528964528325,0.09931621822134275,0.4039951305657974,16507691008845888e-25,0.07231520589981613,12916573615405686e-25
7760659551766738e-25,0.0488485208970669,0.059834414924434386,0.2704985640886433,2897494983847898e-21,0.162091768234374,0.42063258639763196,50790284534896255e-25,0.0380912371661952,4941587458258378e-24
5523510312922647e-25,0.012598048386809562,0.06988944483499011,0.25762959102841476,44896365106321844e-23,0.11493724716614695,0.526527939955705,51583156644819865e-25,0.018417268001521277,5952085891592926e-24
11948200254024707e-25,0.033411194110299754,0.10021958936324302,0.35673777184939565,20555022476269207e-24,14538720710672736e-23,0.47998431164848937,7497694231603081e-24,0.02964695150848672,6885754868478687e-24
11057329465713626e-25,0.08720313340536479,0.09219689665913265,0.384423516428914,22066029708542084e-24,9483065995919304e-23,0.43617614760086637,7733434080014468e-24,17186544504408744e-23,8304183282402603e-24
9286170255843813e-27,0.06128432455892161,0.12362820649674842,0.43226623983348583,133540343083513e-24,20735929265734994e-26,0.3828212284796878,35898505882859694e-27,20115310117763215e-26,4385865071286559e-26
8013318463213262e-24,0.059220786129084504,0.1300282376274709,0.4495026734249764,7709049998655725e-23,1147364216339654e-22,0.36124780334829654,6893335215515077e-24,28169411457421393e-23,11042314003085926e-24
2535052810580467e-24,0.05782927330598415,0.14015776893927134,0.4085718082480064,11202993417957865e-24,0.025321278137134976,0.27382597679968934,4109407105425993e-24,0.09429387081684444,5905739533103171e-24
17265833533149486e-26,0.11629354233607132,0.16317333519381344,0.47108752909315815,44543672677086367e-26,0.1300793333073219,0.11936612872365786,23050614387160524e-26,1302684012964044e-22,22719487979508665e-26
9413970306018962e-22,0.11520577996834884,0.19166973954271466,0.5020422147110807,5574432000933027e-24,0.056428072101613616,0.13465323863319528,22173620012510893e-25,31426094802189604e-25,27116063945057667e-25
0.0007382576586323142,0.10833305452415187,0.20076503966606749,0.5142388006916825,4216109804807087e-24,0.031566989789746584,0.14435783525028512,18022422015542094e-25,14615858604459332e-24,17852468159224875e-25
0.005574687334423877,0.028260322375691312,0.30599397117865434,0.5205573935674305,4885041738183665e-25,6440707124721141e-25,0.13961362403572503,9514476246723218e-26,18597349710430481e-26,9445345245313548e-26
0.007018659102617299,35189493477105885e-22,0.3559121447079515,0.4939859306044007,20962262137615147e-25,1024327171667989e-24,0.1430797419765423,4302244664414712e-25,6907806660804789e-25,4213669634230673e-25
0.006786290342143082,5789929982507563e-22,0.36679045104361313,0.46114578154186153,6999840575440358e-23,12527115548188277e-22,0.1652755411164733,10068345227736202e-24,14509609917102487e-24,9675501242437355e-24
0.0079064880972788,19007405934174327e-23,0.30462550897085805,0.3699069652862686,20970406959637298e-24,3679474122518639e-23,0.17157656971642854,7446477381743197e-24,0.14598420674171858,59014198383966446e-25
0.00405865702588464,3336912769463591e-24,0.19633513668812416,0.33326924834416644,32926033381732047e-25,9800347559064844e-20,0.3833798055586305,6440453999332538e-25,0.08285914094803082,686111469784544e-24
0.0030640559232887926,13804789571948888e-25,0.17193998770716046,0.30881078505931503,28741651440524045e-26,20442114821341348e-24,0.4520284827190869,30765745772790405e-27,0.0641566664093951,4083792545249224e-26
0.0028324361955457166,992294840947325e-23,0.2032676254648509,0.23592813883566807,15532230534680072e-24,27201999734676258e-25,0.5031142399667925,1052471594145616e-24,0.05485752933095631,978369624490125e-24
0.0033469165095086142,6290874889983001e-24,0.22728994504079503,0.20350929372161627,10616927205018281e-24,3411229788106559e-24,0.5042378267604427,7866418578650733e-25,0.061615995934605976,9296398586673915e-25
0.004001110771516988,6700456403075837e-24,0.33621684006925984,0.10032915988331738,895300381026091e-23,6297351628673673e-24,0.5594528654948395,976809637315911e-24,4860917248132294e-25,3664886956373453e-25
0.00011193675243771796,3099815160142452e-24,0.24784756960428145,18358568535060875e-25,0.4356519696979581,20045324100764444e-25,0.3163885131674976,9290049845415098e-25,10278469349071995e-25,18804434942472873e-25
25436829397579855e-24,10306870510879316e-23,0.6112551530279686,11744192066363843e-24,7721509332694404e-23,7746792817234331e-23,0.1623773144199004,5144622748462292e-24,18900712859676414e-25,0.2263672305847347
123150636696715e-24,0.05486471704132731,0.9451352568147637,97369342896537e-23,2587057260446106e-24,5531897316085541e-25,2075653754956825e-23,4387952531612139e-25,20111120126159254e-26,5492081487067629e-25
25274007332926993e-26,0.036082727654086925,0.9639157243017883,3899098944879789e-24,9552887191709766e-24,14449337027737763e-25,15278304875171248e-22,10692458612434501e-25,11987591518651637e-25,27958192644052785e-25
15746456119263628e-26,0.03654956073889469,0.9634489816262912,21742483789137686e-25,6210211134632262e-24,87154395165726e-23,14451135456838637e-22,7218028102374073e-25,7319733165481759e-25,16542007183221585e-25
32695088499463666e-28,0.03681999551770667,0.9631799926581919,51156970552369516e-27,2146030291285465e-25,4269246435965058e-26,11436945569134494e-24,1658045951629108e-26,13187487576766785e-27,4574619356928173e-26
6217129904983755e-25,0.029958836623418778,0.9700325664362613,14840510189463032e-24,991026089969817e-22,1993890730304282e-23,8446903009507035e-21,3607116608895915e-24,2808853933198901e-24,9120340893119776e-24
8331864200667617e-26,0.07164093676931642,0.9283583904384298,11956336013134355e-25,36646150191425887e-25,4746252929018224e-25,6656613131809142e-22,42175101523591304e-26,28790722324410896e-26,10039204883385812e-25
12110904916772219e-27,0.07521596154823855,0.9247837214065029,11828475789585884e-26,45586540816210805e-26,55366137648081054e-27,3161901260928292e-22,4905371366763442e-26,406086945739102e-25,12091406123947735e-26
22842873415614915e-25,0.1318072575604936,0.8681919054760808,3557355625845186e-23,3426211130141911e-23,1725978356851573e-23,6871313241247029e-22,16677324572039398e-24,9726749726267902e-24,3495451068186036e-23
0.00014369897683522205,6584024616131237e-23,0.6188210826558559,41944993462869955e-23,0.3650271039966282,15814070472747255e-23,44324130001028144e-23,28380171943023073e-24,0.016006947744551654,5157376455808393e-23
3334929914904916e-24,13650314805400609e-24,0.1259380488063805,3037778000202361e-22,0.8740614511817443,4458597807357906e-23,24372669259933285e-24,9637611045402169e-24,8816875669953385e-23,12485751813794612e-24
3493932939513738e-21,27337920539265235e-25,0.08016149759757071,29329622720758785e-23,0.9198286859879357,3987843755099492e-22,24780812444291944e-24,4472226082772657e-24,5590843029155829e-21,7570940188944054e-24
0.0005814582045663257,2503973350824997e-25,0.41414498956658585,2419536055053581e-24,0.5707240266272207,0.014548705761711803,816551546876959e-21,2526303086471595e-25,1189806049292491e-25,2470267519705079e-25
60397533417629455e-21,5077260539128219e-25,0.31548680572118887,159649551462797e-23,0.6844489131948555,38742992591328125e-22,5951794130294914e-24,4843165335203881e-25,24098701413298775e-26,4715379825461991e-25
0.00028933561051537626,17790652602040757e-25,0.43306788380164013,36202431600488458e-25,0.560790079265956,0.0058521450440143985,5469010068268279e-22,14506664389252986e-25,8805408920934509e-25,16463453696921466e-25
2085180662075128e-24,6338557100262226e-24,0.6510806894370197,9848352034172828e-24,0.3148982793281881,5342675208179681e-24,24121567879498683e-23,28508725776815066e-25,0.03402075868896834,48639265262576925e-25
6037912549369733e-24,4477970970269412e-24,0.7663094262505369,11009459183059758e-24,0.19008911844479462,7283945067296256e-24,18335760569838552e-24,25051699266167108e-25,0.04360140179940136,3854227471453526e-24
2101965732144841e-23,43853308679903276e-24,0.9480543231716994,11650637006044209e-23,8335931817079442e-21,4274387151719186e-23,2750098850454698e-21,3847653621922963e-23,0.05193428936538339,38832654897683436e-24
40105656959496796e-27,10218314445295964e-26,0.7334568921795859,36656207831360416e-25,0.221403735447004,5953577472407955e-25,5169778724208428e-23,1226816149578836e-25,0.045139316040126054,10955541452346332e-26
18338755771084767e-26,983386644032497e-25,0.9410290486546619,10533493595847556e-23,0.05897075125624087,4708717002888805e-23,25854559004967855e-24,10483940109357306e-24,8324635751674724e-24,27221320555854538e-25
0.006315458223520268,5950365369032869e-25,0.5441760708459261,0.2543252968753056,0.055852533597425834,14261404950329528e-21,0.1393163763986354,5132773398974514e-25,11640400615399637e-25,3820504184769528e-25
3999904156758305e-21,56550014947424455e-25,0.25460386297761944,4999528494178087e-23,0.7453920157645297,2319373958408141e-24,5560004586356235e-23,24950137041439623e-25,14425297693616744e-25,38465113083111206e-25
10074858571447474e-24,5706364778983554e-23,0.616863265818002,15083109701290438e-23,0.09248565250682943,5604411051401737e-23,0.29063474623768376,12122349195973516e-23,6363541105374328e-23,1587656235942931e-20
22229947365314993e-26,15903617976250011e-25,0.5902245640915718,4174333387683428e-24,0.0870758275943499,13633073100317116e-25,0.32269640046838216,3813819033564728e-24,13316147085088874e-25,3195349732894839e-21
0.006138050291045851,7480976043475283e-25,0.49528226430702527,0.06463895611086866,0.1353589187350977,2984634657066343e-24,0.2384590227574837,2627396511784026e-25,0.06012278351776332,2852798552438213e-25
0.002091318879556273,23954164776716714e-23,0.3854295203878372,0.11766311265011217,0.2038774066915809,36172290513100375e-23,0.1582182140019077,651198481334663e-22,0.13271970790211546,53102489958126495e-24
3353252321911406e-24,2271130911550804e-23,0.9054500708634555,3563872840739946e-22,0.0016668040674920064,5536777644801014e-24,17577366908553285e-21,20272457570111054e-24,18392959304827717e-24,0.0928651213708975
6765554563249595e-25,6567042864813052e-24,0.994984796410024,8581406026401451e-22,0.005014224773035402,13051409662187497e-24,3184932763219669e-23,2173888834541865e-23,101483307172597e-22,3677844664342228e-23
18255768841335863e-27,5239262492308188e-25,0.8692836749621636,5704459223317161e-24,1383526536845831e-23,42299476578888144e-24,3518018417689895e-23,5932232087590751e-25,0.003688313430071204,0.12702791345303652
2571282102467305e-25,25970272380585403e-25,0.8811810067292534,0.04794081066249607,0.03003675259440284,0.04084140154296847,8769701879253873e-24,34248340079932134e-25,9639338755621535e-24,3782929842183407e-24
2379985811643431e-24,13814197335309624e-24,0.6923215490737685,0.04739186160975687,0.11256563228121423,0.14772085430734516,36010759525851795e-24,18559767084311486e-24,9748230120553037e-24,22220172676602293e-24
22276570423044323e-25,32920240572562724e-24,0.9180857084253874,0.07058325577955873,16152202374534914e-23,35948746112813725e-22,0.011326816604313348,6380752068579119e-23,22742631670921129e-23,13641591704659971e-23
10237673643722184e-26,7492533326471306e-24,0.7992572450806702,0.024271035231363706,16822527517047255e-25,3413881363006514e-23,7923886568749953e-23,17942427016142658e-24,0.014736298887463905,0.161735280207279
2915430059579868e-25,5129635524447101e-24,0.8041563516238233,0.020751370972368212,736895509271718e-23,12167549981431015e-24,30755232252582242e-22,14915895531228885e-24,0.010629207551531324,0.1644599544550803
2549271803709431e-24,10060146823861116e-23,0.7761141208857207,2368557618061411e-21,1081270223932114e-21,40659514918691855e-23,0.043964126280151984,0.006336648907901229,12711493440463522e-23,0.17358101723764183
18798310460213076e-25,14884420793119184e-24,0.6054956755846768,3760308843776324e-23,0.1783647487610724,10542122713261097e-23,0.21613930576605983,46014979203435644e-24,3916548739064914e-23,24919777550401876e-24
33661579498095397e-26,6262815751482204e-24,0.5380904378772976,0.010129194696116754,0.20454935246509134,2126934959413108e-21,0.24722883202148052,22685091091243534e-24,11480815870899195e-24,15239781906991117e-24
29994001175008416e-26,23747296094098052e-25,0.589849283750189,9440759449540849e-23,0.1847082653034681,525836968883284e-23,0.22544233701517735,6616611229981665e-24,1869095916175861e-24,3104808707753669e-24
4071163961729286e-27,10129422405084842e-26,0.5837320097554477,0.029859142420856587,9945350944390161e-26,30496184068850185e-26,0.21272629744956417,0.017862209628881125,1451753489290103e-25,0.15582034009028117
1263540477847636e-26,14172082581384792e-26,0.6741773518061132,14988896199793175e-25,0.27799510572921504,5995253990355799e-25,0.04782753969009371,20397325237771767e-26,8003043763777017e-26,23787633058006113e-26
10945726798717155e-25,2408009135597038e-23,0.9999987511463345,9252159382910618e-23,6497880631369436e-22,10754042063024341e-23,2835119662140092e-22,4657427683450575e-23,17938282085753638e-24,25806921343413367e-24
9461751458798631e-27,26028772584852584e-26,0.9409510437639628,6468682218673495e-25,0.014157320031316933,37987484051591597e-23,0.044891249801084686,4703398410616675e-24,1687200175409466e-25,7416134243211981e-25
8947593329217133e-27,4719076001989603e-24,0.24020632627842284,5011701728895155e-24,0.5311353448463487,13970899318302624e-23,0.2286581731162166,3434914145756095e-24,7489489558188637e-25,21263213806043895e-25
11038282566980651e-26,7537367559699889e-25,28144838272583563e-22,10884953452953005e-25,0.6996104061473727,30530303902136674e-25,0.300386772224328,9940457818009626e-25,5039651176773457e-25,6411294338035593e-25
9299779453170868e-26,3707021361320966e-25,24981778835100285e-23,7122014072383365e-25,0.7239015291937517,30851622957974262e-25,0.27609821590208544,343840667636311e-24,17938528469242325e-26,30166272049916673e-26
10361547573306964e-24,10043303555880564e-23,0.07086765037075317,18157601946845663e-23,0.685703251094212,4967852832670732e-22,0.24342807529828536,10547115676361286e-23,3559021372269263e-23,9301946632430475e-23
1030016023352524e-24,12024551270853852e-24,0.17885817922306116,0.02668567935111649,0.6111996030113004,1973921327679754e-21,0.18325450449976258,25699795582946765e-24,3863779026815524e-24,17376244519271733e-24
37696173469696226e-26,25125258585604457e-23,0.2500872094723895,0.017814724344044183,0.5622752816826389,4002643830263092e-21,0.1698169716447451,8791586799898547e-22,4110412062718609e-23,638319973571237e-21
36581823282619294e-27,5310980301922179e-25,0.3176058623592978,0.0874468069893557,0.47010781546638647,3886986602751342e-21,0.12483562530350698,12994978788777363e-25,18022377665847576e-26,8475959079954734e-25
3821765527797562e-25,3770058073398891e-24,0.194204195829403,0.07097879556472816,0.5619825032264051,0.002085693093445251,0.17074878911962296,11991289908832444e-24,13482169346797157e-25,5675525303146664e-24
881564534952995e-26,11542103551194689e-26,0.13391942012219138,0.07591741833465677,0.593977964419644,1390536903518622e-21,0.19618377778642454,27266662244691295e-24,48907941621281506e-27,1360365675349032e-24
9670222011506407e-27,868484547679691e-25,0.05732184830969165,0.1267909273867753,0.6335312270907266,1219365483863755e-24,0.13092439774950465,0.05143159786204838,20600819411720545e-27,26477156014678685e-26
8512322750802656e-25,4808275388442613e-24,3917630888523058e-21,0.2692645451011,0.6931114370504663,5100933074175669e-23,1049299577629026e-23,0.03762001936060781,1720901693981699e-24,11973456028339716e-24
15595133372225191e-25,16765243690395502e-25,8803795978960565e-22,0.17491403148808876,0.57922638544889,0.04794409477350373,5624132832768565e-25,0.19791460180410209,21215842746791446e-26,20957118838137932e-25
2173116828994327e-23,8405067162966952e-23,951984315234449e-21,0.16647507657553098,0.21687803293090407,34066870454706194e-25,129644896258041e-21,0.5326522667069288,21319896430582363e-25,0.08399343083693046
14732311867075632e-24,825655909638755e-22,27014449091088493e-23,0.1434027261060677,0.1782487419583144,9094603603997118e-23,7148250603854936e-23,0.6783479232924075,14626073003946503e-24,6414615555756098e-23
575524727471162e-24,36412413681285115e-24,6036763882400986e-23,0.18808191836079344,0.8119162917633872,14269744401329055e-22,20284372172888362e-24,21653249911936564e-23,13557418758845724e-25,27373330839569398e-24
13658241045816179e-26,18710603225933172e-25,1876997667814433e-24,0.18816227237006852,0.8118361514698826,15676882994565648e-22,1048379701340152e-24,15100815274085726e-25,24543805454709696e-26,178508280535906e-23
28813270809755314e-26,22173336722219473e-24,6514307539903432e-23,0.08688899923375783,0.7546494033597376,0.15846137881749192,7158096294282472e-24,3766434380255706e-23,18723000321916305e-25,842900348699064e-22
5762610546420507e-25,8679128122055263e-24,36489376792541168e-25,0.10684737600470541,0.7581100281764732,0.13504243479706554,474931197679081e-23,9142847024677971e-23,8497861354701404e-25,5109005539754506e-23
2005618971249169e-24,36356376013290674e-24,5451313275451144e-23,0.17764949453984472,0.8223495227102346,5615317534646861e-23,5949398670655239e-23,3454937311651217e-22,7895039657469108e-24,4208383519336132e-22
6892231668622208e-25,897882845694398e-23,9358124481283083e-24,0.16852044632192367,0.8314788331630399,9231205042685558e-24,8639063253516045e-24,8486917605651366e-23,2519922181900819e-24,5962298414923366e-22
15493672753387818e-24,12633579651207864e-23,32791415871551724e-23,0.11040799862039066,0.1295570196656841,10932416915862785e-23,10014101682249009e-23,0.7600327822017388,10969589900017227e-24,15093341943117382e-22
0.00010419446704681714,785723363374751e-22,8880813846232946e-23,0.1428322885982961,0.18871079201054938,4497104818166123e-23,3206447807306136e-23,0.6682017834503178,7627611337493156e-24,0.00015068943089935558
2819978653875754e-20,20975381332051345e-23,8673022641506934e-23,0.12955730667456142,0.18291431644817924,11325861205331217e-23,15567305738271555e-23,0.6874989438331327,15404177689350168e-24,652437404167757e-21
31653505730629566e-25,0.00636850963743135,4453477257968484e-23,0.14206433720120126,0.016572121088595345,7458474649827875e-24,6103582237369473e-23,0.8184676161221666,12937349367678874e-25,0.016527298462447052
0.0011935518484008235,19964847340522084e-25,22793417734745824e-25,0.08162340372144694,0.5988896030739851,13155695247456102e-25,16986746783000546e-25,19078537816733794e-25,3790174187502613e-24,0.3182934283680691
0.006420052124079669,9738802223024718e-25,1023981487066388e-24,0.0572440716689304,0.4299725286073413,7179773864609925e-25,7804431345452745e-25,9719621272637442e-25,1856823347035189e-20,0.5063447748939205
0.011741267139801309,11441040002737608e-27,1670344424112987e-26,0.02504367501475308,0.27001546507016777,14187051758577492e-27,2797493489067086e-26,22426151295610274e-27,6249220625435153e-24,0.6931995864334317
0.012982745821818749,5015179602026405e-25,5055678813076815e-25,0.019594641629065112,0.2534536302974755,23929679182149654e-26,27591511776057237e-26,5087442832462654e-25,13667883765547307e-22,0.7139676134323028
0.013561056490159562,1506608172976617e-24,9961700731919944e-25,0.020090034346986016,0.24511791112099718,76236611990403e-23,12999679617022323e-25,8443317953194489e-25,26951039876628566e-24,0.7212309656813732
0.012727470459190652,19892201705567174e-25,9917929789423276e-25,0.038744547366280364,0.3806337371046678,7841781301221094e-25,8599348706010933e-25,12537650116705066e-25,0.012891910272480015,0.5550023289196642
0.01296762075728337,22493731992703274e-24,1331351275215029e-23,0.028025943707375697,0.35720677306223025,14455698206546152e-24,16864962937051563e-24,2230726994031081e-23,0.007190742839175994,0.5946088301981147
0.009219008482897237,8296578547211167e-25,4721466620991779e-25,3538798233816486e-25,3922675928849173e-24,0.021964208234567576,0.19832045632608244,0.326696329311477,14756454408646402e-25,0.4437999905909105
0.008956951029790128,4972849977861608e-23,17405179840068805e-25,3017046131864585e-24,2032092731207122e-22,0.06416735077469088,0.1962493920582999,0.29399287586122125,15028908982720643e-23,0.43663302229157364
0.014972935930866573,2449082335819265e-24,15881913591475152e-25,0.02165770290464405,0.30553653225946914,13671111163306739e-24,23613744069131953e-25,2982557807039779e-24,23150620341269677e-25,0.6578328035376536
0.014911184567947895,6398756660872195e-25,40113560493746007e-26,0.01493100787374345,0.27859099628795647,3286329511517564e-24,5546700488493638e-25,6448125142721447e-25,6142418794875154e-25,0.6915668051292889
53685238082622886e-24,29602192305762727e-22,9947651960217143e-23,0.23769255525220834,5113964666708959e-23,0.32721072113175326,0.05807584818231697,7610242717505732e-23,43328264284632347e-24,0.37701759148239394
4929637124807655e-24,0.039908139663924515,11985587291273577e-24,0.19651742251483423,24621946552474448e-25,0.2667979996547015,0.06144596447857123,27120715940696488e-25,436088153682489e-22,0.4353304079896553
4433616489523064e-24,722643501804144e-19,16706727447163755e-24,0.247954015442463,7542354468397154e-24,0.3334403095372356,0.022214984067873027,7067744827285818e-24,52839808782345075e-25,0.39631838556733545
0.013278137057299596,4046053155966109e-22,7494160932880878e-24,0.004743477186255223,24656635033520197e-24,0.2152332579969184,12255400902164837e-22,17239788437402476e-24,3850241049742735e-24,0.7667434443699542
0.01346667797468354,42625145105027767e-23,51906624380555044e-24,676580771688073e-19,21496828791918825e-23,0.1890954868024142,15121117136224444e-23,8916376161984099e-23,4475586592918516e-23,0.7973691988885601
0.012488891748354044,3161866186124701e-22,11975439861618488e-24,23774662882541025e-22,4272733301044942e-23,0.16251829736336762,7474106539429891e-23,2186797849817459e-23,8007026066250449e-24,0.8249899579163593
0.012400318499711604,15505284869697194e-23,3738722197815008e-24,17018541536221246e-24,3320622656234014e-23,0.13161436794717793,20054788487797227e-24,954738677005242e-23,424054208025452e-23,0.8559850706940457
0.012646051972129257,4998057588694936e-22,3998558433376648e-23,3461220763003504e-22,2002535613027594e-22,0.12312367254916058,7775619460530164e-23,9151861099217517e-23,17199264566153304e-24,0.8642290028381736
2155266876379372e-25,0.3858212815013048,4248518040719871e-24,4336250886359961e-24,27267817951599517e-25,1133323171724865e-23,4943860653997846e-22,17876980625467944e-25,11545053295433525e-25,0.6141781983098564
3735894926704745e-24,0.14404540572686034,32295548132274052e-25,18495003619220103e-24,4126943525574226e-23,0.2764564447487182,0.06371034413687045,18994509550931396e-25,13222274230640767e-24,0.5157877235359503
25009876736790064e-25,0.08734029014751496,5758815373542337e-24,1459104983872776e-23,23905132888440484e-24,0.20726674718604138,0.16450475374010662,564571079540294e-23,10197735930523496e-24,0.5408881463268491
1269559275710023e-24,0.032826467550371,3549243576308958e-24,7904346680256936e-24,7731866643159894e-24,0.11076588183224262,0.236643472872447,32900315630514234e-25,1742362406248586e-24,0.6197641522556523
74264540516477245e-25,1869957936845061e-22,19255019799440944e-24,8151552454571252e-23,6341020340395154e-23,0.042893954522033775,0.2651766394651094,21435188897206206e-24,27346546128478554e-24,0.6919289986280838
13114282500595226e-23,20484842002113536e-22,23992372403690976e-24,12997373404486767e-24,11256142532180282e-22,6812601957444845e-24,0.3091644052776595,16480666432492186e-25,15061581227144418e-22,0.6908307378725884
15544086095546845e-26,25933428820697937e-24,1220091654998862e-24,22558685778929885e-25,5818220362237637e-24,64608079096447e-23,0.2968021160711876,6522883551330493e-25,757103376981022e-25,0.7031978471718927
0.01835436532761694,20645218586858063e-24,1781336495317292e-24,7252108878684254e-24,36777835165713645e-25,0.08575989897416497,25076805865601455e-25,16942847644982995e-25,25085337316630103e-25,0.8958856956311769
0.015075693779075732,0.016538116499460357,16398235106732878e-26,1216343858578836e-24,3062661518473665e-25,0.04582353753603313,2700622509551272e-25,1611951483961764e-25,29267998836364983e-26,0.9225626497749063
0.017703133028182154,0.06879921197223579,9816759583274857e-24,25429854728733368e-24,12674284768066735e-24,8158684235814288e-20,19207192285357164e-24,8552425325988456e-24,23444654577569785e-24,0.9134159690319507
0.017962078489505134,0.03896418717118238,2766053018114853e-25,1987960680969567e-23,3999128666366517e-25,3457373699640486e-25,82515399607894e-22,31363061902194516e-26,6248971531437873e-24,0.9430736986234891
0.016516682727504808,0.039125494342334574,7002796721222321e-25,17109826464557397e-24,8168177317514126e-25,14861472723975578e-26,5322615813871258e-25,45193673933695875e-26,15198316873831746e-24,0.9443577879721307
0.01724522637655307,0.04245051715164444,29009340005773553e-26,25633929120306574e-25,3398386986681765e-25,2786002347968941e-25,5784505080661638e-25,3200943197679824e-25,2155515261155204e-24,0.9403042499459212
0.016081652977203476,0.022824452856736843,35229061455117054e-26,27784870257882244e-25,29272728003724723e-26,44270296116702217e-26,3292124045621497e-24,5671828683645322e-25,19538817601766492e-25,0.9610938844856233
0.01959176062031856,0.0303084996353114,10371884154116609e-24,7368933414188784e-23,11640979908306182e-24,10645154491670558e-24,14129671303361386e-23,15014341829979925e-24,21848371406167523e-23,0.9500992586062028
0.022111356768079456,14167375365113145e-25,9225422078093142e-26,5961078869916083e-25,1044192358760813e-25,9627689098069959e-26,7006306271547616e-24,2135138804572771e-25,0.09427437520690587,0.8836142584994088
4537689228353394e-24,18637884199252054e-24,6847460459257233e-24,8073575979305766e-24,8453888472819983e-24,14824488241241555e-24,0.17057068308573448,10075110968007979e-24,14590097793693014e-24,0.829429230874077
8988000434342532e-24,16318993483997284e-22,1236145126776239e-22,21030788148017543e-23,3608245103617142e-23,13363353832592108e-23,0.12804755083367078,1309646880382511e-22,12178362122998184e-22,0.8719489558396969
38570146353726187e-26,6062002544260404e-25,2756621285690754e-25,3029179792407543e-25,28966416333415074e-26,3365936040326614e-25,0.1551153190474593,38261441749475306e-26,5391710659922565e-25,0.8448846778340152
2983294032878593e-22,9220869276837603e-24,13731736147099038e-25,492517745502671e-24,16442435158141942e-25,28706709369406874e-25,0.19838329089460993,5679402571804151e-24,25386247304870583e-25,0.8016163869542907
0.0010146629580939418,34041845081432895e-25,4347018135567801e-25,6470948839757817e-25,38756074043122393e-26,5277275545170576e-25,0.2144784861411965,14555218182773749e-25,12916377137560678e-25,0.7845068427522771
0.0007372284071514868,9432964245849696e-23,6267647475694399e-24,7702874017201552e-24,5405213917436812e-24,6269335328786938e-24,0.2075556255193467,1539690357897756e-23,2110118453990836e-22,0.7917067996900404
16693135892484662e-24,7311965632737965e-24,5443236934251203e-25,10406962598865983e-25,1989854590371187e-25,10205727913632283e-25,0.15384121148865376,5094920684893475e-25,1943891927209372e-23,0.8461587417532364
2442513585613416e-22,17596230741405674e-24,9653410578250724e-24,985282055757365e-23,9962988051651885e-24,10062384590030941e-24,0.21550286612097078,2744778468203003e-23,7061373039154257e-23,0.7844967344381998
8097785942232699e-23,25729084124529984e-25,1152776975240533e-24,12559800628731026e-25,11488242078719194e-25,12129977052069687e-25,0.20009343091358375,31676324675016145e-25,31560179095066473e-22,0.7999033215795165
4044599658573618e-23,20060189427712808e-25,10523440960394234e-25,12026893620575207e-25,1071429291322255e-24,9980137330493842e-25,0.15380488134168743,34554555256155405e-25,0.026342911151541016,0.8198521572742358
0.008924828358107137,24897424884403942e-25,15418365922068437e-25,25190884933227774e-25,21163079590943883e-25,2501126480140679e-24,0.10467764914674473,7633834361768282e-24,0.21380730588834393,0.6725901978048783
25158009018135258e-27,0.016153865144375282,3792353342261479e-25,6793380776829908e-25,13395286222131233e-26,3847926150704541e-25,0.5546652947028554,27666232347907027e-26,0.07612339357480631,0.35305744478851736
13262861075286002e-25,0.001078529519863781,757431235519414e-23,10744829286521744e-24,7161197911319685e-24,6462012835446736e-24,0.6875748716894511,62419197670106804e-25,0.11926858658454736,0.1920779726943442
376998078858175e-24,0.1259401835913301,73712996787665655e-25,8277577647410877e-24,10225999980654032e-24,19743944906495954e-24,0.6277352855087633,20993234813172234e-25,0.2463244210084604,6179612552886659e-23
12816039902081929e-25,0.09267785692845619,4794727093393645e-23,32012456110947336e-24,4189209978632382e-23,11310237193996391e-23,0.67154979395113,1782145429342112e-23,0.23577188320217599,21186133960582627e-23
16372747111074403e-26,0.11434628449248067,3889302553572481e-24,8022553899565029e-24,4431929514490206e-24,1868116256183631e-23,0.6233348181957413,9943154285847685e-25,0.2623187877268162,7340197504585568e-23
20074744397309626e-26,0.18271613983773133,1809230494154761e-24,18399815759359017e-25,21548072666706906e-25,20495961825224343e-25,0.4620925879826471,10713326712681257e-25,0.35519126071423984,23447969650580148e-25
21964400991753013e-25,0.20405004621384418,23395189245687825e-24,1230484098048746e-22,32409110767782074e-24,21769374604945906e-24,0.3650195236775118,10993964484134033e-24,0.4309301424118326,738842149637992e-22
