0.005731262974636478,12660685400973516e-26,0.028805132586237785,978479108486291e-25,2406549661796746e-25,11121840666486944e-24,1387975734494746e-25,0.48077763700989906,0.4846859554440143,259246369523473e-24
5022683763326235e-25,12618541899249793e-25,14526341990892519e-25,13370849666300847e-25,31053518776074727e-25,3155590384667061e-20,12782262757342186e-25,0.09219448478913123,0.9077739485199687,18485414046299027e-25
2138551651078286e-27,8606420112529212e-26,6422725458418513e-26,9897399924282931e-26,2642930578668874e-25,16699525811573488e-23,6303006255525481e-26,3414025513885452e-23,0.9999997981489931,13654280290775708e-26
7882634527242356e-24,1917478710861476e-23,5264737861240021e-23,27478355496373136e-24,3615990146047881e-23,0.552407433908838,23144187837217207e-24,3876722911010576e-22,0.44759198285189594,29079493704145385e-24
5955795128444208e-25,11146271054503638e-24,5512823104402414e-23,12553329695756945e-24,2116072753910028e-23,0.30754432713723323,11082777980256955e-24,13565878564707577e-22,0.6924541901624728,14445677471863012e-24
6795266030624094e-26,12536806901440632e-25,7060045545483405e-24,12389962383806217e-25,15517725131178041e-25,0.252798145961891,8214840806103806e-25,9613176827786798e-23,0.7472017448754428,10371990758216424e-25
4153407535416026e-24,6132067421950799e-24,545122609019525e-23,5180950602526711e-24,3536710244964241e-23,0.28445306409557664,29230227859248285e-25,25738088824683504e-22,0.7155442978730902,5014675016692161e-24
12187242604869137e-25,476955294978201e-23,6847200327734604e-24,4210181722590245e-24,10415623617472058e-24,0.3267997737001173,40089546708424675e-25,3501655975451007e-23,0.6732001551158631,4697231508663526e-24
11045508611585388e-24,4950764791586354e-23,8055824152110463e-23,4335461552195938e-23,9875559172791841e-23,0.27448425976640817,37489832215259646e-24,9121236965436289e-22,0.725514464148758,4324915942467462e-23
12724684334331949e-27,18308897742983733e-26,5147484268706967e-25,3083908544442305e-25,2842926977445853e-25,0.441864864779871,839071568388514e-25,10564554918750215e-24,0.5581351231581854,1046920313223089e-25
522962493012748e-24,22675469380636667e-25,4040327434208445e-24,6695932138821047e-24,4156431337597113e-24,0.36428004809932135,19276436463163506e-25,82070830907934e-21,0.635719848228043,19933392885011314e-25
0.004394746604706048,20056370381380748e-26,1475494740973888e-25,6407883459667186e-25,15247933793871417e-25,0.9956052448702019,2712692846605617e-25,41566541319638985e-25,13609013992109654e-25,22209021469560077e-26
22499775653614145e-21,3496051549041843e-24,29457333720426e-22,9655425610079682e-24,29566995076832715e-24,0.7727977707505727,39358328530342665e-25,0.19629492961574393,0.03088474687106242,3386939098644601e-24
0.0029731813663032743,2465191763730497e-25,20364649077204036e-26,11711643107619538e-25,3343780141118212e-24,0.7389985049318148,2699666203107352e-25,0.14205722229809412,0.11597108578116622,38753995146852246e-26
0.006355537121713838,16733090682031724e-24,14004988460120516e-24,314096431582339e-22,16142614492159233e-22,0.7783685192482065,30001380101418226e-24,0.054359209866451604,0.1609149294481523,979049189197213e-22
0.004561555827280196,6546489864261518e-23,4800103914666978e-23,5433754595128289e-23,0.5418498731535465,0.4527514035932278,7239129994510044e-23,0.00010768517456320631,0.0007291342374413516,10782010531046361e-23
0.002177728264804349,4520373106656077e-25,37420098629658943e-26,41260007322667724e-25,3149943336535875e-23,0.8687736201093166,7085939379228592e-25,23562409915859958e-25,0.1290486108450431,12643616647070706e-25
0.004522346075936926,25867410307179388e-24,21052228112335467e-24,17824750831353802e-23,0.1671910268645997,0.8282764124667669,334797038709924e-22,14083771528969642e-23,9772585724996173e-21,425031608012849e-22
0.00412022129515257,62888902077960936e-25,5592286352895449e-24,12559828134124977e-24,0.17677167329464816,0.8137607608407854,8811169141385697e-24,12332885380721826e-24,0.0053472873752388505,1160889666584846e-23
4762039996312639e-24,11494431275576649e-24,12324196929406709e-24,7426721370101609e-23,4234188831870713e-22,0.9999991536483802,9228255885676117e-24,2918088974065872e-23,2683720961532959e-22,1329614848820658e-23
0.008108067082629549,1479994371754246e-24,12388738073951873e-25,5443929871973573e-24,0.08191897955743511,0.7784928527310471,8581401403923891e-25,0.13148008489732432,2554848496072106e-24,4155724395930653e-24
7373009157933454e-26,8664833064442852e-25,0.06885035802000243,0.3551576530172588,3417444979969288e-23,0.5759919369803931,9556547318148046e-25,862821853387916e-23,6256467265925102e-24,10273415703462018e-25
1994565499119649e-25,10374879177851639e-25,0.24083463181010886,0.0002119932249893856,0.20002998487911175,0.5589233822981704,11122001064916977e-25,18494101529634552e-25,2215566205853963e-24,13734517308735248e-25
0.0019949071140471066,37789047360878725e-24,0.39708070174623933,0.25214727026071343,0.0011140257354948066,0.27560043083698005,43649577205091126e-24,4066927048023893e-23,0.07206248823142453,53967120642899934e-24
0.005320517063579841,8189615360267189e-24,0.4816594896363299,0.2170240675033295,3926583498452649e-23,0.17065888355785128,8083359368702643e-24,4797537505007274e-24,0.12533697169376717,10208779832110041e-24
0.004400187747501155,5192164222718274e-25,0.46567763424310077,0.11967288294361947,52899996545481194e-24,0.4102492312307447,44372008389661805e-26,28956164655336916e-26,826199220668333e-23,14194055049386065e-25
0.0018597376225780577,5329354640839003e-24,0.3823975219250422,0.2330977227256871,8550254482029973e-21,0.3826364367694473,4117211682223539e-24,22116323643474995e-25,9413035114820024e-24,9631432749963933e-24
6397825876034676e-24,19138546289410492e-23,0.2609739640119035,0.2706144247488952,42145811866686943e-23,0.46841036541283715,13860861080298454e-23,6541204818868982e-23,19018328873356858e-23,23238234585000625e-23
3943098738349373e-23,31663607750978096e-24,0.2623812126815371,0.3045895455653642,2556904559941247e-21,0.43302649799187753,16626627750874562e-24,11644836895097557e-24,5442748175864413e-23,3306539183772332e-23
39079096811390183e-23,47044268303929165e-23,0.2803205521460376,0.28868683535633133,8372446653743832e-20,0.4309071450215267,2233734800330051e-22,18079890417000425e-23,13969301568512337e-23,3379105263026662e-22
743490949089393e-24,1707597521284781e-23,0.28209734715145296,0.22559270325030573,0.12658216964252225,0.3657277401790546,6377828974280071e-24,2573825671749942e-24,22378355331084826e-25,107677133829907e-22
16016839800786237e-25,12007744836238318e-24,0.2521712724271547,0.3934012623668851,0.2902690529107171,0.0641583691597654,8675636215454655e-24,3999999764475282e-24,34218154451046755e-25,13428449003741006e-24
2037224424019701e-23,18646531011134657e-23,0.31569222148412945,0.47845097916747353,9897174860881976e-20,0.20575723444420946,11838970824957302e-23,4946790664698739e-23,4833762568538324e-23,170123093028158e-21
0.0059703973369594765,13106533151231385e-23,0.5649337804051232,0.34015733773638346,0.08885774559699565,6616527391839059e-20,14237683901542327e-21,15739196212135195e-24,16762510203998914e-24,17239971086796307e-23
0.006250777479622016,631534464100271e-22,0.5840869060686943,0.36036825473475315,23310819626403321e-23,0.04880364770417312,0.0004899669332937414,12890748633714623e-24,1212623841092406e-23,12580049330130724e-23
0.007290288912222196,42855156800805045e-24,0.6055459155484743,0.3316411633829823,4554128603170571e-23,0.055522399371359756,8215348445008823e-23,9847486316618762e-24,7558297230372553e-24,44829379370554325e-24
0.0013286922720893155,4312767800917816e-24,0.4150788192020963,0.48953568182853824,23474380150818532e-24,0.09405642153571867,3365448023321629e-22,3939925330497852e-24,24624818310258206e-25,14427194654591649e-24
26346037809026597e-23,28442714671400133e-24,0.3353818987227086,0.5691980266345209,3602663311864351e-23,0.09541586704277791,3856203636829084e-21,5177865766539428e-24,23164588881023702e-25,15972638967791e-21
0.0016877450744388726,6533180791024144e-23,0.4608267176680372,0.5374851409358632,5198348180892788e-23,13360062329674456e-23,9579909363773422e-23,8949743480754717e-24,40860824537698334e-25,3657082203278444e-23
0.0015694938134320768,8194755459520373e-24,0.46385490698117965,0.5278671730074858,30907067821770133e-25,6267901393243047e-24,0.006708404858721069,8078857647214279e-25,34524220338292863e-26,26325230179955298e-25
20615270906909537e-24,3066370211264034e-20,0.3856074834124884,0.2741226596875652,2746380264841645e-22,7789424271194617e-23,0.340238787272324,7597528026902997e-24,2334298772628696e-24,22849135933973016e-24
37403714974148886e-24,0.2085082653132326,0.5137380973870105,0.016439655105730158,5111941600360085e-22,23175019803505817e-24,0.26131335962465385,14055017446037617e-24,7651869276565667e-24,2908937909618633e-23
6149547978696701e-22,0.1324754375843514,0.5278968960856252,0.0002313397821105866,11018072084779823e-22,5797209807389118e-23,0.33939444017561116,2364837225364022e-23,11708927305488953e-24,7628073287803664e-23
5700370339462002e-25,17925482448532203e-23,0.4560849464790792,0.15473342576404445,49302755978373705e-25,6202066574782064e-25,0.38918144148951267,2746588469921448e-25,12898785812419882e-26,4889915342971994e-25
3884163443919306e-24,27118614632877603e-23,0.3650890651196281,0.2831517315045955,5307380745049792e-22,12102818479402043e-23,0.35175820556188103,2274177141817071e-23,62793582730961354e-25,41953553599951775e-24
4110054362213619e-25,3153274363563182e-23,0.338421552675954,0.031111174377010588,20645794769401822e-23,3738580132435637e-24,0.6304670288006418,5311181296064623e-25,15168659174460113e-26,13234966268192e-22
0.004652442613226924,20861724478649467e-25,0.6546596843512081,0.034919235625771906,8142351471475873e-25,260572815398933e-24,0.3057686338405801,1319245049211302e-25,5940408326965344e-26,21685316396389263e-26
0.007257425138930317,21983158960614122e-23,0.7546353523870367,0.009578658092001587,17468378757969823e-23,5527259110348057e-23,0.22852800917927016,3199274425895306e-23,16989981822463637e-24,5643200077940008e-23
12614542954189259e-25,0.21126989424433287,0.06635620425345104,9562574175415086e-24,13749852151894577e-24,30232836051953087e-25,0.7223738706471576,10523993027012747e-25,8410738305649517e-25,13643980215698298e-25
32304404995132427e-25,0.1796672328166934,0.07154955955597458,10484625102994619e-22,2866031938702732e-21,1916081682536191e-22,0.7487789217172434,5531087854052181e-23,3746013822959225e-23,8380578965449335e-23
9367659372849273e-25,0.14930655033802692,0.03477572382066302,5266035081801683e-24,8261522366163351e-24,3304793851888545e-24,0.8159177031386903,12444929014005967e-25,14865187052599093e-25,22017119167547803e-25
30950730917946768e-25,0.46363990537694233,0.00413410062472614,16522718147164495e-24,2127422205696856e-23,9923841936227818e-24,0.5322259252784677,471783006782973e-23,5441705356779378e-24,7744851006635786e-24
32505462901398356e-25,0.5274044764427428,0.000493165478366267,1112976980478508e-22,8183356870056782e-22,15980960625200266e-24,0.47210137856365353,8032678740481658e-24,9895859795860973e-24,12720553493203891e-24
2999890115901074e-25,0.33286629707921744,0.04599929939081954,8799279978083107e-24,7190374185551155e-24,10042422352350959e-25,0.6211343842015451,46077834263655206e-26,5621741598243181e-25,10115752492103313e-25
11776322756046975e-21,0.17456043171609092,0.14490102537799196,0.019669697411463075,6253554739896187e-23,10470155491644985e-24,0.6608569700336082,6027675115207688e-24,70386022714175895e-25,13066960914731641e-24
0.005796264300590352,0.0002466193546533555,0.32810665887799423,0.20116001566612665,24727299125696476e-24,7051741389499762e-24,0.46469039008177493,469009147538547e-23,4891738188159343e-24,10358275213407527e-24
0.004274025617821909,0.1060100847462963,0.23884171330277118,0.25228456075535244,1642052499712908e-23,7957448326673017e-24,0.39858957360480984,40795877320815425e-25,3700371091616425e-24,981500491604365e-23
0.0023158776231825113,0.13142247977927443,0.16147164976680126,0.4116831497400796,4477611547968758e-25,1953179724611255e-25,0.293106842036528,9137599984047524e-26,8501838185695412e-26,2347199636791745e-25
0.004464044849350192,0.1020789428275795,0.18887461889626794,0.484226631750752,12116910277963123e-25,6287393546069023e-25,0.22035575856522252,28853092290920647e-26,2712431562890921e-25,7106295604489963e-25
0.013778615225169996,0.022907079592420193,0.3523007524240707,0.5311987116638451,8752166615382702e-26,4284591118435909e-26,0.07981484079773209,2462818916889077e-26,6856364921341976e-26,7330749287500538e-26
0.00459912712535667,0.14341036380335936,0.3354101506157155,0.35842858677249506,41427629366190235e-25,1647782677948184e-24,0.158151761806975,9344769893373228e-25,10441359624493652e-25,2106941144536791e-24
0.013799365635214078,1300213381633077e-22,0.6400021689006405,0.16006920541524217,7611130039848276e-24,5968107635425491e-25,0.18612911951028321,3117838063600776e-25,4854772966096194e-25,15121387848357304e-25
0.017309692063570126,12264451161074332e-25,0.7722040916495133,6033297709957227e-23,14096454182954701e-25,632195072724308e-25,0.21048615299799034,2557300918995768e-26,606886993106914e-25,17076325422673493e-26
0.02068052180012981,9053897447702965e-25,0.7832449914234322,1023928474140566e-24,4633183527970301e-25,9442162097261098e-26,0.19607448401843697,698422191865002e-25,7881893132771751e-26,1234716985826724e-25
0.019612590109919253,2069217512667852e-25,0.7808720503826283,6793148399268468e-23,7733198421339284e-25,18490644212755457e-27,0.1995152905283158,729432371806287e-26,19761371205346848e-27,21855165766082138e-27
0.017267439118974978,24523750950961052e-24,0.7567716846999339,24826037432864957e-24,18643979309037325e-24,5927550509340176e-24,0.22596078548014048,40471405150202226e-25,4142303421038057e-24,8590363029570816e-24
0.02198795193538997,25630767795308773e-26,0.544398327096458,0.022199463747673346,2416968824572939e-25,914054380788834e-25,0.41141425627833933,598787486279541e-25,1536450753194325e-25,13885832903542136e-26
0.020384724378304454,30196873705093774e-25,0.5647851007170515,25492210503912636e-22,4394678814028079e-24,12277175994135873e-25,0.4148276123009847,7349481970934198e-25,20166890287785206e-25,19886817786328862e-25
0.018679514407292774,26807833903083313e-26,0.5346402705086152,9909780354660835e-25,24499806778085605e-26,10275767173150603e-26,0.4466802130790314,728444801575341e-25,1556922347329953e-25,17005803052455994e-26
0.016841758843438276,2388124499675399e-25,0.5292183251978834,3878634427808415e-25,2181650921267854e-25,7938073578428895e-26,0.4539399146826958,6413494481239005e-26,10177741245192309e-26,18586583524471875e-26
0.025287792728961436,8389934141794982e-25,0.6706107552637335,12199792247617975e-25,8392446580256278e-25,32250651602569537e-26,0.3041014473072086,2438502464513033e-25,6325969527710541e-25,6028095164015415e-25
0.021958965608440725,5189716690106115e-23,0.6691803244865259,4590971110330023e-23,44053901772526206e-24,2792362579012118e-23,0.3088604724225144,1584195235110118e-23,11893279501735983e-24,3996289406556328e-23
0.017606574700080698,5439613500556459e-25,0.6385159849616227,30734646135951195e-26,11816813402235497e-25,22630783266606763e-26,0.3438774373219646,1469652173359326e-25,18790012436473778e-26,42217660665416374e-26
0.014448564129913027,8148515354098942e-24,0.9320174142953535,6014317497435855e-24,7908683785385937e-24,44751505897747005e-25,0.029950039531020312,19875126219124358e-25,18875237297972117e-25,0.023583951621727526
12207914416613684e-24,979207250738017e-21,0.9999985156441197,4780442421357692e-23,6460208755445613e-23,1858087120892526e-23,29974830292485426e-23,1487785974828223e-23,1261636307838e-20,34710732749990917e-24
1194969455575495e-24,3155138381767056e-23,0.9999999084931412,2257395939634645e-24,432033792568142e-23,7498082715664451e-25,4831433080915662e-23,6252950348598053e-25,5286961391282343e-25,19646085203215895e-25
7170163599706054e-25,15949146615908632e-24,0.9999999539700624,12143502990000687e-25,17696871891482401e-25,43505040167692634e-26,2417721692487924e-23,37654202466507907e-26,3132757412504248e-25,10775934256502846e-25
28878873790390896e-27,2652288297312825e-22,0.9999994945136284,3516156079916081e-23,5049456374214882e-23,3897632509912482e-24,10640523607628216e-23,16731849252304202e-25,5738728941662033e-24,36857737364850254e-24
4055113205425222e-27,28839129892353093e-24,0.9999999386846347,62848553245332694e-25,5304626711960638e-24,958004931581948e-24,13899887089477105e-24,40374804040844605e-26,72400656911186e-23,48970450218291436e-25
4641191790361083e-24,45621947857919187e-23,0.9999984755562057,8730650295753383e-23,18781195723404946e-23,358848977956436e-22,6555688171889796e-22,3891623076400432e-23,3622520758752382e-24,1236873906907315e-22
4507829812511212e-24,37925302809598015e-23,0.9999988165605993,7044759415757546e-23,13391916184874676e-23,28027255910804928e-24,46214961465930765e-23,27287222286210133e-24,25695882300940275e-25,1088743384143655e-22
1324772314796101e-24,8289889590665598e-21,0.9999914223845039,12968814894645394e-24,7078861113875765e-23,48659700490726444e-25,15308590740566904e-23,435041744810763e-23,3901053049329301e-24,3644039670655056e-23
0.001496534325799328,39645066041420535e-23,0.9985022200230913,4270152516624691e-23,13427634746965242e-23,11759625276216412e-24,6153390266701085e-22,10270573925787678e-24,1251005350969107e-23,22345582228952032e-24
4197076202692908e-26,11955136889533802e-25,335868295049969e-21,48315690591614345e-25,0.9999996504500552,7642115904279042e-26,7129279501958683e-24,9875160236581383e-26,50082779563159145e-27,2580496805259818e-25
6331542066255013e-22,886281146659683e-22,1565992272377315e-20,2761081831242529e-22,0.9999830777706674,7220432968666758e-23,6918058538829379e-23,3574095287584066e-23,3636259901557756e-23,5092761852148748e-23
471024082860076e-23,2462762434039341e-22,0.1770464305441175,5500927791322497e-22,0.8229514446338999,10318573193730486e-23,10954145155409965e-22,514334420510738e-22,9373264241595926e-24,6433586664268893e-23
3588753295939372e-23,10061428027593031e-23,0.0003749508355055693,9249268240909156e-23,0.9996245255568788,3295562577524427e-23,15668493366194076e-23,3683342500773533e-23,28567819894858806e-24,39571351023684166e-24
5141632581195252e-26,6964671243607626e-24,0.2939684414509347,3593726408249292e-24,0.7060315174527044,19572787374760782e-25,2594949777242571e-23,9792812332943165e-25,23790249097132723e-26,13626085792800832e-25
6079961615977231e-22,62932046831442e-22,0.9727243464105272,35155525056175294e-25,0.027275010661691183,18122206100820212e-25,12546680654087281e-24,1920138053691363e-24,6125575046310591e-24,27180386659752737e-25
0.0006268981603125002,22465063518211935e-24,0.9993701342890601,1520413713856575e-23,27939117834735568e-22,7936828178559618e-24,7705460700796047e-23,8324770138392079e-24,31571329987627295e-24,11082115216085397e-24
5097862510386925e-20,1443964693961363e-23,0.9999473701923629,14410288469004567e-24,7838566431376353e-22,6994781355715285e-24,14823676045459947e-23,8441729321028558e-24,6661478671404488e-22,8654813687461549e-24
1160225021802997e-20,18997892524965045e-24,0.9999752627287899,28237653440212942e-24,3993291470522013e-21,14512103192390503e-24,5022714965068976e-23,13927241052159927e-24,9001786525913178e-21,14040908458994793e-24
788417270485172e-24,14933695830171022e-25,0.9442385589496343,2389802745707788e-24,0.05576142898147133,4029001634342523e-25,33318269637125162e-25,15308876731111878e-25,9787972502500192e-25,11530820067758563e-25
0.01354812409848277,5453173185525847e-24,0.9299492617241002,10236963763847829e-24,0.05650256734109206,4613969758762819e-24,1348283479684442e-23,464983872496236e-23,504217398545403e-23,33573618280220215e-25
5814102258071562e-23,14243180370672738e-24,0.16544553118105984,26589390655134112e-24,0.8345541871944648,9105384976660947e-24,9385704308624506e-23,8082252861371167e-24,6499328624347738e-23,6612927744022281e-24
699737704147283e-24,12633030965948991e-25,0.9594099738037761,18131368432274687e-25,0.04059000543930947,7716785798541828e-25,12850100205293977e-24,13339655494103405e-25,8335344613191894e-25,11915056668626401e-25
8015513118187471e-26,27903895634995865e-26,0.9455228465620156,22584253246925828e-26,0.03319101933088741,8414538192730439e-26,0.02128613306618741,15316285555038723e-26,12330152597031165e-26,9673107090215467e-26
0.0192426290603499,22745769435500646e-24,0.9461776053122488,35079735294416515e-24,0.034579389477484006,5179258124752155e-24,27917892193192237e-23,14185374602186001e-24,8459270431250784e-24,11321590107987882e-24
0.01843067868383075,3879559516829987e-23,0.938148220939693,8905052348910129e-23,0.04342004839250072,24859070628730038e-24,6618296909787767e-22,18572351898070972e-24,20684880795458878e-23,1202798726710964e-23
29595889924892093e-24,5572544987366712e-23,0.999997567433064,14047679946979074e-23,19200091454822144e-22,2075318892604691e-23,14979226650557372e-23,28321996989754676e-24,402887102515937e-22,47603584675007015e-24
3636902662744059e-23,18353597092652393e-23,0.9999986179981369,4872651739812313e-22,32803829921259726e-23,53853884949738574e-24,9006839743908509e-23,49972085581489094e-24,8741166558586056e-23,6548731178512903e-23
57313025027832864e-24,31151391916444344e-23,0.9999932690445109,12119550116928994e-22,27859209309527523e-24,570616409094008e-21,11276180475926661e-22,3038807390708493e-22,27002982353241513e-22,4746601146824766e-22
6392155364415458e-24,19253125190409212e-24,0.9977556341326964,5890571713829776e-23,30238424944667085e-24,2599637768807911e-23,2475001867584541e-23,12617866946029181e-24,0.0022441728293263806,14884052386286439e-24
3419886316763517e-22,4847528662612626e-22,0.9889358807033616,8425590891101789e-22,6605383010940975e-22,5138729364461805e-22,4851281084104116e-22,2086733722970038e-22,0.011060313979636548,2678036741024456e-22
13114407473970279e-24,532410919979227e-22,0.9744134645693697,10055068098936948e-23,6027470596228043e-22,22614700858037718e-23,35096199956233497e-23,5706055553332294e-23,0.025585031877599276,9973029605247726e-23
2986983686949065e-24,16635331605558667e-24,0.9981783305039097,21978256050311215e-24,12576194053338631e-24,14881935331173191e-24,2377084669496533e-23,8626377247165185e-24,0.001821547357800324,20682709042467764e-24
1965208690377074e-24,8921194802429933e-23,0.9999899397895835,5389495454603371e-22,10935367057325522e-23,13845717557453e-20,25099496211916473e-22,3528227479250386e-23,6581386115562508e-21,556549761933407e-22
3038955433512905e-25,2742169859814463e-24,0.9999999477391199,2269805297209832e-24,21445449410484606e-26,5121646233969968e-24,16448419591807177e-24,13564451202435133e-24,6661804089703924e-24,49338937912270934e-25
34805615580902735e-27,4671293663007742e-24,0.999999894664806,6589950609823276e-23,5032375079913122e-24,17115891903377093e-25,16152715496674968e-24,7436512499219412e-25,10147600254722038e-24,9457591348282806e-25
21052192963479518e-25,43501267419288247e-24,0.9999901911407038,3858942914076476e-21,4780887167077725e-24,41241002643636255e-24,57595320013429586e-22,11059305388203053e-24,6595631152909232e-23,21740514332675456e-24
2290555939935947e-24,11457476580118543e-24,0.9999725133697185,3460156444719914e-23,16558202620574718e-24,9094615837735437e-24,27393002877779073e-21,6898445012804175e-24,6074226536480732e-24,665619914185698e-23
13557630837471747e-26,109934341448202e-23,0.9999997427324873,248212011763991e-21,5093665395311013e-25,1008210081387616e-24,36497442332893737e-25,6645999046434442e-25,6371134395752959e-25,135111646121374e-23
8688987342788835e-26,3621674938262578e-25,0.9999999556582119,4188668174727341e-23,5861145156739488e-25,24937887158734807e-26,5256380710208897e-25,17593464515695687e-26,20956548954824345e-26,25966749460809434e-26
11038306883626757e-25,51251723752891696e-24,0.9999976210783509,22465630067647256e-22,14460558690771914e-25,1472607598473741e-23,33066862110255946e-24,13891211469108088e-24,8599668398392174e-24,8273197928934046e-24
26586731007104783e-26,5887354578238387e-24,0.9999997701684101,1746419271616837e-22,3046243495850906e-23,1125462756252748e-24,15309700829949987e-24,10006554435098075e-25,42491691383597534e-26,7125702018772178e-25
2085023644586516e-25,26509083126684907e-24,0.9443625207251587,6269553266370017e-23,429398639926652e-22,5692327994579563e-24,0.05563733675656769,16434103149174572e-25,1903081039684231e-24,9262896270830477e-25
37172993568808997e-26,13652638752302547e-25,0.41610869810945433,4720311231716247e-24,0.26578891936618776,10982280233897143e-25,0.31810237296668314,6582583369570851e-26,1901807044353644e-24,34515162937362504e-27
22860788401585663e-24,3336147094637427e-23,265640238275171e-19,10081470929176574e-23,0.6858265613025792,7584275370513374e-23,0.3141465785678723,266092287726389e-22,13201582273320112e-24,23415657545984563e-24
17333792879898853e-24,11112459493513922e-23,0.8166739162182097,11942479545268948e-23,0.028923371954414537,22657517933378531e-23,0.15440208645831743,6552912838666757e-23,3185699852297549e-23,53524603803092697e-24
2996941239876895e-24,2307833690527164e-23,0.645052101209102,0.35492994435267505,17646355104049928e-21,18195825517061427e-23,3296771406956297e-23,3961117250423473e-23,4604080736480482e-24,2286662301977915e-23
70543875036127586e-25,2975203601138673e-23,0.7091734516554359,0.29082084820069337,3000911527912957e-21,13163849602585965e-23,2405962282157796e-21,7745819863192423e-23,5692192117536392e-24,4167475068386978e-23
2051948071961093e-24,871493225058287e-23,0.4418822478640461,0.558111587631886,35948188344083243e-22,12594522959484908e-22,11465169827254627e-22,10212906055056547e-23,19827620469450687e-25,48837257378185284e-24
23065540395888783e-25,45657731987095815e-24,0.4088564814366476,0.591126190569182,12337573130152494e-21,3314741082274969e-21,1247733179241622e-21,2714677307898019e-22,17319445808547427e-24,9119531654911575e-23
32483927751525536e-26,16465562966477582e-24,0.4686215656176689,0.5313670902991066,8690346674147419e-21,10728920300340637e-22,11428559461836412e-22,37324316097046423e-23,57224986465599726e-25,4223251751879969e-23
34932939913340486e-25,10629432113730893e-24,0.07578118953668606,0.763834234940684,0.1603843876341045,6394438366289808e-23,351842761637966e-22,6006240123230172e-23,3262644378879806e-24,11311567308804856e-24
15153843892631716e-25,15709018485079347e-23,13979023521223076e-22,0.30480464518191674,0.6951869610926837,16289098928902195e-24,1109281205982348e-21,5468793643831245e-21,480703904947074e-22,1947831381668755e-22
9579579274281605e-24,992755612464578e-24,23297269215209646e-25,0.14615410958902353,0.23745411603532954,3727952357305731e-24,10336058348637616e-25,0.6163917561172427,16782140220880483e-26,4269730911213234e-25
0.004628545337093174,37176006737567296e-25,6395020531343285e-24,0.4065479857872108,0.5525176944157604,3640562617352935e-24,1048779329230328e-23,0.03628123375376093,8016293314659195e-25,24515663621790415e-21
0.004303144787811997,4205351879517904e-24,5000875256846901e-24,0.4003945429007578,0.5566450786078044,49038443826652685e-25,4536908083827581e-24,0.038657211664280045,7957267887829356e-25,25952455506924593e-25
4908756226984646e-23,6687717275247049e-22,4165947652812562e-22,0.1749988875492107,0.8249978541504638,11005443697195744e-22,42984707681802826e-24,8106997821149891e-22,9662452907954579e-24,1599551083151422e-22
12440350670002494e-24,5786478023709703e-22,11094834569959027e-24,0.17528012802834633,0.8247192154924647,13881373632713491e-24,11136682680316351e-24,19463424971424007e-24,22553685624957297e-25,7558891063450467e-24
6420017576759844e-23,3715305110777844e-22,7126007372323753e-22,0.17842670043304162,0.8215674249562257,23911701145661453e-22,5992057674448061e-22,1222882669704204e-21,7512183926627449e-24,5055085706167914e-22
2250134364320951e-23,711800195199592e-22,25641621323567136e-24,0.18406939698085398,0.8159302201882582,10271113724781315e-23,309032026131145e-22,971623070308103e-22,598307833053825e-23,2674817045718975e-23
5658175040236562e-23,11646577689261187e-22,11629863119569833e-23,0.16736172625501,0.8326326261332422,8471313232943573e-22,3748138808490098e-22,2873902653113548e-21,24024002352984058e-24,19020176331208388e-23
29515916051287614e-24,6406982224579744e-21,8235375274568437e-22,0.16920801276308856,0.8307695451698096,32880548617201952e-22,2823636900612101e-21,6982925930586062e-21,2717536754507101e-23,206023836496136e-20
0.00774462470928682,22732322642322727e-23,1104963614150702e-22,0.3828903352903052,0.6082790470989813,14648020850250255e-23,16078887275746523e-23,0.0010851292361360194,22233083602312828e-24,19634349373052636e-23
0.009178732659849084,25325787985216926e-25,5859929916197067e-25,0.3628522728807654,0.6279689873058656,5209460288082408e-25,3683011281250314e-25,1371589522057504e-24,7618505870539853e-26,1697925890530426e-24
0.010605012262617479,18000820348156103e-22,5473904108504105e-22,0.3570013412903813,0.6323859010935304,8345866327901512e-22,17139028367296576e-22,21620484513906913e-22,4833552849094884e-23,6390075496801894e-22
6598089436183706e-20,0.4747727711586372,1905278287593716e-23,0.18265387702723226,0.34249609359633676,22721996940928e-21,5770838940787536e-22,10648494038853274e-21,6151018276076615e-25,9355638500759661e-24
0.009335108851181651,24949338019748284e-23,1473057199326143e-23,1681223784086749e-20,0.18180316732240803,18957187017032343e-24,3062428450999243e-23,1511887531788383e-23,6034648909816672e-24,0.8088445766286295
0.012084995087928678,14486954848157293e-23,2289004401024821e-23,329896468555834e-22,8732166786453228e-23,6399150672349948e-23,10961777942013844e-23,2756590444051641e-23,1398830439187846e-23,0.9879145016776941
0.01336118707240697,1243447869063255e-21,476382927540716e-22,2700280802954083e-23,21327310141592208e-23,18266113822559436e-23,676721426948966e-21,36439234352425714e-24,1372316894014131e-24,0.9866363843714006
0.014092384269167433,30494578740591776e-22,8758686842410232e-23,14949518437939218e-24,4578928311966746e-22,8509523240956439e-22,38074913374702386e-22,14837129134877643e-23,12970920284194906e-25,0.9858991977316952
0.01431956755764914,7803133634940856e-23,2340503542843854e-25,6359276980589232e-26,16832849980447265e-25,25312945269879272e-25,31855257786499674e-24,3225304510422789e-25,3258456784190347e-26,0.9856803176889213
0.018550370454208234,22909819160462193e-24,18258969789751373e-25,2970442566902753e-24,5242783330561427e-24,5400697469243856e-24,4880642230700296e-23,25367900838665886e-25,15243251894438055e-25,0.9814495383289932
0.01723484727282446,876067144025738e-21,74273173450777e-21,5901636242346552e-23,4973930254090746e-22,14176979310299979e-22,11369904585595642e-21,3318473241434239e-22,26204305818778352e-24,0.9827505003233571
0.020917351916638682,14038506822371025e-23,12364335060350752e-23,11621537982825876e-23,27034392167512576e-23,14365637625236305e-23,44783544926499636e-21,13220972677503473e-23,9455756926862685e-23,0.9790368435270947
0.020989016865909774,6121412317690726e-25,43246657986837734e-26,5898631161166605e-25,7754930713443585e-25,16044006734317373e-25,9183779386015882e-23,6830424470039097e-25,4153375717401534e-25,0.9790108861838437
0.018693880453884995,4373624565703529e-24,16161737628706453e-25,6218068603622606e-23,33037379118079095e-25,10324520832210982e-23,11352515714038134e-24,2821082171558729e-24,16564139324005931e-25,0.9813059289964079
0.017887047224353345,50763606428522224e-24,17223136063672647e-25,270001511659138e-20,27970891655777176e-25,31773246501303007e-22,740622609965728e-22,2471857174315313e-24,1148649246861619e-24,0.9821069424701099
3966328786008307e-23,5951975165198762e-22,5493350702497741e-23,0.1191013935391521,7635703591983507e-23,0.1754375904533183,0.02209285792285321,8077210062833585e-23,4951771289889067e-23,0.6833672616434919
9231662793188648e-25,31318659133934294e-22,6284203857152885e-24,0.04563467812415114,445918277794932e-23,5774364397152123e-21,0.0044440828920062625,48092725664061045e-25,2115659559217455e-24,0.9499123141620559
3143043499970716e-25,38856359917776384e-24,11369895810208317e-25,0.07664085802668215,11774016311865311e-25,0.019499476916669596,34475086317268325e-23,10557749054924878e-25,60382653636502e-23,0.9038592771611239
0.01680388692959106,39335745731503666e-25,12442477460848768e-25,31369441758443767e-25,2420128138725463e-24,3772696758407679e-23,34035575294729844e-25,14083784947890763e-25,1090902281298907e-24,0.9831960587059619
0.015138193396717268,13247693647925207e-25,41254292671459466e-26,11608250253402567e-25,8367868622141964e-25,4012655331290057e-24,11644026688775258e-25,4729223788548032e-25,3373087252703644e-25,0.984861796881076
0.014108450979647493,18564369282346758e-24,4869460591425115e-24,12900402308909775e-24,8933478380822234e-24,23474746992816008e-24,10805987027567751e-24,5724917931809517e-24,36810077593494157e-25,0.9858914600680169
0.011712791156978528,6034235584719525e-22,8811817098243212e-24,14384132385203505e-24,33108716907620715e-24,20279426044331777e-23,25122969565816456e-24,10292725869740271e-24,6254417419143474e-24,0.9882863046504244
0.011781117341074489,18132659283756224e-24,6735326962834515e-25,22627003809078457e-25,12234191640064543e-25,19472695722538786e-25,2152309397164846e-24,7566592974750187e-25,42518488907656797e-26,0.9882188550851985
12335376421285875e-25,0.20719868108937894,11007666121262074e-23,6015848230002378e-23,38149029209419015e-24,22141349451080305e-23,12621272276899633e-22,24046445974513678e-24,8260653408065324e-24,0.7927995934450888
0.0059482330962947055,0.19324890880943618,1811026628344649e-24,3400593674140935e-24,53902492540989635e-25,0.15696249017551522,5322036905186716e-21,2315615423575854e-24,2254277896831686e-24,0.6438350307100781
5637273373173722e-22,0.08111174719756849,3343175138367869e-23,65193830727989e-21,11840658823803693e-23,6653709775136871e-21,18945138190600475e-21,416457706016867e-22,3295545565050541e-23,0.9188617985937313
37292887727763626e-26,0.04773871132133733,27056268803944395e-26,4621420869520529e-25,10032177110547309e-25,22064451017893758e-25,9729141702332167e-23,42040537477974173e-26,6207409603507392e-26,0.9522611865894532
1185412840147824e-22,0.006651539764187462,21117704934405846e-23,2523629052780955e-22,32589926919965845e-23,18923033392146247e-23,16919851942135638e-22,2633322707341713e-22,10989836780543482e-23,0.9933452978092241
242941882685531e-24,0.007619702587616478,6934649467736134e-24,2848376127706187e-23,19300088700668138e-24,13336559946989165e-24,18336003811674173e-23,3778020945986561e-24,39738620467271354e-25,0.9923800380024429
2429781411724877e-25,1845112672813727e-22,23175617848805303e-24,967571619324804e-22,6071002878060982e-23,19942356111750184e-24,5252059369075314e-22,7297910138899059e-24,22458914565543784e-24,0.9999990596976372
0.007041129812098557,10180349027592687e-22,30500006638394213e-25,7227306924885906e-23,15758437925447672e-24,16549174183847585e-24,11921261510707643e-23,31228678144102424e-25,20650245973438463e-25,0.9929576201218129
0.004651269088861417,21926625520739785e-22,17362404962125468e-24,1880144570875817e-22,4961623674096143e-23,853324418091157e-22,4853466939718368e-22,16206213329147853e-24,2337460834138019e-23,0.9953456729955368
0.0036992230896968595,13856151505090883e-23,1476164745382386e-23,23323213670920148e-24,17849476884143048e-24,2183595853382944e-23,5153273547935238e-23,14415816793482491e-24,17299912087072794e-24,0.9963004773300232
0.004239452917225193,83535476499367e-21,18346555297914973e-24,26585392054393933e-24,21346607676436223e-24,2119102798615163e-23,4533456048259067e-23,17002729983087005e-24,1661044542942071e-23,0.9957602971299262
0.004086298230811993,15713058575419275e-25,6486538677925549e-25,14816595750629252e-25,8198165264861453e-25,9049183408869844e-25,16491759919322277e-25,6426158669445128e-25,7164015467100827e-25,0.9959136933352466
0.0059042790348553245,6061056342442689e-24,6585320159676897e-25,2004489780536637e-24,8098209481722736e-25,9108636417413123e-25,3006278811311291e-24,7955407028299199e-25,8079665555968221e-25,0.9940957059102382
0.005910900856120491,2570967095183317e-25,124663166459109e-24,2759808782353506e-25,15161377762066428e-26,16288723190919787e-26,10884139991124723e-26,14454811202017403e-26,1662233600935353e-25,0.9940890977519486
0.011269037644122988,2425101796641297e-24,8786989698083361e-25,1543636498115094e-24,9870366173903597e-25,10707226506282832e-25,17551012110169326e-25,11766664443792012e-25,1081089001517947e-24,0.9887309514382977
0.011313203657395628,23611768634098788e-25,1041301846616327e-24,18708396633185562e-25,11833332300532266e-25,1328880053332406e-24,2348288712869937e-24,14416878073388003e-25,1988884551605839e-24,0.988686782779145
6845918923027651e-27,34647725843643064e-25,30838896909225414e-26,8026038977261662e-25,3509122379166488e-25,5888251084856369e-25,38015539950042354e-24,6243912405746567e-25,1506213403678218e-24,0.9999999543315429
25341638664830174e-25,25534151841116032e-24,23351579494785278e-25,3270122937864122e-24,2232103398692174e-24,2565774100055141e-24,5346705802995841e-22,28338105344985753e-25,13500807265100465e-24,0.9999994105233186
5011864680355198e-25,1197633633187335e-24,40634543370355867e-26,5464644840427134e-25,38492935642913324e-26,4231905077761775e-25,4083754715159564e-22,5182229635378875e-25,9087896755847636e-25,0.9999995867377552
1358511511896969e-23,26374496198562463e-27,7610016283072251e-27,10581797778591168e-27,6758947849543864e-27,8158494033384899e-27,0.23712340098264084,14965899787156495e-27,13225737338543568e-26,0.7628765852255278
0.016442770391346114,1830096573738165e-23,9064288233380538e-24,10816882019445556e-24,8058572337387257e-24,8202075820132991e-24,0.46267475412772197,17504822499037276e-24,3464302879688928e-23,0.520882368890294
0.015460838925677138,15680752167020253e-24,7002702966791025e-24,7660824319242473e-24,63540455529472146e-25,5991359030588027e-24,0.44470439889246777,12887367252979801e-24,37912772598920516e-24,0.5398346686914267
14882193217252371e-22,8947418236249192e-24,3752712135136752e-24,42993240406295715e-25,32908629551487858e-25,34323511066325724e-25,0.18951151750836764,68720315625655654e-25,28469884334333644e-24,0.8104869352077243
0.008487000110998838,34667544647904094e-24,15006915338392656e-24,17851179798789375e-24,13972411862775428e-24,13301651426361265e-24,0.39124426858395933,28458562900724023e-24,1663658735613655e-22,0.6002684416809028
0.008331576230905689,20049468789444588e-26,864787509772836e-25,10562323750496269e-26,7890196680364533e-26,7549905929152384e-26,0.14827168546226244,17366570852175693e-26,0.205411093561737,0.6379856440242534
0.027620461469877827,14765557707745037e-23,81142416389198e-21,10176575334804687e-23,7561219771943228e-23,6729762840511366e-23,2109262868981688e-20,18106332319225778e-23,0.5123992972871511,0.45995849407750133
0.06739978159596205,5421691201360664e-24,2967822677646174e-24,4493526302484814e-24,3185377647793748e-24,3431673715865323e-24,48178114950817445e-24,1147793383134124e-23,0.9325963645392434,3774708648475043e-21
17226865264749291e-25,4399417608612156e-23,5773350399970545e-24,7513771185055781e-24,51239840709171775e-25,5031628544889481e-24,0.5849187475948616,5646093255486663e-24,0.4150810570530917,1205463573356897e-22
31578403610026385e-26,3807203898863603e-24,7906646372886789e-25,1089936473402394e-24,7364470645911913e-25,6617389339142906e-25,0.5362236959798605,7444382677069147e-25,0.4637762916988409,4175058037935336e-24
3376788615628704e-25,21325428534500132e-24,8711066793791693e-24,12850890121894037e-24,8490836626840658e-24,9448282031161427e-24,0.38217094746870434,15990480951730465e-25,0.6178289617377233,28031034739345962e-24
3904127989169513e-25,382461148104e-19,5924098356777726e-24,1210253635512711e-23,505067175939391e-23,7954600008775914e-24,0.3559870142460241,13188462609504855e-25,0.6440128935309142,21236233405941182e-24
2035401943693686e-25,27428672963861536e-24,1572254920290379e-23,27797667479108488e-24,10430429706361445e-24,22919764519686914e-24,0.2714381742433072,2869329271304138e-24,0.7285616685881661,4979717113725263e-23
8046306205494247e-25,54287803754818525e-24,7525292490287647e-24,1839492901168523e-23,5330029299476871e-24,5802080276715945e-24,0.11878502265453694,562442832430249e-23,0.8812148572495552,22326866840135362e-24
