17801380479887695e-25,7681114655638458e-23,0.2596362074882092,7850539610219594e-24,18849603306697046e-23,0.017179447225504803,15950233760430445e-24,0.35949431033805446,0.3636896674019502,7665736837983043e-23
5191450579977398e-24,28369155030284147e-23,20316728750292204e-23,9349325411813419e-23,381598820271687e-21,0.4450736552144914,22560218241703493e-23,0.35749510352309427,0.19742961561096206,4329081322052451e-22
6842629503180695e-26,3519496867495489e-25,8110219391297148e-25,3223259240004966e-25,19231722454980844e-25,0.5178711542962023,830452987837402e-24,0.25245334359877164,0.22967549675718557,10400569401900115e-25
3117511585910795e-25,7272940222529681e-24,13974598489627602e-24,10351442435331395e-24,12248809617756204e-24,0.8777280118600225,8833723810030243e-24,15589080794467188e-22,0.12227036423519172,1200368008814905e-23
22678113380326985e-27,200685177074456e-24,37856700352978286e-24,24671610454513154e-26,36618920956793074e-26,0.7356870881774601,21354935556383197e-26,0.10179882103538954,0.16251405160853605,2721997212740802e-25
6671696790258724e-26,12614365987599881e-25,0.04364276333752907,1518733375963944e-24,13058435845056285e-25,0.5959653143632044,7693682674567588e-25,0.1347516110347181,0.2256403053547064,9877431537061855e-25
15497231253501455e-26,261154881585964e-23,0.019884971878414866,20536298815969536e-25,2952863005425187e-24,0.5536381278389993,16922608848282639e-25,0.20973096662245358,0.2167459221093044,208639290892902e-23
19164844806474334e-26,1556417457340582e-23,0.08259998728318232,13096901568570998e-24,195575881859501e-22,0.5644313815833714,5531627707438369e-24,0.14532826393754167,0.20764030197557704,11278379857537407e-24
2038730507399082e-25,66863101160319984e-25,0.07728332085864893,2811937912091736e-23,7574330481380753e-24,0.563513649849641,2395412500812677e-24,0.14331946098712128,0.21588351922714102,4098227561017587e-24
1340503050396238e-26,23116779432961885e-26,0.04635238147734846,38172152260174747e-26,25088767020664405e-26,0.6302776015939898,12905182085818352e-26,0.14442729788628494,0.17894271787068278,16545970977298472e-26
11733122785005976e-25,2327602234253512e-23,0.06764529574317768,0.0231400889331976,24506022172834623e-24,0.44622908520419996,15934410101437305e-24,0.24641642996381116,0.21656901701661171,18249236100303788e-24
15523083194899335e-25,12590802690326169e-24,4596094902331274e-24,28889596580852855e-23,495938435943199e-21,0.5441379088053612,16079069658397383e-23,0.45586092868360656,6422527210575282e-24,19172442220495704e-23
28526615039118497e-24,5832527836742695e-23,17875974943493816e-24,775460807729425e-21,0.06729236270795816,0.3646300516820962,1076717730057914e-21,0.568074655636206,3880547849546754e-23,9434158412350198e-22
3763964512632769e-22,26285982461556753e-25,15388455049125913e-25,7738695681038277e-22,0.08207240413193707,0.35221574826858,7049015723616559e-23,0.5657097134277169,18153018543315432e-25,9074331147389747e-22
4587454691941459e-24,13715410368715626e-24,35602610260028876e-25,6049071118219077e-23,0.030106053175024686,0.2548656776222636,1067246402488297e-20,0.2811652567720595,7795313038684078e-24,0.4338522498162624
0.00047993767352319175,27738587066941333e-24,18297567037762e-21,3222668219254787e-23,0.4773423168662678,0.14564048082263809,9956566653298825e-23,0.3736303918360118,278630088792544e-22,0.002906667109640442
8456522350376986e-24,58608191849694845e-25,32882812086638133e-25,2416469479151892e-22,0.057995678946501726,0.3297981626214268,0.0610066068217985,0.20413769347609015,5430226544864471e-24,0.34706159345139365
0.0014571435715664126,7139888530271191e-24,3148717773978952e-24,116919525236738e-22,0.5482749154676626,0.15403106042555123,19478317363307818e-22,0.21635830893860994,48331838242906434e-25,0.07987659695123614
0.0018879854577342706,10012574242332721e-26,6862394291042957e-26,15924626671933546e-26,0.5629014906968018,0.15160241641023814,408475471018925e-23,0.26083082479428044,11240428740638544e-26,0.022777278115772376
4614812111791425e-25,14536568736674227e-24,23311644354570467e-25,3471490018291555e-22,0.03610275115543446,0.4322951190959109,20254938375694436e-22,0.33964490218693544,24656499075203796e-25,0.1919548351239927
0.001241482377658082,881535882560267e-25,5346188805040595e-26,15436646370354757e-26,0.35201929972533746,0.1416832063959232,48474007656649867e-27,0.451819166559469,7402489794433646e-26,0.05323684452313929
32039778119144793e-26,16494575100728378e-26,0.35340915925940736,0.22105614175822585,0.1962820042853828,0.22925255994705987,477209595805631e-24,12964541280188395e-23,2724885087585826e-24,14165940984765263e-25
0.0006301061133233266,4892872511866653e-25,0.37120792445415657,0.15546701944339206,0.26870887738535393,0.2039860674174179,6646844494111252e-25,18726753521522143e-25,8408808520983692e-25,13181833884402572e-25
0.0044095620333489335,10788331274120227e-24,0.47112164813316115,0.18480525513785917,0.17374693640176847,0.14640880921465615,11046518253567982e-23,7461934102114531e-23,0.0195075446819955,48523728922450515e-24
0.005379122788865192,12184981554619498e-25,0.4868409896402987,0.1868262915017971,0.13936105587114728,0.14249802207124318,33570731187787813e-25,3261959016052e-21,0.03909447076676035,3953650587344642e-23
0.004314598074237798,899978652821404e-23,0.4474984361882739,0.14175075152222893,0.1751369635007356,0.16901713783301248,5856495932841046e-24,33133738062988196e-25,21597792699149954e-24,0.06228207311397323
0.0038006542785167198,4353893361992382e-24,0.43429955701714207,0.16757996519222962,0.19883032072153822,0.16447845731872,4314988557832894e-24,2100101581915134e-24,719023819668634e-23,0.031011027512626906
0.0025258520083536987,5559577645856657e-23,0.403442974325733,0.19653283081685619,0.19395654364291467,0.2034897532507404,21778065035422285e-24,2918948424975772e-23,3666841902994609e-23,51902723347872586e-21
0.00266284627265036,23832776748060755e-26,0.4077945496796609,0.20245044893892022,0.18662671668564032,0.2004652247636922,2157875414210192e-25,17093010853882337e-26,15771104598771137e-26,21287668956675762e-23
0.0026566684203607176,41482175836257456e-25,0.40603172709178215,0.20116843898254197,0.20054826167395498,0.18959463129485876,8647688136892114e-24,7315731213609338e-24,14119128637603768e-25,25101302772981856e-23
0.002220118826678979,16038952231115174e-23,0.400431709235686,0.18896781419457162,0.2357983484209064,0.17257879131644108,124155374890043e-21,6991211441779111e-23,4687462088865766e-23,28166739278402385e-22
0.001295623610231646,3249937053698053e-24,0.38925387605606315,0.2341218915623458,0.2541494903288529,0.0991381566781272,2982921636413062e-24,1010664987268478e-24,6621491310024415e-25,0.022040953858714046
0.002224688092809257,11693106227854377e-24,0.4469221534008744,0.24471897474238538,0.14434714744853622,0.13956305012756326,9952483863821351e-23,8850826054964379e-25,6828791951818939e-25,0.022223873401950922
0.00281063987320991,13058096896533263e-23,0.47015698881736157,0.1834787695993597,0.16640419587042637,0.06542294279318464,0.01902927497651269,12261722265546281e-24,9629330795690497e-24,0.09269703559800269
0.0031240619278504844,38199117010036484e-25,0.4897802714753606,0.1955694583381074,0.10797573011889457,0.09213583291655027,0.02942197717426266,8906723175513686e-25,6468384946642226e-25,0.08199266269155199
0.0045569520962070445,508116563817041e-21,0.5284245290594497,0.19808336459579343,0.09155364065936977,0.11559599247443389,0.011489781050182116,11592742950926835e-23,7731605346800799e-23,0.050295038704516244
0.003330595723989049,14789518290249747e-24,0.5275764859736111,0.24593816088501944,0.04757042346507711,0.11534062015071708,5970498932318541e-20,1222255857268491e-24,5708037330290661e-25,0.06018399222961542
0.0023359216294468583,5802984444545804e-24,0.5071698944003853,0.27739019973676243,0.05226677416511308,0.13426828815432007,0.02651201032216564,1176642872697873e-24,5490626281456621e-25,5690406173655065e-20
0.00362783931754131,22762132721412354e-25,0.5958338965923722,0.2707556163602777,0.024789420294621608,0.05887511038686386,1472661014524956e-21,4104041645300643e-25,16047884515864248e-26,0.046116641540136706
0.002643182093063274,52905804482269664e-24,0.56291614881341,0.26982744792802643,0.01731403107774945,0.061365266876203334,0.033159352777475885,6502527667900807e-24,23977439692939357e-25,0.052774508627946116
0.001530116121012984,0.00140593113208292,0.4933793639443086,0.20061687759780428,0.1694610450921388,3239657953811591e-23,0.1336065726039784,8607083835263941e-24,35358218871240893e-25,4896358843258793e-23
0.000344886385664602,0.04413870769622246,0.4718799640200724,0.1230192519154127,0.25491396360118146,1717352566931232e-23,0.10570314328991454,13830463177120532e-25,801808968942699e-24,6373309586791091e-23
0.0004437837175771061,0.0653834436973342,0.5126028906677731,0.14365079515703538,0.1514547174402197,5806206633384571e-23,0.1264641798966226,24233762323812266e-24,11226515486233603e-24,9590109190576054e-23
0.0011401847997599644,0.00010336853047584213,0.5143624859588396,0.1842095164463287,0.16048993649958065,3645680932296639e-23,0.13969440552609041,14201150411211261e-24,6071094283227182e-24,4550979815723654e-23
0.0001561955272816198,6301173962442933e-20,0.47017852606465893,0.22185846707360254,0.15743086651203383,8097936768355033e-24,0.15031291170258518,35581206518903967e-25,13425452835055223e-25,8381613720002325e-24
21445223971599815e-25,6338977339995755e-22,0.42637012393098883,0.1856968519930362,0.19285486946791358,5914391202054641e-23,0.1950773872634568,972755031985937e-23,21788097992222283e-25,6025214069557888e-23
0.0035789736477497727,3936306462819205e-21,0.5588055105915765,0.19606905664069535,0.1190760366673415,7373116746443694e-22,0.12246561837616057,23362060171228088e-24,9249891491783003e-24,9784639671918704e-23
0.004316150375530788,6696749822879167e-22,0.5794724142904278,0.18348954811137388,0.12965927558421775,4523580667043954e-24,0.10306192754007727,2561563326603584e-24,1262715360644286e-24,6075517872022122e-24
421477337288772e-23,0.0641164662050274,39510897280848254e-21,0.07904554497499704,0.18000473502538386,0.16333640287494738,0.4795510065096037,16635048896114604e-24,0.03390630002953663,12634333430537779e-24
2415766078663201e-24,0.060880305470480574,0.0010937480272583521,0.06650516895907858,0.19259755499412273,0.13773727847234837,0.500111352476571,8343760877600918e-24,0.04107457351552439,7324977067854239e-24
5593995425414083e-25,0.08109222285719234,0.071745803752388,0.1437738208306351,0.014165813458758933,0.11669827743068227,0.507740969682315,15649544237389154e-25,0.0647830880523111,18114860783836577e-25
9347957067470382e-26,0.12696443015935954,0.05208612459806646,0.0977224633222559,0.08585518565957176,0.09683508204241328,0.4783797877771869,6625997887233621e-25,0.06215692493173232,7533741739913132e-25
3258243026368221e-26,0.10979542026139386,0.046766856405336836,0.0615107485097804,0.1992313513620697,0.04305862737926015,0.48564519959722785,2414087793403117e-25,0.053991795969001735,24194236465252307e-26
1944094554188828e-24,0.07716026496695741,0.04164599945799108,0.24805201538195956,4248946958135823e-21,0.11491421839360312,0.5023803090225182,11835957835592373e-24,0.015842916058453452,13991398801934518e-24
12589252667256372e-27,0.03145913836123702,0.054487801307847444,0.2613052757314418,7491855681260209e-25,0.042346000965618524,0.6104014599730793,5424058907987832e-26,3227727129153172e-22,7207334045186996e-26
5044736320846929e-24,0.04439696042130543,0.12344845442281584,0.36515399350712013,35863378028942e-21,1368098647771518e-23,0.4670000262836736,10850829986362197e-24,4863985908863962e-22,13526993972616868e-24
108768623564106e-23,0.09359885817260906,0.09537697157092061,0.37725161206589375,13534030271517242e-24,17425374221233894e-24,0.43377251316223353,4151904865194794e-24,5847647142669341e-24,29816038653309296e-25
827991523685357e-23,0.0686749708522316,0.12251907368407151,0.431916675397881,29025163060503513e-24,56020747035433166e-24,0.3768891569039946,620635438985804e-23,1396838430649077e-23,9650659256817745e-24
5195954771863232e-23,0.06706583273202801,0.12670668534404125,0.4541680151660887,3236643646835657e-23,55296204100569836e-24,0.3520593037917387,4076992124023142e-24,13096825639719708e-24,6183799373390072e-24
62866311157961935e-25,0.07142347122336255,0.12146616027463691,0.43653031345679233,1679319178472821e-23,3354765595448778e-23,0.29065431137760755,6544168312929638e-24,0.07992566961220905,10883798749708478e-24
612695053510399e-25,0.14072861142465737,0.17748916633151232,0.5124182478991045,6677278946510478e-25,0.02822222171640254,0.1411417467860161,29195673962747797e-26,44728240669895634e-25,34813612490104237e-26
0.0011191031264932841,0.10601573566282649,0.2390951956886883,0.505796710680214,5546182690066423e-25,3418523180958741e-23,0.1479732189294254,20178477486151975e-26,7054265438659922e-25,265405992155087e-24
0.00314411951773659,0.07614641721813616,0.28603657974235464,0.4769578349883661,2993067806844115e-25,12539246607877965e-25,0.15771504646963783,1056482679804435e-25,27555605595209826e-26,1298027939958115e-25
0.00796174274785345,7098236934713094e-21,0.3775781810674315,0.4671300246380617,5254829182860217e-25,2823294861339983e-25,0.14732295214719246,9468270031398637e-26,15226339543287313e-26,1083390878033573e-25
0.008133527963619517,8994558352028672e-23,0.3950889962622442,0.44783610683368463,2892830868062697e-24,16082736914101494e-25,0.14894127272431296,4882580057874067e-25,717112731384894e-24,5640823990490488e-25
0.008038574194724146,3428155398847908e-24,0.41589342674732,0.402208620442597,1251547281962224e-24,821430854694951e-24,0.17385937221398598,26673938907559053e-26,33338167035097194e-26,3001182191014587e-25
0.008368030313939461,17508964426064044e-24,0.2880276896619166,0.36339427573349375,11535977065744493e-24,1025946367247373e-23,0.21885820550982726,33877566647290212e-25,0.1213517528854802,32031542856640817e-25
0.004496157410983888,31177580293831173e-23,0.18864470406158104,0.3173338554247663,33446036912678056e-23,428983526729867e-23,0.4345532234113401,15386765602032004e-24,0.05497137712937326,1664948666366064e-23
0.00340286470243756,10064975801895856e-25,0.16261950766095867,0.2846125478677766,12345666749340685e-25,4810250689878696e-25,0.5181814413993326,30537883167694123e-26,0.0311836349326804,4094348898818891e-25
0.0031879166334365713,12725272358434904e-24,0.20501045460211473,0.18478958547467425,4439647765796573e-23,22478116475517138e-24,0.5889913023816928,5653778849505603e-25,0.018020659697921246,1044556807321442e-24
0.004512285653664722,10803415431807496e-25,0.2532787569736671,0.14113386541050768,22336431954764966e-25,6064564239294009e-25,0.5681024820035443,3275142618644537e-25,0.032972605224931215,4853500993985356e-25
0.006320543456787242,5968311037776181e-23,0.42243668871469947,33629567963953514e-23,19818095471965323e-23,21388509618272565e-24,0.5712421002042639,27688646691984073e-24,59638884771657955e-25,18423349600455622e-24
0.0016247945413706462,12976337783875562e-24,0.29352957169313243,8297252724694865e-25,0.3391152966388642,15026078744937125e-25,0.3657303169211181,5682397322890689e-25,12336456350021307e-25,3094962578260898e-24
0.0004146457299593388,26694140638146477e-25,0.6281400183347203,9125699196950583e-25,8833972690539597e-25,597198145822801e-24,0.15636712446143355,14267025728358863e-26,11879081404045733e-26,0.21507820615005072
53949899584330703e-27,0.040971822551180793,0.9590281691789355,6162458328081826e-25,18089852223472503e-25,29257256881388626e-26,4637024381980704e-24,2009700221479768e-25,15002179979693884e-26,5096703649923928e-25
10141124871597669e-26,0.017956117377925088,0.982043555796298,7775509018215808e-24,3171696234079314e-23,26916133757531676e-25,2758542280915003e-22,18017550626622786e-25,12406726235221467e-25,56437791747110835e-25
5460225264774241e-26,0.019751002752855792,0.9802488385315705,8587586739307276e-24,26040073300206523e-24,28993116520064053e-25,11105069850748025e-23,2214156433660032e-24,1528070136996728e-24,63360211243038995e-25
4310829505241438e-25,0.01911774702545047,0.9808821699543662,5239116182442663e-24,15599442613762672e-24,26489850181367377e-25,5030845567912207e-23,19015274365388678e-25,2004123938394738e-24,4887460166516245e-24
3879493107973155e-26,0.009723060111766737,0.9902769216490375,7253120089768316e-25,2298798515854945e-24,4455014849018641e-25,13975065463192137e-24,20853358840181237e-26,7240006843832137e-26,4751779102621823e-25
3834587570751065e-23,0.0559955767094678,0.9440040080633975,7903609848166754e-23,1895538481401883e-22,13109040284920266e-24,36443844971152995e-24,106913375487567e-22,73335173246078015e-25,40711127115850626e-24
10654305587733344e-26,0.053274111976559915,0.9467258707198508,11244995517362077e-25,3005764544766684e-24,5236884268314637e-25,10602435715909945e-24,4706833082322595e-25,37045101505233977e-26,10994774296592925e-25
6169526788090881e-24,0.1124649686768703,0.8875325795271416,9336292939535531e-23,1178250726012307e-21,456720353330276e-22,9629766386450182e-22,48326139107143725e-24,2070356935772064e-23,9635525496406392e-23
0.0012305396127415223,15726950873994546e-26,0.664648781075018,34180220068281896e-26,0.33272913634710055,13676030190764046e-26,3655796760190412e-25,8489720846985993e-26,0.001391541737038461,14101599430299703e-26
4275564412019309e-25,1405244101374405e-24,0.07200918551520047,5718849765711991e-23,0.9279907407236928,27273003384284165e-25,5713279384002697e-24,11597799561608405e-25,35493468787232795e-25,1589591450785399e-24
29986021853537915e-26,2282998360705096e-24,0.029036263845733868,17841079037285162e-24,0.9709637012019955,3462133056003978e-24,5420419108466846e-24,13825360242845546e-25,17978707468476618e-25,24660467224764957e-25
0.001235776539270191,10316441716249288e-26,0.32117715275005737,4691240166026853e-25,0.6775869233086798,14440948819132203e-23,213962568375415e-23,11645065885268117e-26,48536499156364785e-27,11555653515718507e-26
7796782702546388e-24,7301827164471249e-25,0.2888103346603328,7775178740455816e-24,0.7111895530857292,25039353648179367e-24,6880603371035721e-23,1110173615402216e-24,28544416721151647e-26,710619843379893e-24
0.00031732337446547544,5528656694035425e-24,0.39129475424028703,16392096051855042e-24,0.608365823238898,16048023180426734e-21,6009808110659493e-21,8691136344965355e-24,18586357636053708e-25,8844318339253922e-24
17162654958926623e-24,8008758164513187e-24,0.6440745815548975,7412660841943752e-24,0.32952117997795005,40590407741460166e-25,2119194589363904e-22,35022165015765976e-25,0.026403981265817125,5136334895354605e-24
29182867416736405e-25,9185290970115196e-25,0.7892292821188442,10450634240181591e-25,0.17283053774925977,5998558251707152e-25,46943422782625526e-25,46262680738133875e-26,0.03794016885408031,6391127863460196e-25
17909368053891063e-25,3129503300198806e-24,0.95365362821348,6072818375823518e-24,3694119281896938e-23,2693200659450049e-24,44110668427012924e-24,257059039634449e-23,0.04634627195219193,25251445353262862e-25
17543367546095835e-25,28585042010529473e-25,0.8100101804882138,6504088225619404e-24,0.14505323974346723,29483177458741837e-25,3833694662538033e-24,2409582449986399e-24,0.04493655712060303,23391657316221745e-25
733412069905214e-23,1433213633006605e-23,0.9411053985934688,51879228072331684e-25,0.058894505253433066,5945529909347939e-24,22451205163521338e-24,11084603935322956e-24,1916898631634703e-23,10648951046448265e-24
0.010661751118943786,2361575014043489e-24,0.6907125560728632,0.19424842484981433,0.04492413994997965,772088062899229e-23,0.05945310836739935,3173598326825999e-24,5061408400662801e-24,13242088083107061e-25
26753609360338497e-24,3750282410155022e-24,0.24882562444271503,28027318058131464e-23,0.7511739567447921,9227676494257673e-25,10161504292026881e-23,8176619789726069e-25,44525911529173467e-26,423457908080614e-23
1546099299683337e-23,18637543480383504e-24,0.6751980178464234,8036284613823225e-22,0.08432889707206896,2885975413068064e-22,0.24046818257115626,5466150728092968e-22,839749187099315e-22,31455985090722786e-22
16359849386357026e-24,10935536965565504e-24,0.6134111690568157,5997265307024977e-23,0.08362441937255798,1239118819376256e-23,0.30296424073466505,4728516628613417e-23,18505892570600683e-24,6292764741603565e-24
0.010554490030696865,3419893808866774e-23,0.6217367573630335,6057974157510421e-23,0.09996423179027919,22122486925046247e-24,0.2445321017523896,14075608955247108e-24,0.023212274057295,14027350923743877e-24
0.005173968826220251,1072393641207126e-24,0.4802706408380203,0.014689570313066962,0.21343242170549007,16075229755260432e-25,0.14897390441259162,41115720404667586e-26,0.13745949047618794,33727501347789505e-26
5652355075422894e-25,9294392280669315e-24,0.9755117000286144,11158260628394939e-23,0.0020634476383270257,18160587306071174e-25,14031162231003491e-23,24363126645134387e-24,4050008969441221e-24,0.022424562910492538
808894913439795e-24,29702799421835413e-25,0.9979828582703567,9722962795870527e-23,0.0020170280082117183,21112803399136382e-25,36652460320224577e-25,3093020325116664e-24,14973538886179855e-25,23453714543166e-22
13374609987678729e-26,13624374394276068e-25,0.9281005384845061,4680912133497266e-24,2839015746450116e-24,753887342790601e-23,6651024239580006e-24,18560828166265596e-25,9263104545059369e-20,0.07180680541412762
44853658149301546e-26,2558261452987646e-24,0.9881533000410777,0.00754078377708214,1939968008143709e-23,0.004305170898282404,17392776868154177e-23,43876420434196295e-25,5399202701392113e-22,4637411928275184e-24
277591158331872e-24,227635763277301e-23,0.9605253688146835,0.029696863522120587,27288818613934343e-24,0.009777707275180549,7170295861591015e-24,24116932437675537e-25,17973091265997347e-24,29900505307832976e-25
20187514934223904e-26,3051642544089664e-24,0.9840916666395272,3893036977006351e-21,2088117429615998e-23,56171219266961387e-24,3312238250816467e-23,5315368585561747e-24,0.015904311455509405,10304261400429207e-24
2852221248775672e-25,34523565847983287e-25,0.8505798261387366,9839843837652085e-22,5634921690758069e-24,7661741349909194e-24,9099452688413267e-24,41094142702932835e-25,0.015626349261062326,0.13379281038856516
18238764463264644e-25,1587664325565369e-23,0.8583974564010369,3125712483560719e-21,19777967443931744e-24,5062542075488788e-23,39362898414486686e-23,7534646349436746e-23,0.010333556825484664,0.13126530400514203
19703951082312054e-25,37667329374103494e-24,0.8666158825952917,6451725747243997e-23,6031755267820385e-23,1398277978304847e-22,5975620390690198e-21,0.006779908712350611,5928161721020403e-23,0.12659786949034338
10286055586019637e-25,4475154217878383e-24,0.7351201673668885,12244327884060167e-24,0.11842409388140425,756767147294904e-23,0.14645570062849758,3123459439552232e-24,6187458269917095e-24,34965259153584366e-25
25075033751188937e-26,1445401065278057e-24,0.6473640626580695,0.008321266194783303,0.15481871017039087,3930013310264442e-24,0.18949595012957976,17993822599537467e-25,16367810319583468e-25,178132209623519e-23
7462435186597724e-26,4612576063392933e-25,0.712344384911145,2519762738998229e-24,0.1257113927612734,85838144292649e-23,0.1619442173742298,41370773680473615e-26,27026165017609467e-26,3555504117956147e-25
6059173750175393e-25,11034939176113586e-24,0.769805371565873,3670125268034375e-20,1887058976700661e-23,21841216760947003e-24,0.10839685504933634,0.012843153443411769,1280290920979289e-23,0.10891785353223374
2602855285269323e-25,3940664191804014e-24,0.8924992325446078,2665393201778006e-23,0.10746168476223182,4643337010557321e-23,3899048196059126e-20,4863730551853666e-24,2848354319647572e-24,7210338773896708e-24
3729920112864706e-24,6380007117893732e-23,0.9999847705769125,23376656678420266e-23,14484666964778791e-21,6615702381473618e-23,22292184379346547e-23,6667443863014343e-23,3794383454890229e-23,497642812598811e-22
9192556123749642e-25,15708517306804787e-24,0.9977139188034185,35894023639467326e-24,0.0022810875391910124,5707276365028211e-23,4801604464720321e-21,6399401616256173e-23,5075004070169542e-24,13389059875507673e-24
8040181284065155e-25,2441379458319775e-23,0.3817500597774325,6041260837451619e-24,0.419835323602448,4621998308994426e-22,0.1984140788832506,24099393618734026e-24,2987424355626745e-24,1719334186643606e-23
3171352378292645e-25,18933573127886152e-25,0.006490955607036926,26409531619961635e-25,0.6850509382464782,4308383365260255e-24,0.3084580929396944,18245530403967123e-25,10397049021945901e-25,11832589398445495e-25
3964120120557631e-24,3859724582609446e-24,23199397291733378e-23,5824621387769067e-24,0.721689893976865,8193932403079452e-24,0.27830984434589107,30451906836983717e-25,21610085191128283e-25,26346789827802573e-25
9686306372900205e-24,27676646842394926e-23,0.11978260909238295,4125636901012943e-21,0.6425354802604688,3560905451238577e-21,0.237673156443916,3292958465365784e-22,9492505505162471e-23,3569872015970001e-22
4228879362638922e-24,4439909534003069e-23,0.26168503743429355,0.061033013039487605,0.53539819815515,8552816408983679e-22,0.1418824084916933,2645021826861594e-22,11576030501937524e-24,16289154977168056e-23
19919674994645664e-26,54678973927847154e-24,0.36707614189228244,0.05084226541065925,0.4621177564869947,13453765654273536e-22,0.11996185693877828,33099802954805587e-23,14248244397782989e-24,23377027275949714e-23
9404335695139642e-27,11224353819902899e-26,0.4649706303575511,0.1452756267116609,0.3312385954148457,3946724673239143e-24,0.058515142460873255,6087173161717324e-25,3344023324617434e-26,3446797744609716e-25
8431407261927603e-25,8136376107764756e-24,0.2892335142726856,0.12196889950785052,0.4660334723698242,37379111368060237e-21,0.12272667976464155,2995445321244906e-23,28007108554063878e-25,13238860608774706e-24
10078390077421681e-24,468436796390463e-22,0.21329362482077294,0.11788830212685215,0.518545309313455,15586884600315016e-22,0.15027077951659418,3024353492422326e-22,1551962858580961e-23,5065682433439168e-23
13190715643906495e-25,985232634473779e-23,0.11280346912524397,0.18766424623627193,0.5963563335600597,3522082777919546e-23,0.09223744424181246,0.010938444125028703,27371785894535545e-25,1358231957892764e-23
10192425338517415e-25,23180356076201696e-25,33493903065502147e-23,0.2793056419281495,0.7206754292013441,8178082311136894e-24,61566520328639544e-25,18572629209047323e-21,8720158728322194e-25,2758063142291093e-24
1425680616146068e-24,2675850814743482e-24,14483225079110522e-24,0.20972387698858191,0.5379084948703969,3349068810976737e-22,3064920863753647e-24,0.25236726912648966,615043268453305e-24,18435186171400842e-25
1367119364281182e-24,2456556902588287e-22,923195305639662e-21,0.1764017334001542,0.2286921438779395,1051921918084766e-23,5259780015062679e-22,0.5253824380067988,7676543050075985e-24,0.06952197032323386
9825917225786192e-26,1569387189921681e-22,4900576488546871e-22,0.15967651160182908,0.20118046349944235,14855066212713132e-23,7596727819844656e-23,0.6391421153002513,2692772118241916e-24,3529314038832022e-23
17929235421132272e-25,641882099309409e-23,2717261773871972e-23,0.1872515374975466,0.8127483605808508,38691047066935744e-24,6706233308308516e-24,7672454420112224e-25,14096417132418547e-25,18963110519066122e-24
11202877911682847e-26,26160547339295464e-25,418025949079991e-23,0.18727485806125227,0.812725064357997,6574069232382843e-23,8870492829676591e-25,15880923442485156e-25,11982831817977996e-26,23365872728984468e-25
11620566708296585e-26,17417593915661512e-24,4219332209207655e-24,0.12544356416289285,0.7760568612585446,0.09849952467653653,40317323271246014e-25,2064072058633175e-23,10984415564518475e-26,336613820499403e-23
1976639139647509e-24,15004875557582338e-24,13384424423008307e-24,0.14963621389429274,0.7824744830127048,0.06788921924906643,9765661290738124e-24,26863594257128314e-24,24845291004715736e-25,14364939286278479e-24
11856758505492617e-24,3752267203866832e-22,329791833217487e-21,0.17697143836534104,0.8230233775540177,5147488259717253e-22,531932636495458e-21,2430496784206878e-21,3889924468255886e-24,9861373240871737e-22
4934820761317601e-25,1289530526014642e-23,6507825503072737e-24,0.16878408564913996,0.8312154902045753,1533675445848399e-23,10634996156115466e-24,2896150535408296e-22,14476311418952253e-25,8721521696454056e-23
9103693943891897e-25,854554239938541e-24,6099183966574059e-25,0.12811187744016517,0.1587636764819271,19824906293750143e-26,18912971984531486e-26,0.7131244421098414,2465780121307113e-26,11812683172289765e-25
0.001393841835930503,4893349827701257e-22,881995468226741e-20,0.1750658306233435,0.25201455792307764,22968419263077275e-23,639086464368996e-22,0.571440783378194,523659433467277e-22,7533099099393025e-20
0.0011749216994691915,22446523648628333e-24,5866333124907732e-23,0.15598656566094085,0.2340448953760616,23844222039542312e-25,5022318876456548e-24,0.608793328769601,6462317997073962e-25,19933109656970163e-23
13828648436094303e-25,0.03398226157686602,20536770871223648e-23,0.15732487199393588,0.06462090104464618,2374661447804033e-23,8087632595573742e-22,0.7440692589983803,1541314243796887e-24,16655844010670844e-22
0.0017621661907717043,3628258721797326e-24,28285579705733928e-25,0.07596569931627901,0.5703505370505717,18808801380144324e-25,25179072946237198e-25,24233476460149656e-25,2436469204914298e-24,0.3519215817269572
0.009381145657114029,11247822194878781e-24,749304605902399e-23,0.02983206549241643,0.29526795316525517,2884952451445099e-23,26378598281215896e-24,22410213668795032e-24,11120730942731458e-23,0.6655186280987017
0.01509288689499464,27968152582966397e-25,9303046830030368e-25,12347429428574915e-23,0.10497214230556007,9481914281838157e-25,1126608596064013e-24,7859048801029404e-25,8500466199225828e-25,0.8799348398874214
0.015888956884891607,41946697135614e-23,43577000746815646e-26,35493159114197545e-26,0.09657079636660477,4746700913334293e-25,10316416354777507e-25,9285833630898205e-25,2560430921576087e-25,0.887540242847567
0.01642244649292447,21745129867659361e-23,4516973982778584e-23,425718720203605e-20,0.08893273058122962,51637923672152494e-24,6592748364916326e-23,7770060055327168e-23,23277180101260598e-23,0.8946398750786853
0.01820282959102915,9046390265882774e-24,3251413131306626e-24,0.012773374811600282,0.21165135046572073,3108593561389911e-24,36851184424656135e-25,4216771983161137e-24,8904608097754804e-24,0.7573724129187568
0.018095173851929037,4375832175005834e-24,15256870341982205e-25,0.0001360420434381559,0.18731378096746917,21098278204373913e-25,1926943625630345e-24,4795203257943428e-24,23422667770008508e-23,0.7944547541793516
0.014888213598001094,28573832259835944e-25,3293175786223548e-25,38877533395422934e-26,20931670930938422e-25,0.013897379695718188,0.2163475198171535,0.17341581023882818,11386613987428897e-25,0.5814510698429908
0.014478313882749439,2395340229285542e-22,3283588065097381e-23,8712809938508198e-24,2397569120126239e-22,0.07278205579151219,0.2158899064494553,0.12697333445177872,1819858831973757e-21,0.5698740487266241
0.018990108512539704,14643076941270927e-25,6981495180975e-22,493559267180221e-23,0.14710847627549337,13041451353833388e-24,2159269920721789e-24,42686393996590304e-25,70231403143354084e-25,0.83390138161595
0.01810085417760448,10090152177416067e-24,5866776495070598e-24,23486377425318713e-23,0.1286195518435174,26362622184658716e-24,12084168191825444e-24,11230500928917195e-24,11136945788597876e-24,0.853279282344864
49703018521255616e-24,3886096493478253e-21,7608481310792831e-23,0.22961296498428732,8043179917962219e-23,0.31687397465209605,0.05544268900990713,8911382316536778e-23,2034958407990532e-23,0.39806616957421015
6016080025790117e-26,0.03137310695593809,3164333789828177e-25,0.18552519180746108,2849986448492984e-25,0.24401244367539582,0.06543400231401274,2877735135824446e-25,19810583355448604e-26,0.4736552540995165
17317025574999746e-25,1245201811816724e-21,15465203941878434e-24,0.24324294514197556,63296636827511995e-25,0.3224912492852235,0.008737398185394655,8124800392161533e-24,20210536201645917e-25,0.42552712851356983
0.013937480571153597,50852241456674834e-24,16201047050279763e-25,5669462967014897e-24,3673663519535275e-23,0.19150758398383003,2797719796849649e-23,8858069634377909e-24,28761171003010297e-25,0.7945548008552221
0.013898312210180072,2585420799472236e-25,5992100299455467e-27,14044308430907518e-24,31298243496768193e-26,0.16260064823489878,17774710162712533e-26,264563804357163e-25,43694244486391765e-27,0.8235010246851981
0.01304573655480884,4339095226385433e-23,606933989284971e-24,7206202929826621e-23,3880913589740733e-24,0.13522842746443092,4653542973382873e-24,11855665791122017e-25,15089208013153676e-26,0.8517257100499371
0.012911585404516273,48785584579316336e-24,21455762152000993e-25,7298627530364769e-24,21569129096116055e-24,0.09973697936573746,11683074851762584e-24,5591992397890572e-24,13377933715980057e-25,0.8873513368184154
0.013171888568488107,7148584058417291e-24,15676274789567549e-25,34272522622430825e-25,4052513319687747e-24,0.08930600824668056,34827749086834268e-25,2039113338946646e-24,1282409602905842e-24,0.8975220801845966
17626349861120063e-28,0.3744234861322984,5425398881932777e-25,6679447536697803e-26,1248568211387647e-25,11345607461173548e-24,8626889611696416e-24,3657180751689048e-26,1410383417634106e-26,0.6255764931085762
2568091192754024e-24,0.15338292952524704,19263618045402977e-25,5784490471622969e-24,10084883432409411e-24,0.2733312108923768,0.04650612732161997,21989622096734867e-25,4540675872314308e-24,0.526779705156711
9134812606476272e-24,0.08952701056980869,7903067673883539e-24,2039394211954314e-22,3538425150585674e-22,0.1903964480038945,0.14226552739906156,32621937423081387e-25,23515041351207907e-24,0.5778104124305982
4699874775809613e-24,0.009924075958769454,11023069530513496e-24,2260412604607511e-23,33242836189828404e-24,0.05806177936562205,0.23458434817866067,11079303947994176e-24,1040364503857843e-23,0.6974297034440933
8387051267785024e-26,12231772748577584e-26,1317858024649782e-25,16214330391993807e-25,872325377897894e-24,3311555351072416e-22,0.20827528060936595,11782878209436042e-26,1746971828684867e-25,0.791724385110997
20965052273194188e-27,35630163234468267e-24,26572468465481347e-26,29537509719781427e-26,2686627931983067e-24,6359057504081733e-26,0.26192051948295475,2229750813991097e-26,36605930630759076e-25,0.7380794378728515
4155069852374043e-27,13535652243623356e-23,1407639073570489e-25,24899207385796516e-26,4384458057557823e-25,21354392632731914e-26,0.23811092517872692,14545430661535986e-26,10748276738381203e-26,0.7618889381660306
0.01628631962472774,0.05857386291223581,8122998090585175e-24,36660250846435073e-24,1539452739827228e-23,21244523252110585e-22,13125631169095207e-24,7574343157266216e-24,10621197481883168e-24,0.9251376015116002
0.013775591595299173,0.04689502480938845,4212892131967863e-24,7948604138902043e-23,6674008851066708e-24,16241712127186405e-23,14701639252369841e-24,4532373057266073e-24,9582569123605672e-24,0.9393291019886669
0.01566728244847903,0.045101286730731244,4812786504318471e-25,2906984660809776e-24,6704193811482495e-25,7661175738126876e-23,5925377691165752e-25,3306972730179717e-25,2219357238163359e-24,0.9392313470077398
0.015844427682104475,0.0011189336003173292,3949494288715022e-23,6252001139737592e-22,4569265286913273e-23,45027399737832436e-24,22336217714551663e-22,4091481350016702e-23,1514238870329585e-22,0.983033457342961
0.01456298894715555,0.008040086969910086,13332325249539118e-24,26834528736657764e-23,15201068835389828e-24,2488201561036451e-23,7273166426911289e-22,18378533593736587e-24,1811699066074777e-22,0.9773956754588435
0.015378866891170774,0.016758552581261493,7473408438519631e-26,18685217492255224e-26,8544266439373533e-26,7911164789808129e-26,43911687347210644e-26,8238555286813444e-26,1409913641624323e-25,0.9678625794388999
0.014402399769385081,2871481050502539e-20,5150987952523473e-24,27549740589202363e-24,5656690340115117e-24,5835246723202899e-24,9718347971739822e-23,6378442315919387e-24,49392357740777575e-24,0.9855686882732062
0.018132783695651394,6906575525450871e-21,848075161269246e-24,49888943961313345e-24,6922607088216785e-25,9536578897252138e-25,19478665321238093e-22,19984647653395793e-25,10866010672537466e-23,0.9818581988209599
0.01988489395960733,13757757682643422e-25,10251461396992796e-26,46299866517200787e-26,11428620467544638e-26,11339789858997233e-26,4139437851152371e-24,15372363832836913e-26,0.0023611390026478584,0.9777539606008229
7928621152008666e-23,4397790067221882e-23,11099931289060746e-25,17162383779530513e-25,18372728327620785e-25,17193892815098045e-24,0.14847111647488367,2809998675640234e-24,5260692358544887e-25,0.8515287350675286
3783973419020275e-23,2169852271646656e-23,11196607249934715e-25,13187327095830813e-25,12110002483836822e-25,19254622640360407e-25,0.10844765074992735,14758168896056445e-25,22802461073220207e-25,0.8915522803808739
4753738135886303e-24,5554132212755175e-24,21904921319884353e-26,31338587958551173e-26,2041659984902089e-25,6292999843532543e-25,0.1423921929409955,5569145456693978e-25,8970121079252262e-25,0.8576077939313045
2024558645835637e-24,6047071982012804e-23,4279215059210409e-24,8306132244047104e-24,30096540919020837e-25,8426959874785328e-24,0.20067365383556454,24282781614814914e-24,2700439025775028e-23,0.7993262083600186
0.002104912871694598,17301337219275355e-25,7804225631421676e-25,8487074770274296e-25,7248929668090385e-25,7753178228138519e-25,0.23111229909301936,17302063163780304e-25,359027486653288e-23,0.7667827778555815
0.0016037473337683391,7121178438578924e-24,37010566248841287e-25,36666479558952415e-25,36073001046110015e-25,33167555622492357e-25,0.2223578365814307,7676107693511435e-24,16070307356519747e-24,0.7760383709254266
56333926122252846e-25,4815919659135157e-24,2420748451189762e-24,2486019085063572e-24,2248157371664627e-24,23381003830714962e-25,0.15702396348265188,5081659623910987e-24,15711267703895265e-24,0.8429759957822922
4952624191613678e-20,61013819817710284e-25,2703245413479104e-24,29341644760041918e-25,26830952087956887e-25,26518619168402307e-25,0.22514842439759533,63050270038541426e-25,3459596925859053e-23,0.7748019913856852
5276745427404839e-24,2502230216969208e-24,12970732397406837e-25,14149737497853947e-25,12455741432335244e-25,12369261087456687e-25,0.20640803981964234,3206117345885313e-24,1589759441062182e-21,0.7935903542419716
0.0009299000064510035,2925116238536155e-24,18566311848145662e-25,21040712826836155e-25,18319716428023205e-25,16208962990281731e-25,0.1121396283862336,5581631060866435e-24,0.08487630526272161,0.8020541504242743
0.014918981159644783,19176437015023492e-24,1387609883106535e-23,3414997090741118e-23,3900884696577358e-23,10366909701757814e-23,47336143751434535e-22,6068529635291427e-22,0.33228987315928765,0.6527855953333174
20360718718704838e-26,45273676982497864e-21,10658191299788182e-25,133630974154852e-23,9664215808599073e-25,9127585491598137e-25,0.5866779735606334,9651460604403837e-25,0.09295197982635472,0.32032476748595123
15135365108934814e-26,10025757941670857e-23,19115223125209878e-25,25803319494820643e-25,14363490316799502e-25,1839852894531463e-24,0.7507947279881911,16205847320267908e-25,0.15555137197023317,0.09365379024452836
6244589135416026e-27,0.09054457360920411,20467153928888132e-26,19597202964231714e-26,20488288755018092e-26,42166937892360577e-26,0.6566607327288567,11253119800722494e-26,0.25279469197998533,5359808307182176e-25
1409392369480764e-23,0.033446007652524604,7700459675572255e-23,11047897899767141e-23,8054224409140578e-23,8680789683517786e-23,0.7416185173497282,614438681237289e-22,0.22493482784431187,21678181918775673e-23
5329510120855357e-27,0.036299846726382375,20179844780191188e-26,46078746022444406e-26,29876943557361704e-26,3820915297810817e-25,0.7161529241208718,42913277135231585e-27,0.24754722710608043,6554942222381538e-25
21205257001063595e-27,0.12386834639117576,3446663556215163e-25,9675328880122208e-25,8253667528253049e-25,12854660316821375e-25,0.5181285014400461,10500730918579146e-26,0.35800314769253094,9264552240693079e-25
2451326609031216e-25,0.15559121653981806,510256397855019e-23,15412517262763036e-24,790844105637458e-23,24825060837700984e-25,0.40056900965350956,16219122910364574e-25,0.4438397289997653,1203333628444171e-23
