5219304993536322e-24,4301100953549069e-22,0.2506341148735867,42067196728225074e-24,1012321642970124e-21,0.07697794919535075,28299776708355317e-24,0.3468441744947994,0.32554208855410655,15486415415380592e-23
1373234289677491e-25,9800489563161746e-25,9389771572046756e-25,5386763012847821e-25,16817542335314184e-25,0.46762414468052416,8736237993966397e-25,0.36509516197680675,0.1672806872293912,9628721764757867e-25
6662744674384752e-26,34557749203419804e-25,777985825828041e-23,2218946374871732e-23,19291378381171184e-24,0.5280870755277803,10224106194366682e-24,0.27809569608111645,0.19381714543440753,1995597383144251e-23
2183972353865043e-24,15280749157141005e-24,7951010055488498e-23,22734467549075364e-24,2438987361814816e-23,0.8921136283990225,18644443061276193e-24,38017586014765486e-22,0.10788238036092906,2673799231560101e-23
18617406396809382e-27,4877073310205269e-25,0.017957897281079757,8039129327194124e-25,4914670116467162e-25,0.7096289226711768,5083946666122536e-25,0.12973880825641274,0.14267436866576716,8173421235156254e-25
3426578760549743e-25,12264038053999517e-24,0.0848786776371661,12904836297528747e-23,189404462270589e-22,0.5612526231738189,6255619359759845e-24,0.14817412369029545,0.20569439832528352,10322284868437683e-24
15815062377961427e-25,17138991877556708e-23,0.06504644285266827,41946170218110004e-23,19087569379320466e-23,0.5258922271407177,7288278519095944e-23,0.21108519439658158,0.19797516833845438,11107997642455014e-23
8458054519683268e-25,13808341594062921e-24,0.12003390602922637,5064284173072833e-24,1740443545252578e-23,0.5342364040916927,8423564752653909e-24,0.1567535890494408,0.1889760430868541,12196077504098106e-24
8467259734490504e-24,6856540434763569e-22,0.11603122896474476,6742008358221606e-21,9905302824141746e-22,0.5311761387700933,21356036097709872e-23,0.15707791490185458,0.19570559109015007,4860529663024106e-22
4638684485583117e-24,24632524798269377e-23,0.08971099034883367,3761945551437491e-21,22992560074163295e-23,0.5865893106820036,7324512037462313e-23,0.15910084421078985,0.16459440835606556,13032211975697357e-23
3922032049910138e-24,40958946710309013e-23,0.10943084759495696,0.05001532832106744,8624786927338948e-22,0.4082495708843694,31475367884870566e-23,0.23407773281479213,0.19822464650661223,28313432926136425e-23
1454501557456578e-24,33442809841329794e-24,1037020237478175e-23,12089609684934037e-22,26652603797476435e-22,0.5170742535390093,4923250306739787e-22,0.4829203817852683,11502125305161415e-24,9413594569982127e-22
15566612506724982e-24,13148543771557655e-24,5201090977989984e-24,12261433726659694e-23,0.07030073270455572,0.3457815318712786,14893857587336564e-23,0.5839170909901565,6295567918691807e-24,33266933622609485e-23
29020230809516784e-24,5443783304778372e-24,28995424699321234e-25,8206318189496456e-22,0.08394441117879808,0.3328036090199345,2446137749868033e-22,0.5832132422836774,534637382924633e-23,3762956181872365e-20
301403893260511e-23,16100369648995295e-24,9244290991262316e-24,24270553290005472e-24,0.028336776916360083,0.21776907285008962,0.0002229862189581398,0.26790804181194416,1528249634306584e-23,0.4857630542908362
2016474864800205e-21,37693727838953593e-26,29269309146336384e-26,5146629425208264e-25,0.4345525992735386,0.11838027273085407,1384693971114881e-22,0.34914097026127394,36000499832683803e-26,0.09792400124564753
16405662330469143e-24,6178670150620849e-23,100108979419841e-23,7808222209748874e-22,0.05314138340033701,0.2811705030233872,0.08835411369618143,0.19798933800077065,6681153780183758e-24,0.37934379518249695
0.0007341167750838564,6361237564301108e-26,4022476102142643e-26,11103985578449305e-26,0.4986111253778134,0.11815306862925842,11834323102518567e-23,0.21261985516587234,58990207812098e-24,0.1698817154347411
0.0011211315266591523,4448657592241601e-23,27778677469253837e-24,7409433012884474e-23,0.5099905960766996,0.11561571016579279,1599467493963397e-20,0.24995828891825708,4350453544140849e-23,0.1232980887736926
34001261239422684e-25,30795257658676594e-24,16381633824151212e-24,18988982654074072e-23,0.033372259262868235,0.3676479791799619,0.0002090738541382008,0.32824794323167716,1465994579670191e-23,0.2705224893496299
0.0004557490802255936,8556130330391352e-26,13646534925073955e-26,19840448577568475e-26,0.32699335540915286,0.10833460569231064,1295469720066201e-25,0.4221274225499749,20433287022986953e-26,0.14208886651386976
10530011610532735e-25,8700719316149536e-26,0.3640030883349708,0.21402554965047155,0.20996556539073846,0.2120055882042098,12923403644640751e-26,20661309343513614e-23,2810004152911535e-25,2566047016858956e-25
0.0014556652679142113,10523912738379932e-24,0.38980346684526446,0.15948624107467424,0.2618962921244605,0.18735789449392065,4196948815460563e-23,14102376830333905e-23,3864578521496441e-23,2080308119267996e-22
0.004504615988939762,17889707764063525e-25,0.4739997561737166,0.18195842779397914,0.18132555945925152,0.14086487537750217,39548168453581155e-25,5547195494585482e-24,0.017346584372366324,1695483115275976e-22
0.0051385439372345154,3386864166960315e-25,0.47694334246175474,0.17956854064178582,0.15922828076682824,0.1342571014544043,1094833934095855e-24,5674784404005566e-25,0.030618965884489535,0.014245222852386656
0.004052187182056842,10559769139543755e-23,0.436254430101728,0.13619284342108465,0.18492875413302584,0.15117517991569068,2830176853363409e-22,7519913665464998e-23,11291987277629725e-21,0.08738484944456952
0.00360832137447951,26485998318221263e-25,0.4241200001734305,0.15809631513391859,0.20557517866128225,0.14753371510966448,27005555302526588e-25,13101756627074079e-25,3754174576144518e-24,0.06106645913373758
0.00271030272182514,19360658718446284e-25,0.40666470381416375,0.18756459993860775,0.20392043330071813,0.18545210583517485,13542121452559425e-25,9085259252126393e-25,11512191486284413e-25,0.01368784903973094
0.002836389032760076,6734545131924061e-25,0.4114048060588698,0.19305591775417438,0.1967144108513873,0.1843090831381606,1237805558489676e-24,8832834040066151e-25,45538668478053185e-26,0.0116793899148413
0.0029133956918050616,18029133239784405e-24,0.41388919142354363,0.19589199327195675,0.20933120932168722,0.17794963996311297,1558482865380846e-23,14930909282677788e-24,726547598951907e-23,24514525117906504e-21
0.002473387963267374,6610930655166929e-23,0.4070816512730254,0.1845064000236554,0.23706384864821936,0.1622514630276265,4884849393379012e-23,2920914239220724e-23,19859070984387047e-24,0.006623085038085435
0.0013786623626657149,2272719113167798e-24,0.388068078919601,0.21874332116765885,0.24641374827016294,0.09317610896487481,20945444272408305e-25,71369362577881e-23,4419092339848931e-25,0.052220074792165096
0.0021819738700501723,17786746881713968e-24,0.4409894741201895,0.22692017084567895,0.15089657041233057,0.12815599013515852,3411799091911828e-23,15385745830487864e-25,11572785472480167e-25,0.050855766016787124
0.002591948791605022,8395439417145586e-24,0.46056362427471437,0.17370698200475426,0.16766809931438278,0.06552092194027707,0.02080703958921889,18710517154032038e-25,1378937472148003e-24,0.10914137243961634
0.0028321620803787766,9447849755993023e-25,0.47659790186626166,0.18395296881740744,0.12007468342494886,0.08731517820216755,0.029099906403595038,18544856024334117e-26,9378273650934837e-26,0.10012719798117567
0.004023820857180936,7735949495114467e-24,0.5043957817358862,0.1843477686593741,0.11241222673972003,0.10619462930141425,0.015849895193574663,7623476066173516e-25,7844735652179092e-25,0.07277586823017156
0.003052766889991449,7039696418800954e-23,0.5102069358982487,0.22579952142543128,0.07168355859445562,0.10348827865468012,0.0005613870643134366,20892490243887444e-24,105271645525498e-22,0.08520744965632104
0.002110550534793384,21365658350571143e-25,0.49061821399417643,0.252887105114439,0.07716978310288851,0.120739579638448,0.028315643038063266,5142140442840618e-25,21216859025826867e-26,0.028159121714262932
0.0032102639630692846,6376585581169076e-23,0.5678813385235801,0.24652795061035418,0.05291893203959103,0.05443647597934059,8456651122386771e-20,12305380779547788e-24,4670348720409604e-24,0.0749403916313022
0.002208368351591353,6473929753435633e-23,0.5335223960718634,0.24539915984793356,0.04942518299243087,0.056706565506213516,0.0331038069387673,8260596575109552e-24,29478031691319686e-25,0.07963444434349999
0.0015116108288307224,7808620525472883e-20,0.487404507812713,0.19204637692682455,0.1955648003210444,970976428156586e-20,0.12338422155744513,12771364132369923e-24,5150043605577634e-24,6686610232262429e-22
0.00042404087345182816,0.0332351591552724,0.46943873569742944,0.12481566543797837,0.2738388083654957,5281391859276343e-24,0.09824756105304393,2298024063788738e-24,1217923866459448e-24,20619987914051185e-24
0.00027411279227075114,0.05579906675703572,0.4898840251156629,0.14060447734280251,0.19608356455464837,1528555903113574e-23,0.11735464268866583,3599564170066116e-25,14149246764065439e-26,9496190513727564e-23
0.0009410018836210475,21050493417299718e-21,0.493239784583255,0.1755779794662789,0.2019379333969884,8583339697921435e-24,0.12828222538283568,30592585539436204e-25,12686460962937351e-25,11882182725385649e-24
0.00018826136688552948,6458070802737569e-22,0.4574866264889534,0.20677953070584942,0.19869225324999307,35807142333120913e-25,0.13685267391356673,10461145017722932e-25,38458687780575833e-26,34562640308543545e-25
10545698579664125e-23,25321638095887565e-24,0.41836281479576776,0.1820154255773786,0.22562945023601538,41263645642915123e-26,0.17399217734250041,23573764652037395e-26,8734346641191687e-26,5318784986547857e-25
0.0031234464645467338,31904068431420495e-21,0.5258220050338277,0.18943356972283476,0.16314798826870813,14125543443682508e-22,0.11843950717281541,4726604174149745e-24,2021572575192238e-24,15996631691184717e-23
0.0037969245992822438,1296755419129086e-21,0.545802646753592,0.17948772467627921,0.17068343169606412,13303889784706682e-24,0.10022792154515975,12513061336945282e-24,6279154270470547e-24,21878093613543884e-24
2309070581193822e-24,0.05322696905593341,0.0005200334360654191,0.09254556805802457,0.19572011506683437,0.17195104111068854,0.43543658004252084,11449383447003824e-24,0.050599671179730125,8291745908327498e-24
19748255847345243e-26,0.050277022768157854,0.0083943333024696,0.08729748468397913,0.19324155437028157,0.15310564532940713,0.4500604838572503,7762673234524149e-25,0.05762347406500158,6496424328924193e-25
5737990316452361e-25,0.06724142629605999,0.06906581254682129,0.15128161880615434,0.03944877876509728,0.13635191601700297,0.4589339032089959,16440178184496301e-25,0.07767654035090987,17911442752018747e-25
15995064458620807e-26,0.10744375867337475,0.0547794842514526,0.11545682674826296,0.09268468281620443,0.12301053009115617,0.43269334428620515,4959953653719974e-25,0.0739313720542313,42319990237764983e-26
6636223530017129e-25,0.09252822921543832,0.06529450427968837,0.0930681052562795,0.1704540755134263,0.07611768138937289,0.4378513504478663,12994298056267864e-25,0.06468605153361152,4012579230424665e-25
9582590497412664e-26,0.060858277532638116,0.05221930364445149,0.26118558708716966,17198027207846587e-24,0.1424162991119808,0.4544680108847822,6161038232200741e-25,0.028852503166143163,6633206176740867e-25
10794932979262493e-25,0.02041735646147611,0.06268003333032128,0.2590612156270136,8013683727594466e-23,0.08556920622634577,0.5625415373229623,5031512829384857e-24,0.009730558729073904,6054941995632821e-24
2640904467903683e-25,0.0419875182002036,0.12041722991805652,0.37024337977037375,3248674684225214e-24,16516672095243738e-25,0.4669453662182831,10912050691483538e-25,0.0004064984614005794,11762588711783942e-25
6415299986703307e-25,0.08987681489091524,0.09353767569502468,0.38146602819266395,12789207375879403e-24,367441272344767e-21,0.4351190582576129,38673968084773215e-25,33957422364980276e-24,4266943970854772e-24
6306026396550676e-25,0.06441000598704309,0.12316699761628476,0.43210463347676803,3908389343953421e-24,6077951261039418e-24,0.38031833956271793,7791763858251065e-25,1087385749757868e-23,1081890086497613e-24
11916256001620782e-24,0.06237145128963066,0.1285554991835064,0.4516188870393976,1919119399905252e-23,4180392604697107e-24,0.357454093175387,31915109812070924e-25,2691288854613755e-23,39198999695686755e-25
11894528130317325e-25,0.06537152672913603,0.13423317110989344,0.4248303941807461,3672176932137205e-24,13508971368921201e-22,0.2845471883150272,4899528085680345e-25,0.09101636256662282,8505257120854354e-25
55677418401236846e-25,0.12635913392697848,0.16916159823978058,0.4884038892464978,14482648494020614e-24,0.08768535954117951,0.12838981574131947,7246903479293824e-24,1685218594983979e-22,748516573380752e-23
0.0001559188618193846,0.12172574170562835,0.20931351720649685,0.5209326544283361,8557465410673022e-24,0.0028028492575814436,0.14506929080954012,3372678522349079e-24,11770952249280342e-24,4030197470511241e-24
0.0016517961253251095,0.09949341285891346,0.2369930691673053,0.5091343431278215,772596386666131e-23,10434064761204727e-22,0.15272631500648512,30629056272387312e-25,61360751361630496e-25,33819670015446162e-25
0.00682723881863976,0.010248567692471641,0.34263799229532754,0.49704894689081913,7921556939935986e-24,5821540915712682e-24,0.1432372348515626,14893185276170701e-25,2637690999240788e-24,15812456818741072e-25
0.007479486634810611,22149432660905938e-22,0.37216084282929496,0.47484868405235026,3434801265986503e-23,19423381581558396e-24,0.14550869170648661,7314031378561455e-24,11064464761133592e-24,7683860620304774e-24
0.007267617699758662,8206742332278541e-23,0.3866988267629916,0.43731439243015086,22547182203584536e-24,910564409999418e-22,0.16871895356337546,4160005381239259e-24,5395725915106294e-24,4316902097630455e-24
0.00809076080377965,4837099705049379e-24,0.2975385764125688,0.3672710819808238,6642974177610247e-24,34510953593035486e-24,0.191429356350487,17883752111833902e-25,0.13567017520495545,14679667973509895e-25
0.004241030230270666,5420931479949409e-26,0.19314905140725866,0.32664711405281743,48314209336874764e-27,10141413961286578e-25,0.4047055164380489,7635933139440064e-27,0.07125728673812358,890764545938021e-26
0.00320734627218976,13270174875575921e-24,0.16806725172933493,0.29868477725788606,7497837681551005e-24,10768157946975901e-23,0.47962144391017947,14946625769839876e-26,0.05041905208097469,15037576939110452e-26
0.0029750865657153297,18447641280742705e-25,0.2039232678296142,0.21464550444559333,9179654412764868e-24,9990517255548293e-24,0.538949296795018,5823746052452853e-26,0.0395068232251272,657753466094574e-25
0.003834386486239724,1919837247167766e-23,0.2378252234229573,0.17746459310748333,4800668405644837e-23,1078381993552429e-23,0.5313001394934974,3983332994994242e-24,0.04957557020546829,53121410419875185e-25
0.005147994872245441,6914495163651291e-25,0.3824957622621179,0.043396529052044934,3765403574565145e-24,15140252531719456e-24,0.568959693765342,33814306435713967e-26,21174267191781952e-27,9109813810704797e-26
0.0007175012798766936,22102695804606256e-24,0.2666375354805093,10361614743538068e-25,0.395573594879766,13802984429224076e-25,0.3370713403544091,6392404112596326e-25,8663183126706057e-25,19799284290997215e-25
3032393008434623e-22,13274517758627941e-26,0.6166959854680628,11099041016039879e-26,14560293058681492e-26,9408270491139593e-26,0.16083653443703236,32285247302952097e-27,3080341697409852e-26,0.22246717630951077
31038222825149814e-25,0.04906980420127619,0.950930039535865,24764494300113333e-24,4966114294332088e-23,12844423173590873e-24,25960089183444143e-24,10322606803305243e-24,820840071758486e-23,214004374961453e-22
3674093672653387e-26,0.028530314323519174,0.9714696702035794,8779666346725968e-25,13136249568791878e-25,2561462868811101e-25,11854043740332177e-24,19455940849936616e-26,1865631791637632e-25,7529513790512898e-25
17324916486877542e-26,0.029508345221325782,0.9704915873697929,5109279662911359e-25,12448037303010976e-25,28988070239920986e-26,6458492521827974e-23,27482817347138213e-26,33350583654050754e-27,36017622497231926e-26
17294417755254692e-27,0.029410912052485347,0.9705890006253948,7223219694332454e-25,14414596479209055e-25,9420802289564903e-25,8348481176639664e-23,1552091738385143e-25,4941309075015932e-26,5095335409070415e-25
1505563451074458e-26,0.021538620181053594,0.9784613464815024,10756975022264006e-25,2564260653966134e-24,8083654982014233e-25,27889513754118562e-24,21799308506256947e-26,8401974181314041e-26,6838014322857847e-25
25009336520277274e-26,0.0650974699952849,0.9349018147819229,4441528833972278e-24,3887629452894779e-24,19605294563134286e-25,6979011558813115e-22,17208957544054732e-25,11545729318539972e-25,3906511499068154e-24
3623677217005702e-25,0.06596685891813164,0.9340329691304153,2737257221813786e-24,325764411725745e-23,12377887477635517e-25,1606096671542332e-22,11501229063583294e-25,6596514560132196e-25,21877278792255455e-25
4790695050003355e-24,0.12384893555847575,0.8761314639749389,7050333289440968e-23,50021093760670774e-22,6372056638073823e-23,14303801795080459e-21,8027260267863629e-23,30824802286754775e-24,4447511306213381e-23
0.0006010026490487457,8787573059541152e-24,0.6377992718134435,49136449806982124e-24,0.35165966801066906,6619649087526996e-24,14619295812580734e-23,31610357368119757e-25,0.009939837364889447,6232136578189663e-24
5750727828517806e-26,16268958733568094e-26,0.10333331924503619,17450827381615378e-24,0.8966666496147899,52426539889419476e-25,1470782491511488e-24,4203264004489001e-25,5853154501743876e-24,4825217687119714e-25
21529608229251187e-26,2974596927365329e-26,0.06035110222227414,36314800252675706e-25,0.9396488837545461,1553168439101254e-24,3631879473836171e-25,5354107366467963e-26,8082618120041358e-24,9413052321834504e-26
0.0009668469419549613,10921388965190923e-26,0.36615641445573144,42809461572105846e-26,0.6260668760792947,0.006809861011672701,7284583551469235e-25,9456090840914901e-26,4796317886689559e-26,10303040625559239e-26
5607695042520498e-23,14483132698344913e-24,0.30357036112157576,3199220257239467e-23,0.6964294516484318,3766308976940542e-23,16381568973389443e-24,1203409691370538e-23,6495870289673054e-24,12110445268131944e-24
0.0005244560054077995,10503458742671184e-24,0.39784306496944316,2035797820737926e-23,0.6015894364435933,4154116404133354e-20,14471777686729462e-22,8644828973973466e-24,4936360832753811e-24,9797145292480359e-24
11659699157007691e-24,21976633905427993e-25,0.6482162989368018,14853064759747294e-25,0.3208892841208063,8782771283587012e-25,8575659910768674e-22,8790562651802258e-25,0.030893540995666106,12806648535623374e-25
32351982450642586e-26,6424324388189567e-25,0.7750917386016333,8239669949426223e-25,0.1835674875392176,4804389945168784e-25,3768776335631955e-23,3464760313158624e-25,0.04134073306949857,4850507184594342e-25
33877745947456135e-25,5348010196003125e-24,0.9502419048077273,10468806916707178e-24,8745883763966842e-23,4340024769866377e-24,26532528946321013e-24,43952389031057736e-25,0.04975794868291957,4588962615024283e-24
11345900683413817e-25,15905184725970535e-23,0.7656800920675352,15654206259290035e-22,0.1891977557734069,4495860758148398e-22,4690133374829592e-21,15235457603258312e-23,0.04511500211627154,13236186417610965e-23
23168875679474232e-26,2777028653758262e-25,0.9411680784158332,58154432786657555e-24,0.058831809710885745,11136799487661633e-24,2304026397122127e-23,10282166498563527e-24,4627382929800344e-24,4123673573801727e-24
0.008145338329101838,7757160458099269e-25,0.6053604131074228,0.2291902190275481,0.05126865515748411,5819158356208248e-24,0.10603536434810308,8387994476264884e-25,20813647210974435e-25,5152997822412312e-25
12870874813305787e-23,8948651531680413e-24,0.25209923531399747,3676556876350112e-22,0.74790009001074,41790719917475395e-25,14922748812939144e-23,4380007902512912e-24,2832914206209057e-24,8742797027517123e-24
14749833398398777e-25,5674330499712781e-24,0.6415802259908303,14069154150740615e-24,0.08897687155963331,53316615113413185e-25,0.2694417544066679,12687580716662468e-24,629230857121598e-23,11025130917644423e-22
9919240059787217e-26,13748825266128735e-25,0.5999402099860577,31205386252932294e-25,0.08566175829887299,11109567388589358e-25,0.3143980167744803,25455404031933084e-25,11284080034793303e-25,556168774929973e-23
0.00811952428655047,2376553926361652e-25,0.5524406866034579,0.00903298958277924,0.13231086771281225,21729576158604285e-26,0.24418999487716941,8935337149632757e-26,0.05390593629855354,9328234790359819e-26
0.0034053188906477947,5561353136633812e-25,0.42538299946552527,0.07472784115191018,0.20760568671827506,16243934012728881e-25,0.15442057239819332,2747573349184246e-25,0.1344575786645667,2555677695756978e-25
2921142413258661e-26,4111221988654455e-25,0.9344777555284225,30358144533851674e-25,0.0017374714898802485,16934955139531742e-26,1412449986159646e-23,16460620296566282e-25,12444499877767663e-26,0.0637847536568829
22311939955123546e-25,2170514862405161e-24,0.9962297022068357,812448739180962e-22,0.0037701736448807546,8565955650551835e-25,9345389956182048e-24,13682699041027812e-24,7536855742092841e-25,14680637432104346e-24
5591085451758384e-25,2216544782279326e-23,0.893672590803994,39621961748749755e-23,5877760955683051e-24,254674060549944e-20,2738640498105276e-21,5063175327324998e-23,0.0021726490180009076,0.10414900006463242
1656960796746409e-24,10650992003016105e-24,0.9632865228463694,0.03436645980500447,821848870012223e-21,0.0023460077225137014,9356934186076937e-23,15413148380673347e-24,50353243278191225e-24,16132845545114475e-24
922663762069857e-26,18276533142031371e-26,0.8431399871149252,0.04359939520588777,0.04672001311165032,0.06654059365287893,3623731734580925e-24,4235279632488287e-25,5943097802129997e-24,7323076435349015e-25
25354736287762088e-27,17758211650032418e-26,0.9462684217277376,0.04247318728887844,15712156519706074e-25,15324802502183305e-25,19355142673825837e-22,20477093864737269e-26,0.011256451674079746,28415296135727274e-26
6422015192699395e-26,11927842750481564e-25,0.8318003482734887,9798345215446934e-21,2177687956090375e-24,2368544388846018e-24,2881624910735446e-24,14699510924937878e-25,0.01682092734685543,0.151368915879423
2667966315395675e-25,39299746412492535e-25,0.8364079399943444,8638700711974546e-22,56998599590235055e-25,11900164778792127e-24,9314903844713578e-22,1752982283000535e-23,0.012235699327227798,0.15135452704130237
4969388192097506e-26,11077523590757158e-25,0.8207784119049968,2213640373893945e-24,1291504666471526e-23,13488638424052822e-24,0.01865721802847949,0.007836145649581806,4235459990194184e-24,0.15272819040512414
4016813688630617e-24,1066028404726096e-23,0.6590749844836719,18918791803106412e-23,0.1535934748760092,5372335701511329e-24,0.18733130614079946,12699006391042248e-24,4379087763860641e-24,8205102803815836e-24
6623245888980313e-24,26994134531758413e-24,0.5824900470650748,0.009352952356943472,0.1843612824161637,4192203785631109e-23,0.22379556442149728,27056120661955116e-24,26125617786752804e-24,25019158482516753e-24
576958526068763e-25,5431120158347414e-25,0.6401540609987023,25324465022334493e-25,0.16046771476638083,8036228509993118e-25,0.19937821876783793,7113738427627427e-25,3395115019453274e-25,4793261298620131e-25
3140903240684847e-26,18659986807112394e-26,0.6658163451345254,0.014967306681839007,5334454601919962e-25,971509000825735e-24,0.16775632369806626,0.015546520950146739,3795963756597547e-25,0.13591350143275518
1281584094300775e-26,2904325488718863e-25,0.7743512443977031,11965977464412861e-24,0.20775143709048036,7873899554532882e-24,0.01789729626757075,8536576129498299e-25,1555026898967746e-25,10918697395427085e-25
20789923353510487e-25,7511204112795152e-23,0.9999801602111739,5619334298722874e-22,17280641100284775e-21,8348804501368246e-22,6102744113468637e-22,3260764680314899e-22,17211222705663422e-24,1316442562436132e-22
2780075050649998e-25,4781701687885591e-24,0.99511837715521,8514168656441033e-24,0.003983156276028549,15269915764817835e-24,0.0008984246177021852,63777664942236035e-25,26968147796080902e-25,4032195852183152e-24
21510597844669313e-25,5883427540611637e-23,0.2990670430468882,8784511409233115e-23,0.48486535067337594,5043266074240825e-22,0.21606690186756808,2510128032645359e-23,9444436695429644e-24,1671277698970339e-23
7047178285558916e-25,17198852656732167e-25,0.00018421303465905595,18682001778320446e-25,0.6951119430115766,25779878780885475e-25,0.3047038340687779,13801106821779703e-25,7575975938576708e-25,8765085628893139e-25
29477700941696036e-26,29087110848255366e-25,10304574227047338e-22,10199991542586695e-24,0.7229521728510688,11312323253389618e-24,0.27704676314527044,4016822814584151e-24,8882122227586663e-25,3925153050750963e-24
27121326606397337e-25,9937352044803726e-23,0.09126936586616503,14211908381867081e-22,0.6677389856460002,12130174992310017e-22,0.24098878807999172,50612437647679733e-24,1409030917153515e-23,59411107853325614e-24
15751634003907624e-25,16179315286763726e-24,0.21306861849869155,0.04081577011520027,0.5798942330289587,8916922996958964e-22,0.1662204174251507,28111463344300078e-24,50745415254461694e-25,1829859508180652e-23
523818526377439e-25,8647244397474523e-25,0.2988945687467573,0.0316033302364956,0.5205014557136377,37644203811205225e-24,0.14900059815312652,479692469854294e-23,2875476243062321e-25,35038670189703597e-25
21274131554113883e-27,19311010227427697e-26,0.37911673262032497,0.11167561439556468,0.41215877622932573,3887538181988968e-22,0.09704848541704153,1433562867406071e-24,54593190457970655e-27,8817860754709378e-25
15460244541650653e-26,15771093432689987e-25,0.2339164941319126,0.09256082913523217,0.5231116908150181,6285771567368431e-21,0.150404670054932,20260708271568892e-24,5474862454715861e-25,7551457780236129e-24
9245158513754946e-27,17260270540116578e-26,0.1672076675239208,0.0938501830952914,0.5624107648521511,946543608487016e-21,0.17653043004213817,6371090420208083e-24,9864668689106195e-26,12913234569314628e-25
17352992644472576e-27,4916634428818149e-25,0.08046595349699263,0.15232967291901123,0.6180800368533669,4314575367653373e-23,0.11480403045662513,0.03432026002530687,13359756100201087e-26,24604645228484625e-25
11633142570134418e-25,36278878005326126e-25,15592292933370798e-22,0.2757814072712168,0.7126441806018422,3013344853481206e-23,66563052592760694e-25,0.011572803078469047,13137054766372851e-25,6926517441134413e-24
9707498329298369e-24,2427790239062663e-23,7416232385444046e-22,0.21214950915432773,0.5512704477138517,0.000294029562200484,28690003751824527e-24,0.23628518498352255,5935280377569253e-24,18352172382685637e-24
7938024730588227e-24,2778934060502251e-23,7385675885841627e-23,0.1704162291793604,0.22156275606318665,32931337892513326e-24,46365673748410345e-24,0.5302871289313742,6800194153440718e-24,0.07773369014469779
6608189263478024e-25,5467830330398208e-22,20538879643631195e-22,0.1503659920992812,0.18805733532845909,5594199375232509e-22,21275425276527022e-23,0.6615730349919063,12558887060900505e-24,25151547549331285e-23
24256096212272078e-24,17607416918997427e-23,17992823703501038e-22,0.1877962972795112,0.8121987703539139,4044405935507267e-22,28702624059492594e-23,27335571387199254e-23,868903015350533e-22,18810462712550424e-22
27514267540739897e-27,7926524883292468e-25,4409577240287998e-24,0.18779603086103666,0.8122038852221302,6192042319987762e-23,9772810092339748e-25,11638039246138024e-24,12858336945395404e-26,4027864107201879e-24
5156977900622964e-24,14872400719433885e-24,3471726479865061e-23,0.10215954205608972,0.7630804841157408,0.13475978959975501,12520799058473408e-24,7071879446653927e-23,31341235764214042e-25,4310939529885297e-23
8148503447993386e-22,18230470440412633e-23,2444931255478637e-22,0.1250444839606253,0.7684633116510953,0.10649038198214647,782451322948355e-22,15758856977299435e-23,22895962066393794e-24,3220308123183845e-22
2333826938962898e-25,4265353544961442e-24,3502100959917739e-24,0.17736658143371725,0.822633331924649,6184516946262111e-24,50871146635111694e-25,4396472516851374e-23,6837765114409782e-25,227206963900515e-22
10001705801805774e-25,10384953051625652e-24,9033915441039614e-24,0.1687719469016989,0.8312278862030676,9703481497457405e-24,9574692166073582e-24,7455417555852239e-23,2931555175212738e-24,4971223157968896e-23
7422106675128506e-26,9811101108427153e-25,8007679408579007e-25,0.1181628112203321,0.14231985835959923,8626778948053168e-25,8121468018768838e-25,0.7395173231179721,9191451180315965e-26,36792475189864814e-25
0.0006657278957412251,203725306048908e-23,6517838791045798e-23,0.15653984692086467,0.2156887721315279,4434539433267163e-25,5283966386413368e-25,0.6271039868100661,17531956429845152e-26,1597878892933047e-21
0.00048658542851027993,3616109410614094e-23,10241388385612969e-23,0.140674675845553,0.2043109959628834,12905573616304456e-24,16867266375156954e-24,0.6545269794804581,17771275777156655e-25,5931576755766705e-22
17697398339849756e-24,0.017236200848662446,26239677928626334e-23,0.15295373568356715,0.04527667677075072,14751964739490566e-24,34915013531348744e-24,0.7845216178285305,256587285816184e-23,11436541344205689e-21
0.0014326315558218622,29591067660262314e-25,24921128443050683e-25,0.07926757757342627,0.5869705959139845,16717392055580325e-25,2226091391652286e-24,2170262083528064e-24,23921207205531333e-25,0.3323291810453338
0.0076259271948898675,11843388984195403e-24,7949816805363897e-24,0.046090646322659475,0.3744534246438728,3030294924497595e-24,32843961224789917e-25,35429248858645284e-25,1386330277736891e-21,0.5718285858574579
0.013792801905560021,7247061102380669e-26,6306265273802908e-26,0.009237971944730333,0.1864082349892021,41800079543351073e-27,5942932497223536e-26,5338234521699272e-26,11605437426937747e-26,0.7905609907543889
0.015246295188127564,4451294283226572e-24,36741806078678856e-25,0.0032982841920249774,0.16489668610144903,29309786290465507e-25,3954008026549069e-24,3959743133273222e-24,13168332806360772e-24,0.8165587023803436
0.015934308586867802,15970290076939494e-25,1475202333110834e-24,0.0023950484776196768,0.15464827488519625,6453507358347516e-25,1238216010662116e-24,10552105295814224e-25,2552139590545936e-22,0.8270221068268414
0.015096201795195123,6047328597792642e-25,7399057709760492e-26,0.03371022568588124,0.3104827941268795,11709023205086298e-26,9044365387311914e-26,1196300813843963e-25,4422385799980643e-22,0.6407103351473185
0.01522787077359363,640621158057469e-24,37749317607662715e-26,0.018856502044560308,0.2851034438998971,26037487806048043e-26,32332134451016465e-26,5988882637354392e-25,8223985234810382e-22,0.6808113586827305
0.01158109475644913,17655172763357266e-24,43534366208615384e-25,4809285924496782e-24,2418406177585e-20,0.018874302071367696,0.20580319673664912,0.2626513824873209,14496308365643075e-24,0.5010899584506019
0.011260863316705616,3580403663687386e-23,12533721232007395e-24,12354108053547149e-24,951076256248562e-22,0.06657560068616446,0.2047832001367735,0.22522529601658678,489514431509098e-22,0.4921548350931038
0.017482115507806303,30547397175262297e-25,2185638085776928e-24,0.006458045150518361,0.2256320654651495,10406890373078484e-23,20515072131105844e-25,3630422623174156e-24,32423790439383396e-25,0.7504276556416782
0.01735234477242969,4849147785615286e-24,2931450047263414e-24,0.0002842991618235773,0.19722390806258805,48627410506593095e-24,4294913173212108e-24,4797075152163627e-24,4391222891051223e-24,0.7851393781129058
2663280142586827e-24,51138987229949703e-24,25398721890630085e-25,0.23406908802581472,26163923207112363e-25,0.32253044774535305,0.05711974336402025,29243570212643034e-25,26918771183195065e-25,0.3862806562897029
4215258951942587e-25,0.03589661669447345,14769350887400196e-25,0.19194036699565975,12296389023649344e-25,0.25714245596712315,0.06362146276375119,11965526630461408e-25,19726741090562315e-25,0.45139909128152594
5223651762742044e-24,23324885075246043e-21,8697006485254596e-24,0.24596505593140053,18588318817760666e-25,0.3292127073412852,0.016249241383071277,17743120605930564e-25,13685305958762437e-25,0.40854965153677625
0.013721454817470122,7703738762206996e-23,13052023880366172e-26,7673497273196823e-23,18300343781868216e-24,0.20369304668531163,6284041825511794e-23,5358655532369564e-24,9507141360597077e-25,0.7825852571442515
0.013668286159998605,22384316038454887e-24,70556162671406685e-25,7252006693194324e-23,19162085535676034e-24,0.17794684858950607,2287463825043468e-23,976264569627908e-23,5903896876133087e-24,0.8083847055871407
0.012757104569135445,28819037267163674e-24,16547656504943921e-25,6130695610211032e-23,49420136992010675e-25,0.15086584356129454,7940230016021045e-24,2562044140934996e-24,12048203246928264e-25,0.8363769434405234
0.012616268433737348,1372571287452871e-22,5675105723407681e-23,34905083002192297e-23,16685317917318077e-22,0.11808197959348103,37718752841354746e-23,28323494341402516e-23,28824064159146576e-24,0.8692988511354288
0.012855885319171343,806489220602896e-22,2363100660232673e-23,14299837423174504e-23,7375493357727654e-22,0.10921922629590682,19511744669350308e-23,17407936954761966e-23,4721633893870846e-23,0.8779234871440534
7826595689089314e-25,0.38127992837134356,17160245848103638e-24,16132422221881284e-24,834568046676096e-23,35321648888852966e-24,45915288752556745e-23,561204439613408e-23,38132975973488925e-25,0.6187195253097036
12267232000102371e-24,0.1477709121456827,1394505439639055e-23,31633081573482e-21,5370112559164051e-23,0.2750330882822386,0.056782568099469986,1544895376663048e-23,26593743461045473e-24,0.5204132778834832
5082296276800453e-24,0.08828302199516438,21659919149001414e-24,10675520951216183e-23,44109710867053086e-23,0.20044938229049927,0.15482291682022006,1778234214052097e-23,3373022805312055e-23,0.556444052787008
26682672132742267e-25,0.02280052960004568,6861130557360717e-24,21956215722459918e-24,29205083022511647e-24,0.08865507277385037,0.23701239323773018,6691457669602959e-24,7791352774754413e-24,0.651531929214826
17376948291113074e-26,4421489337960898e-24,3995325835963457e-25,25047088208108312e-25,17867008201027865e-25,0.01939617307586783,0.23952696374679028,44227947012927206e-26,5269246076094697e-25,0.7410768529219394
6126963152836217e-24,49844306546406275e-24,901082082007656e-23,10979346509583713e-24,5938730764798926e-23,6145668074259439e-24,0.28965600135244807,53107841488380075e-25,2575110688885206e-23,0.710343826091454
1032979216522056e-23,7026292283931646e-22,18258640885773504e-24,3775774889087591e-23,937503603155949e-22,11565523106405309e-24,0.2723467543524775,5532800452083399e-24,2697332766952658e-23,0.7276523388501357
0.01721968820558199,0.0006043364137864537,3076328404209676e-24,44933361905306937e-24,5734963302223941e-24,0.06919810731259128,50012401480066e-22,2757337159947965e-24,4437835877137492e-24,0.9129778021268291
0.014467346181231694,0.054620986094117197,39809065958203227e-26,10042479446701522e-25,7276726275077499e-25,22409467437493407e-22,6285542836192627e-25,38250701133972604e-26,6381128555815532e-25,0.9309094229975143
0.016847396278921387,0.058814813166664315,4461238607164513e-24,6137740809457446e-24,5644081550904153e-24,48819365370906e-20,45122812185608944e-25,3946946625291574e-24,11164785075429606e-24,0.9243372664936862
0.01706676455122874,0.022612708912386096,10849902465719723e-26,12268221864873433e-24,14447382809338852e-26,20649176809017694e-26,11779980917366633e-24,17444605661242442e-26,2878658362656442e-24,0.960320498975307
0.015717689904033924,0.02627325651742433,11946983376438119e-25,980517859171123e-22,12807291927380504e-25,33904765186787823e-25,11969518470150845e-23,23754673380734587e-25,7164542495426772e-23,0.9580087559408502
0.016487735047052473,0.032011167588593466,32836072258984707e-26,2010630105219705e-23,3917725603589243e-25,5805609691270061e-25,6199695509246908e-24,7576402872710908e-25,16302610403549024e-24,0.9515010526977192
0.015127027959395377,0.007864361850536385,8929474084830564e-24,2387145444279807e-22,7176269951867895e-24,18644801769556417e-24,6641656665244779e-22,20463862928411478e-24,4621505820772062e-22,0.9770071899452238
0.018782158887957038,0.010721586819462363,10556877337123557e-25,4291200987515379e-23,4995398928886812e-25,1776981633673431e-24,7818614389967789e-22,3065784851550096e-24,6527105501471392e-23,0.9704953578502659
0.021177819304315858,14657786698676783e-25,12000646041700796e-26,3919049374901125e-25,13707130983939962e-26,1319368574672948e-25,28802502477972022e-25,1730148728029824e-25,0.0560379014510932,0.9227842739447188
1470217278581988e-21,17812576897527336e-23,11605392621128039e-24,12587549797355911e-24,20638707228593258e-24,18930803783503493e-23,0.16184667482596873,22921774122763436e-24,1779092691198909e-23,0.8381514019786239
393252152315098e-23,17733319561001368e-23,1000411398892621e-23,4211352328041406e-24,17099769924668162e-24,5794789601014215e-23,0.11989921387135362,1924144571051188e-23,12538014737825136e-23,0.880100370977356
8490510979148031e-23,14668882120886462e-23,25505123443310633e-25,2303291928575589e-24,3656821596440628e-24,1779854450801787e-23,0.14881143638985025,9674000456734551e-24,22488180851354298e-24,0.8511882735448085
67816462454255895e-22,7955388591001575e-23,17200161239433176e-24,2425628316840163e-23,1605206414082816e-23,197832583634093e-22,0.19916548321481084,29903444093201e-21,4930533368836327e-23,0.8008274990846099
0.0014093462088759412,698304080374134e-23,7865901879689972e-24,7602418279464171e-24,8107080908273317e-24,8171211870087595e-24,0.2218108833634798,28976026285666066e-24,2568702032147948e-23,0.776779677034887
0.0010143348017575822,2135159301568561e-22,14082259157846616e-23,13480869607375286e-23,1411090353934111e-22,12721940161320018e-23,0.2130291634117233,3158608744754609e-22,5789297620416679e-22,0.7859548495202057
4835441709779433e-22,13356731355581975e-24,227457200471344e-23,2727682181821199e-24,20431919875700707e-25,2508597872401101e-24,0.1549484771086593,4625373835552701e-24,617201992831656e-22,0.845050950091686
12804076477216553e-22,22243759588942846e-23,52253861913063875e-24,8641265882132416e-23,36608456500363815e-24,44301487154910203e-24,0.21930027751055625,28774792155763785e-24,3116067832324399e-22,0.780697659686211
22935245056151455e-25,7173595218216637e-25,4159136631426584e-25,44005833588601606e-26,4050503105492302e-25,40634844067725886e-26,0.2029675539337627,10977813068042253e-25,3364772036890935e-21,0.7970290755177545
3633720763240992e-24,9442666645552777e-26,8129869169477958e-26,63370692979961e-24,8530545757311064e-26,6757211537358037e-26,0.13932138276662426,323043828203361e-24,0.045843388426076416,0.8148352244575486
0.012114201099783305,18743952461925159e-26,9519658716466663e-26,19472852095463853e-26,16670801774156077e-26,23101889137613607e-26,0.007575576591058874,8468519218421864e-25,0.29743851010790345,0.6828717104793324
45562322314823204e-26,0.004892075211340338,27856314769393544e-25,3411796469556038e-24,25361886928933118e-25,23862305335024684e-25,0.5716061151271806,2475640753019903e-24,0.08056927919280547,0.3429325164174838
7164913034319437e-26,45318003180437095e-22,3946774942986922e-25,5563080595645954e-25,36784170790955496e-26,338392547444989e-24,0.7141150241446667,32981944876277777e-26,0.13406040103204162,0.1518200409642515
18755656291136364e-25,0.11187840340571382,15642934850900525e-24,2344732748939218e-23,19813919941866338e-24,17520984525005632e-24,0.6386399866027784,1121284091348794e-23,0.24948142683423372,9364372036064443e-23
8620882352487514e-25,0.06780752869046035,2906185115876623e-23,21961310962657666e-24,27224714377035516e-24,4671365105675745e-23,0.7016854428294947,13346956183963247e-24,0.23050681575894624,7355072491659326e-23
16368527984225298e-25,0.08155837965319535,14388212420864386e-24,33047486138020426e-24,17061106322904832e-24,20808242888108355e-24,0.6621511940557643,8282034319161858e-24,0.2562902178797208,11318755701482803e-23
20927075622760246e-26,0.15820366931420776,14252278924391753e-25,24054568155702187e-25,19107535952245033e-25,15709885087491004e-25,0.4855689233096822,8688834068806964e-25,0.356227396213611,277050252705357e-23
14131011281558332e-26,0.1837677973955499,20391396275736822e-25,5925196253529561e-24,3193936531081475e-24,17083538822152926e-25,0.38010556056549866,5589075372294957e-25,0.4361266223471309,6124689743772096e-24
