0,0,0,0,0,0,0,0,0,0
0,0,0,0,0,0,0,0,0,0
0,0,0,0,0,0,0,0,0,0
0,0,0,0,0,0,0,0,0,0
0,0,0,0,0,0,0,0,0,0
0,0,0,0,0,0,0,0,0,0
0,0,0,0,0,0,0,0,0,0
0,0,0,0,0,0,0,0,0,0
0,0,0,0,0,0,0,0,0,0
0,0,0,0,0,0,0,0,0,0
0,0,0,0,0,0,0,0,0,0
0,0,0,0,0,0,0,0,0,0
0,0,0,0,0,0,0,0,0,0
0,0,0,0,0,0,0,0,0,0
0,0,0,0,0,0,0,0,0,0
0,0,0,0,0,0,0,0,0,0
0,0,0,0,0,0,0,0,0,0
0,0,0,0,0,0,0,0,0,0
0,0,0,0,0,0,0,0,0,0
0,0,0,0,0,0,0,0,0,0
0,0,0,0,0,0,0,0,0,0
0,0,0,0,0,0,0,0,0,0
0,0,0,0,0,0,0,0,0,0
0,0,0,0,0,0,0,0,0,0
0,0,0,0,0,0,0,0,0,0
0,0,0,0,0,0,0,0,0,0
0,0,0,0,0,0,0,0,0,0
0,0,0,0,0,0,0,0,0,0
0,0,0,0,0,0,0,0,0,0
0,0,0,0,0,0,0,0,0,0
0,0,0,0,0,0,0,0,0,0
0,0,0,0,0,0,0,0,0,0
0,0,0,0,0,0,0,0,0,0
0,0,0,0,0,0,0,0,0,0
0,0,0,0,0,0,0,0,0,0
0,0,0,0,0,0,0,0,0,0
0,0,0,0,0,0,0,0,0,0
0,0,0,0,0,0,0,0,0,0
0,0,0,0,0,0,0,0,0,0
0,0,0,0,0,0,0,0,0,0
0,0,0,0,0,0,0,0,0,0
0,0,0,0,0,0,0,0,0,0
0,0,0,0,0,0,0,0,0,0
0,0,0,0,0,0,0,0,0,0
0,0,0,0,0,0,0,0,0,0
0,0,0,0,0,0,0,0,0,0
0,0,0,0,0,0,0,0,0,0
0,0,0,0,0,0,0,0,0,0
0,0,0,0,0,0,0,0,0,0
0,0,0,0,0,0,0,0,0,0
0,0,0,0,0,0,0,0,0,0
0,0,0,0,0,0,0,0,0,0
0,0,0,0,0,0,0,0,0,0
0,0,0,0,0,0,0,0,0,0
0,0,0,0,0,0,0,0,0,0
0,0,0,0,0,0,0,0,0,0
0,0,0,0,0,0,0,0,0,0
0,0,0,0,0,0,0,0,0,0
0,0,0,0,0,0,0,0,0,0
0,0,0,0,0,0,0,0,0,0
0,0,0,0,0,0,0,0,0,0
0,0,0,0,0,0,0,0,0,0
0,0,0,0,0,0,0,0,0,0
0,0,0,0,0,0,0,0,0,0
0,0,0,0,0,0,0,0,0,0
0,0,0,0,0,0,0,0,0,0
0,0,0,0,0,0,0,0,0,0
0,0,0,0,0,0,0,0,0,0
0,0,0,0,0,0,0,0,0,0
0,0,0,0,0,0,0,0,0,0
0,0,0,0,0,0,0,0,0,0
0,0,0,0,0,0,0,0,0,0
0,0,0,0,0,0,0,0,0,0
0,0,0,0,0,0,0,0,0,0
0,0,0,0,0,0,0,0,0,0
0,0,0,0,0,0,0,0,0,0
0,0,0,0,0,0,0,0,0,0
0,0,0,0,0,0,0,0,0,0
0,0,0,0,0,0,0,0,0,0
0,0,0,0,0,0,0,0,0,0
0,0,0,0,0,0,0,0,0,0
0,0,0,0,0,0,0,0,0,0
0,0,0,0,0,0,0,0,0,0
0,0,0,0,0,0,0,0,0,0
0,0,0,0,0,0,0,0,0,0
0,0,0,0,0,0,0,0,0,0
0,0,0,0,0,0,0,0,0,0
0,0,0,0,0,0,0,0,0,0
0,0,0,0,0,0,0,0,0,0
0,0,0,0,0,0,0,0,0,0
0,0,0,0,0,0,0,0,0,0
0,0,0,0,0,0,0,0,0,0
0,0,0,0,0,0,0,0,0,0
0,0,0,0,0,0,0,0,0,0
0,0,0,0,0,0,0,0,0,0
0,0,0,0,0,0,0,0,0,0
0,0,0,0,0,0,0,0,0,0
0,0,0,0,0,0,0,0,0,0
0,0,0,0,0,0,0,0,0,0
0,0,0,0,0,0,0,0,0,0
0,0,0,0,0,0,0,0,0,0
0,0,0,0,0,0,0,0,0,0
0,0,0,0,0,0,0,0,0,0
0,0,0,0,0,0,0,0,0,0
0,0,0,0,0,0,0,0,0,0
0,0,0,0,0,0,0,0,0,0
0,0,0,0,0,0,0,0,0,0
0,0,0,0,0,0,0,0,0,0
0,0,0,0,0,0,0,0,0,0
0,0,0,0,0,0,0,0,0,0
0,0,0,0,0,0,0,0,0,0
0,0,0,0,0,0,0,0,0,0
0,0,0,0,0,0,0,0,0,0
0,0,0,0,0,0,0,0,0,0
0,0,0,0,0,0,0,0,0,0
0,0,0,0,0,0,0,0,0,0
0,0,0,0,0,0,0,0,0,0
0,0,0,0,0,0,0,0,0,0
0,0,0,0,0,0,0,0,0,0
0,0,0,0,0,0,0,0,0,0
0,0,0,0,0,0,0,0,0,0
0,0,0,0,0,0,0,0,0,0
0,0,0,0,0,0,0,0,0,0
0,0,0,0,0,0,0,0,0,0
0,0,0,0,0,0,0,0,0,0
0,0,0,0,0,0,0,0,0,0
0,0,0,0,0,0,0,0,0,0
0,0,0,0,0,0,0,0,0,0
0,0,0,0,0,0,0,0,0,0
0,0,0,0,0,0,0,0,0,0
0,0,0,0,0,0,0,0,0,0
0,0,0,0,0,0,0,0,0,0
0,0,0,0,0,0,0,0,0,0
0,0,0,0,0,0,0,0,0,0
0,0,0,0,0,0,0,0,0,0
0,0,0,0,0,0,0,0,0,0
0,0,0,0,0,0,0,0,0,0
0,0,0,0,0,0,0,0,0,0
0,0,0,0,0,0,0,0,0,0
0,0,0,0,0,0,0,0,0,0
0,0,0,0,0,0,0,0,0,0
0,0,0,0,0,0,0,0,0,0
0,0,0,0,0,0,0,0,0,0
0,0,0,0,0,0,0,0,0,0
0,0,0,0,0,0,0,0,0,0
0,0,0,0,0,0,0,0,0,0
0,0,0,0,0,0,0,0,0,0
0,0,0,0,0,0,0,0,0,0
0,0,0,0,0,0,0,0,0,0
0,0,0,0,0,0,0,0,0,0
0,0,0,0,0,0,0,0,0,0
0,0,0,0,0,0,0,0,0,0
0,0,0,0,0,0,0,0,0,0
0,0,0,0,0,0,0,0,0,0
0,0,0,0,0,0,0,0,0,0
0,0,0,0,0,0,0,0,0,0
0,0,0,0,0,0,0,0,0,0
0,0,0,0,0,0,0,0,0,0
0,0,0,0,0,0,0,0,0,0
0,0,0,0,0,0,0,0,0,0
0,0,0,0,0,0,0,0,0,0
0,0,0,0,0,0,0,0,0,0
0,0,0,0,0,0,0,0,0,0
0,0,0,0,0,0,0,0,0,0
0,0,0,0,0,0,0,0,0,0
0,0,0,0,0,0,0,0,0,0
0,0,0,0,0,0,0,0,0,0
0,0,0,0,0,0,0,0,0,0
0,0,0,0,0,0,0,0,0,0
0,0,0,0,0,0,0,0,0,0
0,0,0,0,0,0,0,0,0,0
0,0,0,0,0,0,0,0,0,0
0,0,0,0,0,0,0,0,0,0
0,0,0,0,0,0,0,0,0,0
0,0,0,0,0,0,0,0,0,0
0,0,0,0,0,0,0,0,0,0
0,0,0,0,0,0,0,0,0,0
0,0,0,0,0,0,0,0,0,0
0,0,0,0,0,0,0,0,0,0
0,0,0,0,0,0,0,0,0,0
50244926745792956e-24,877750555902689e-22,2442332410212271e-22,9383676774876214e-23,0.44383738940143597,47009038699537845e-23,16347884619894837e-23,0.04426408685175477,13467515076522224e-23,0.5118972794124451
7350227543014575e-24,9171849423963538e-23,5380338399590017e-22,12113061517894326e-23,0.09287484207228612,0.07348241261856829,7624592616843811e-22,0.34638680290547724,3122480552685787e-21,0.4872512992305548
3272758307641418e-23,17493005601858508e-23,986415560528809e-21,15148004580795602e-23,0.006573641229212451,0.09138186941307669,5529509509488633e-22,0.4098756313303062,2568953865654995e-21,0.49216439056934447
401014943282379e-24,14893688159140081e-24,1603867253123377e-22,28617968030663077e-24,0.17854199325892695,5034849239428257e-20,12965710437608717e-23,0.36768241050915573,5393913211441097e-22,0.45372437439160146
0.001240927361742398,28231412191818683e-24,0.031410284375029573,16417829922347625e-23,0.05624030757389177,1457120388195554e-21,0.17829516613601917,0.29453506774509786,7291397994496517e-23,0.4382765243641409
12245437581956587e-25,0.0020136774008108135,5655238800454697e-22,7598202299658143e-23,0.22114990861754552,0.22667283005952607,0.06537771305149136,46034463026450416e-24,0.22112291322988958,0.26366226887584504
12881786736675857e-25,0.0007576080672774048,20373390304962455e-23,17329831831329659e-23,0.25082755615091384,0.2716823937784975,0.003873267717764698,4280153684007609e-23,0.2628004633005145,0.21005828986309583
35045910957433022e-25,0.00350583455014484,5687768250147946e-22,2503973518217616e-21,0.18169730419076668,0.16781925804230957,0.007732351149998679,4781150266225086e-23,0.2867445552647113,0.35249757273561155
478835567687061e-24,0.0026786941396940065,31827434938226245e-24,3150234171225803e-23,0.18244536550836568,0.17208669229567525,1918839187325801e-20,10464351018745233e-24,0.29247336344150854,0.3502966219499477
2339258087460645e-24,0.015428813609225904,13969700227463883e-23,3563393058302559e-20,0.1809359710076394,0.15923482610784417,313717220297325e-20,46814106644989674e-24,0.3088852322159721,0.3354761971060708
1443921453146691e-24,0.026358845830214382,1490464624005337e-22,0.001302661783970174,0.16834527032006885,0.1214560285090744,11446320021712694e-23,28959411406965847e-24,0.3258137472064408,0.35672315243711805
43964142451490963e-26,0.032756755758461216,4635705779581926e-23,0.004196647180616751,0.18296050585061577,0.10332887321364657,3718254890086108e-22,9060780997782205e-24,0.3481334774192976,0.32862331289449864
3788323362181061e-24,0.03387328593621606,4799096229228936e-22,0.014356990547711185,0.18409896055028227,0.11094785543393938,2822726713033387e-22,7622216707762672e-23,0.37219820659444314,0.2845238587446109
9210967705564398e-26,0.03229850756361903,15620422501789705e-24,0.012641408353444244,0.19045461976301647,0.11811665177369826,632477605351915e-22,13930967863062614e-25,0.35593386833138135,0.2905548638614536
4071502675808212e-24,0.0399294050806786,4128308767684293e-21,0.02453005827084316,0.18751737313240885,0.11306275631424607,17096601689538695e-22,7746635074878872e-23,0.3765959338086556,0.2583585538865166
17493675351408507e-26,0.0432398589743569,9518373625166903e-21,0.07675273060966478,0.1708692620015086,0.10562802663212457,4801698614628252e-21,21291565498236367e-25,0.3821629547544747,0.22133284465152359
8525144624023603e-24,0.025335705318449676,0.16504988733952244,0.0656798945897761,0.11686554067082275,0.058532022123630824,0.002160048233962682,202132436147996e-21,0.3466856068661411,0.21969108419998626
296277818066201e-24,0.03330108677334144,0.08009145458239,0.1139182635007238,0.018936814050480824,11709535237173134e-24,0.14156801572433386,0.24745664922965885,0.3378567776222801,0.02687092651097952
2819669587600118e-25,0.041160403764466544,2555564826739273e-22,0.12251924935395156,0.11191242480553769,0.09145829333893943,0.26440182948393987,0.09633636020487779,0.2283117031540005,0.04389948005583814
12556879141884685e-26,0.04959942321037494,0.08077117663939863,0.12825887851012352,9817048067743444e-25,0.005820111821362659,0.03276952209975983,2379193235425405e-24,0.2597944571274651,0.44298642710481706
3968722485060484e-24,4178805143838299e-22,6075868180250705e-21,0.08262856787453811,0.5199649935114934,6105897113822472e-23,0.10723685863318554,3999850630571464e-20,0.04898598781932264,0.2411370348787842
23186688383846573e-23,669000627143489e-21,0.3847757098725751,0.60053895255317,18038291284479237e-23,18981714992109904e-23,0.014582512450748188,15111274414176018e-23,0.00010106502420280923,33791868274725605e-23
3038371071493759e-24,1885728867152761e-21,0.109771782944988,0.22078135638612248,0.27308309336003334,19111134604252977e-24,0.06964129017634343,0.18052553555009584,10864207792869023e-21,0.14618416949634605
15870618384205607e-25,0.000484812935880364,0.0942500820479828,0.20243200397506841,0.23066747566026236,56717141344999465e-25,0.08991263585966386,0.027362591662168676,0.35489036173714383,28863191094240684e-24
9615186038211211e-23,0.0011869404086393498,0.1243917812158633,0.22778579712632097,0.22040284729839524,25628470925236934e-23,0.0018429432336320014,0.08044426761923104,0.3439414266701673,3643991314908795e-21
4252491855595407e-23,6765833817690524e-20,0.16259204843743297,0.3029041089140721,0.12177414142384312,16730607435466657e-23,8565088814310849e-21,0.40706301454525956,0.0055780889296896405,12164491720898005e-21
0.0010692073680468857,12077583595897492e-22,0.14130078015178324,0.2577088115028803,31165960136509626e-24,469129110591945e-22,0.33456746594830455,40744284389407e-21,0.26535223993243134,16851504318523064e-23
0.0004883763145105697,8032523159754237e-21,0.1475601711444219,0.2551857089118786,17547460189586858e-24,8902802919994403e-24,0.3265793515757711,1987569570021139e-23,0.270178283974377,2922993157428769e-23
0.0010594953525812632,10548981620489184e-23,0.1426345467778936,0.24745658958124966,9826284663530503e-24,4510883802145803e-24,0.32743914966460697,9859699324313489e-24,0.28141007631646925,12620482402283738e-24
0.0011765462407440298,59476288575012123e-21,0.13873436082427948,0.23898401195223914,1645155542505244e-21,11466051650296791e-22,0.35396023607396154,17503397776521107e-22,0.26707655454459706,42719751168323275e-22
0.002367069576215639,2100559196811298e-22,0.13895006212305558,0.26838653061869905,2045918030285151e-23,58005458090049425e-24,0.28648859797900383,3751408540302503e-22,0.3038068553558756,22068573352599222e-23
0.002359726528628383,9565200789332716e-23,0.12336570837228418,0.26310056478026234,9703074840882891e-23,6346983248868422e-23,0.2914829160426808,13167896297648117e-22,0.3196893118373126,1994966222675066e-22
0.0020626852454244007,43853246570975447e-23,0.12672190936901417,0.260785009291167,18002419050507023e-23,11087567629703492e-23,0.27774366834531083,5181670430692444e-22,0.3326850951513213,3849983785635387e-22
0.0024534973995559276,10820697665500639e-23,0.10801244950771352,0.23227693800131205,7654439333190639e-23,7314360149569282e-23,0.2989302090374718,12712637414716742e-22,0.3583250417810967,3351141355337113e-22
0.004296690546833158,11302434534334786e-23,0.0928303429529018,0.2229894035866949,31730666049032124e-24,6496319665184585e-23,0.34367013756621045,3057134492677201e-21,0.33620991406289435,2444317628467226e-22
0.004289127923662682,9589473590313286e-22,0.08272607981500697,0.21571627314799036,19203301896465297e-23,3569395389208924e-21,0.38711465784500965,0.00015147832752029856,0.30999195664469453,5705920350503982e-21
0.004056867418702026,25569762068868302e-24,0.10271988355389143,0.22400702651956628,25750697936142954e-24,193478977294918e-22,0.34489386967911134,5906153031668757e-22,0.32432164092500965,50620056270557236e-24
0.0033263602834212097,54604417186998995e-24,0.10284228437995703,0.23446976214782858,5470951787853475e-23,41700546473976216e-24,0.3415783493036363,3485819636664135e-21,0.3177794868568709,12019416562940058e-23
0.003937033262538393,903920191948697e-22,0.11304461179221723,0.22951842881562623,890217719367377e-22,14180259102004547e-23,0.3275335641378154,10206318508913626e-22,0.32596459283104984,4273125200120585e-22
0.003392713395963702,2502405556221814e-22,0.1153084232252,0.24706211838669812,21923185696399525e-23,2698172466164852e-22,0.28627989955010635,4189316821418037e-20,0.347913588811079,6241730784322358e-22
0.003860308453018709,6174467525008846e-23,0.10808742364328865,0.24022815266485292,7193754817585391e-23,23252122973848804e-23,0.2791117074380099,0.0001783241868776249,0.36853344599548665,2714150208683598e-22
0.004859024376591436,15231139271971075e-23,0.09785370266167133,0.22984811640275915,14470598421369042e-23,11287212658954508e-23,0.27487368363783327,0.004073846815629338,0.38849098896459305,22725142529044562e-23
0.003112293001874482,9384187206257133e-23,0.11274562434144787,0.23236878113986692,13090279684503534e-23,8033861447574674e-23,0.24956338419685625,0.022914863683240565,0.37929450101036716,24754306247975766e-23
0.002125971982754554,916346375206507e-22,0.0935371478421384,0.20303185111872543,4421616854277236e-23,40336700169773305e-24,0.19345461350165444,0.13882773890766284,0.3690224386192345,618403247166834e-22
31586316175047555e-24,9572370530467212e-21,0.15870976222383987,0.2564655766380644,56155923224480094e-21,44952436136326424e-22,349365575760443e-21,0.5027208802980863,0.082030912379523,2263971211729987e-21
1245893690193134e-24,2632445429694007e-23,0.17586813016848785,0.007708159492573966,0.16757570146185805,7431882589296664e-23,0.16770507538714177,0.35596698899690693,0.12517571161143778,1309924224845577e-22
34087188047583972e-25,4703682738814847e-23,0.20539836646422818,0.017062181495554943,0.18465090620573502,10110777990841717e-23,0.1104296840930532,0.38796820297998486,0.0944902638229544,243385164814424e-21
5716951879560633e-24,25630907185948785e-24,0.276201181086393,0.009035090223045446,0.0396308237934937,8599892786554634e-23,1879780940260959e-20,0.6195767154323909,0.055537226653800065,4765466508711881e-23
6504270639247489e-24,20270213107967635e-23,0.29494804300059524,0.028169356127013084,0.0001204183421217474,9530438693284025e-23,41321957113079467e-23,0.6489022465678175,0.027858704631815032,5135995082731631e-22
23409429679026495e-23,7169401469711308e-22,0.22619796773687467,0.3635597397602669,32592166905442686e-23,5829305417136461e-22,0.4102240110677853,572892986745473e-20,9979659330802981e-21,7129595098928802e-22
236759845816149e-21,8420404512478312e-22,0.21473016504441717,0.37521195623671577,1365676008598813e-22,6439911169898847e-22,0.41004271506673823,7394769461527815e-21,5607650964595562e-21,3018729495178771e-22
16147790815292958e-24,17652440349706644e-24,0.20472765881764507,0.38016875640537773,10337641199016498e-24,10628520914445682e-24,0.41507508846274854,2792317574067887e-20,5068560920147465e-22,11515993721313917e-24
3750645838676386e-25,0.12653750944276043,0.2916336656901943,0.5818281720895796,8214035150428835e-25,41412519617457175e-26,26737682306237357e-23,1602456101815063e-22,22062359975380088e-23,29208401207461402e-25
3156877951358673e-23,1275701691486458e-20,0.3613539005958328,0.638631478500111,33972463209046587e-23,2060960182135443e-22,2446693311557489e-22,27784882738963743e-23,37744147305818165e-23,38653807881371325e-23
14247239161844543e-24,1218073183591835e-20,0.35989417199291224,0.6400926200012498,1841684815869514e-22,1761074815077168e-22,1606463577902901e-22,16090228380091218e-23,18772461173374937e-23,14347741451307118e-23
24129619014218152e-24,10176852648532554e-22,0.3403802835424575,0.6596173162803444,28382442841892183e-23,20693116814524136e-23,15123865971102466e-23,1658025710148834e-22,32060888542384543e-23,22995858657366737e-23
1728203112298091e-23,0.00023025370377612508,0.339185849124783,0.6605829845399022,1983143201246559e-22,7343654128731935e-23,10710740375979045e-23,10335575270123012e-23,23584308550758483e-23,177292300289613e-21
4667839748786637e-24,0.0007226075513401051,0.35006506823452677,0.6492112284330778,15107923067253787e-23,1627153115790352e-22,1253104915500892e-22,12206102948585754e-23,47426649881385194e-23,5568060464034668e-23
14607451136285897e-24,0.004338510768345252,0.34234522508316795,0.6532960269309787,17224465073288962e-22,29960271447657745e-22,5132233721772068e-22,7745112361516154e-23,1471848812373729e-20,19497401514275852e-23
21284373733966217e-23,0.0021356903750026964,0.3381765379008661,0.6596630125691311,34538582661346766e-22,14314574535792773e-22,17955760839583299e-22,14912660748058252e-22,14172220042773637e-21,22019343205603415e-22
2518852509158516e-23,0.001829896226344613,0.34101341199323065,0.6571524695713163,41259216856107875e-23,3720852802517682e-22,18487636739156383e-23,1946447262851855e-22,2760859955483538e-21,2719624011477318e-22
384178840924404e-23,0.08678384673875218,0.20716044653225693,0.32344984616261346,4494363254135195e-22,21317704260152906e-24,33836151594178715e-24,0.3826025888291201,2656279292496749e-21,10702624699919421e-23
8180059767575493e-24,0.10197941373244922,0.19868147604547418,0.31524992259599594,0.07023860746113003,15910947402694806e-23,36430465527420214e-24,0.31384954316500757,5980337695873456e-22,23524617521262352e-23
4391390900079062e-23,0.10216331935596172,0.20085598876438196,0.3304906464750373,0.05773737636111787,3810535753462665e-22,23144027164652833e-23,0.3087448388649958,67738400050982774e-22,39993074267056734e-23
4354146330646329e-23,0.13426178986510157,0.16986073812040042,0.26520669070411584,0.23760810655574915,24244369319888177e-24,7555537351745719e-23,0.19304153142636019,19729288572486306e-22,190270582082067e-19
8849384324255605e-23,0.13008126983455057,0.168108933370654,0.27261111240385405,0.23617811910816489,14423051686900605e-23,157086069403136e-21,0.19270438383144092,5493112423012435e-21,0.0003102985284854851
259982385916884e-23,0.022732063786748222,0.32147928116148156,0.6557832054740851,2390366308132405e-22,10634330121751664e-23,900161767780419e-22,20703676912872617e-24,494512576137664e-20,45752324453043303e-24
4478170038255613e-24,0.010587951309968995,0.329727821751704,0.6596839870143804,6703712220814127e-23,2442626444184272e-23,32777174140558664e-24,2396760724106373e-23,36464296566945055e-24,50773651925340104e-24
1180235030567532e-23,0.015410001224224704,0.33019270185515376,0.6543923117999728,8307697252223377e-22,20100126712724026e-23,10919439736712385e-23,57129982431608726e-24,3623343058937575e-21,15187987079582127e-23
35881545967329685e-27,0.02915031791272913,0.33441204862574014,0.6364373505793794,10494118542094171e-23,4788726102687324e-24,4989205457450766e-24,5311302947041063e-25,15862680629758056e-23,896922557176878e-23
7115708486286104e-23,0.03590052987004205,0.32146530707820975,0.6426052255127251,12716814210163851e-21,4523042662386733e-22,1315382688603717e-21,7129160354786031e-22,12177816259216405e-21,14911474234255703e-22
8175082712238019e-25,0.038360152062507966,0.3214595352778301,0.6401786676825864,17007980679876743e-23,25789830894063264e-24,31561260629306884e-24,6894114001941441e-24,12183330251457535e-22,19150128106705386e-23
5962071232072425e-24,0.04623211390381806,0.31085997186294995,0.6428970260872773,13543473845791466e-23,29473851598916624e-24,3503803269888767e-23,24281026131779036e-24,1054805294795232e-20,10990286765946189e-23
44810419022881005e-25,0.048779017461036224,0.3195356934392833,0.631681515286751,3444295971982424e-22,17288161126425607e-24,5892579926590162e-23,25370654068177372e-24,30983505173692236e-22,22496715432030406e-23
4879407971101291e-22,0.05495138673392875,0.30568413530195565,0.6266008048775651,0.0005811357462198428,11092882009021798e-21,8187189342908665e-21,4807453248601614e-21,0.012137829234940209,20132639944023042e-21
4969070441256675e-23,0.05552307683443614,0.2943191433307394,0.6170841394302475,0.0005844242334671345,10369051869015154e-21,13857146373224743e-22,35907077712544644e-23,0.032124055193418766,0.0003529974497216875
28794402601562665e-25,0.04915594391032373,0.25977785246955637,0.5582142887606665,0.0019480304992419211,335767134538963e-20,4049870624610404e-23,23266926165989045e-24,0.07204147882634426,0.058858981217449265
35817310167690856e-23,0.06288468054026305,0.19735201644928305,0.40007730388703455,0.07935644513570872,0.0022829254116469083,31596063328456687e-22,866580192042875e-20,0.11202153581854085,0.14601290917621773
26929723347624004e-24,0.08748269702613076,0.21984461149656223,0.421870789389769,0.16627875150467167,0.01396824072294646,1388509946122593e-22,6908198424019334e-23,0.08142689951106288,0.009127775486267083
0.0005369422262210881,0.0022270743625441326,31899737400666386e-23,0.038450404938288135,0.053228901315738354,14485226748871146e-23,2484080169042332e-23,6628877228699619e-24,0.3609300082766918,0.5446261735611179
17227842979683973e-22,230501793063586e-20,7164279383120473e-22,0.04878470038148306,0.01481721027995923,0.009601910135286412,11181474219859866e-23,12951434808960359e-24,0.39225832625862983,0.5345329839483118
0.0020056497195451734,0.0005828469940151615,4008533334760044e-22,21153641846562026e-21,14444520235354229e-21,0.027597819438099618,13780277462549546e-23,36855623801260106e-24,0.396622453723388,0.5731550564511418
0.0015243127188316193,24870767409833635e-22,21690430928797996e-24,0.0006858620886672214,24833161931599077e-22,0.018918709417585923,960430886787476e-22,9267817771553227e-23,0.38804603120527353,0.5908199037650097
0.0017405548102575863,23545412804963066e-21,10313941123310133e-21,7306944192846018e-22,4788834327670604e-21,0.024193851699575213,2811332024486684e-22,4096127783094298e-22,0.40298673242609245,0.5710387914354195
0.0006295190395751878,0.02146889194861343,0.055359716627350675,0.09931016611594115,10028734562818552e-23,0.10886178935502368,8332376561192075e-23,6023235457016828e-23,0.3689277046086622,0.34544196846136704
23038259517588337e-23,0.0588420876641418,0.1497358264262543,0.22925263261948545,15527584041991264e-23,0.2498532041844739,41521090257993934e-24,58146574150976987e-24,0.3122366181693352,7914561020780093e-20
2489114669803279e-21,0.08074849186897888,0.12485984849015615,0.23244004414860134,18369921491546087e-23,0.2883193568788596,16522991701848572e-23,1648967985261679e-22,0.2736193889637487,9866709051807638e-21
45306079833774427e-23,0.08174482321970486,0.13044025136363835,0.23529303934576135,22818636855152823e-23,0.28899962032274296,1324667809542988e-22,8174945669499057e-23,0.2635203434719941,1026812756643934e-21
1286809880840719e-20,0.08441155616930439,0.12969192610608374,0.25199848058173624,9982815009269635e-21,0.273048024349626,71416792806243895e-22,7067636625495791e-21,0.2607629986346884,4995392883532488e-20
16571436565911427e-23,0.07813915316181543,0.10918342921369664,0.2340150830880361,5748513253140753e-22,0.24788742630635793,6537252821651223e-22,42731325771933705e-23,0.33077064972966114,24368961977436238e-22
6798249720666266e-21,0.07214330883734958,0.11471836356062773,0.2857674981906071,16677241454561607e-22,0.23711150175404314,8958310297752943e-22,186147622580461e-21,0.29024686526047677,2914444376675009e-21
6775765458812023e-22,0.08203090370302644,0.12874457522830315,0.2971167472075418,5606949095314709e-23,0.278730071999727,3439860154121084e-23,5661091804351877e-24,0.21337686032910172,6782658693085487e-23
6415731368045508e-20,0.06332664017714601,0.14663835386387275,0.2942988022479191,9249000903371271e-23,0.24254287004890762,3991603055704637e-23,11807447842335047e-24,0.2531289447004618,8743453584435403e-23
0.0038991190869978425,0.09461763313174376,0.1696652396542797,0.3003998760834652,6854072482565191e-22,0.3147204578434117,6496597024365063e-23,28930572392145393e-23,0.11669661431555745,20205606871803475e-24
0.0033482995597206872,0.13594080200521208,0.152820875828538,0.34246732284348147,5380150482144259e-22,0.3653244617891817,1810888631781408e-22,7215755612068142e-23,9702674356918161e-20,419973345678541e-21
0.017408500442618543,0.07676154238423377,0.283122884651313,0.29607152218946636,4672098418409179e-22,0.31409940029258987,18020760774693228e-25,4531202136235315e-25,0.012535675896739014,46779975604880395e-25
0.024650718698256406,0.039025858828772214,0.38036448123841493,0.23984633588689377,13734006100464193e-21,0.2633162958294657,1400166049756852e-22,23952370686535418e-24,0.052782200807382544,21073573592000132e-23
0.024247354632860575,0.05078575898786923,0.35063552414886195,0.2673590388672658,33971309845053684e-22,0.2987514252146231,7940818146065019e-22,13971077422312513e-23,0.008215889173310311,6780516995858329e-22
0.03094994743467001,23792490818314775e-21,0.393161320299167,0.29097476909223613,0.002479829172351722,0.25151652000044217,2625545529577806e-22,4515598533104288e-23,0.030892776457532935,7373422809345378e-22
0.029763579457476787,3430500747956583e-20,0.39848277202474497,0.29862763763093,0.048426664700850955,0.22415855287670455,18099637980948262e-22,8887061523084706e-22,0.0005017524799933719,2037151868644159e-21
0.025356429617339603,12291387571602564e-22,0.3682019873870982,0.28130956184918837,0.16437764080053113,0.16074909439565416,26012686086694053e-23,892826059059175e-22,34917658532155414e-22,21563611827404882e-23
0.028805592343220568,2555644292179085e-20,0.4113957588111382,0.3171913152594304,0.00022601174116213864,0.24235014983264075,3248801970621735e-22,5792715418853782e-22,3593984673698839e-21,11174331293745924e-22
16473312412264372e-26,0.10757830659742354,0.08507460244652001,0.27652661865810235,0.2756306217135684,0.04842710398475453,9146426556604872e-25,7981834946548697e-25,5503226088113208e-23,0.2067626896899184
171568323417135e-21,0.18184066500497897,0.015557212477975894,0.3087288211896018,0.32444194289776906,0.005403854856928264,32957646908786794e-23,30848919262706554e-23,16582800116857453e-22,0.16402503565883894
6800599275390763e-22,0.0832273802502307,0.12280423795854453,0.22094602502176927,0.2980509602026315,29608489168024533e-21,17529392930299455e-22,24143662625168874e-22,6788612562988869e-21,0.27493015209960986
2451137163225342e-24,0.0825361831191948,0.15168885995435602,0.2711149868254711,0.24804142821931524,11925933078819198e-23,1598680220332997e-23,17914055862952156e-24,13515077887865776e-21,0.24660487119245075
0.007280473253107595,15128655488508984e-23,30063283079686358e-22,0.029852790445933697,3666169350035248e-22,0.09150855425777646,5367716547243629e-22,20157287615632853e-23,0.30901101281786897,0.5623429066489841
0.011725321028960109,6528065628999111e-22,175327387917773e-20,9942476661404066e-22,8651396296831074e-22,0.06058324126325855,9896212114644944e-22,5559565782954918e-22,0.22496455102939925,0.7027210756328623
0.0019766643088095876,16488427184409897e-23,5843339810849445e-22,13310936117377368e-22,1942812041017404e-22,0.10673141421375419,6050903096654329e-22,12099226292110653e-23,0.49558687023133335,0.39570205056997476
0.003490872551110416,10517125272289346e-22,16170495102078409e-22,3761340471280739e-20,59980234694661615e-22,0.09507400326729759,20044134774422587e-22,13187354302880517e-22,0.5525952773376764,0.3487902435047893
12482678712840038e-22,33184966505496054e-22,0.002067416591394443,0.11933910591775547,13595223920709199e-21,0.12718880082789785,11259584237800705e-22,10368793418167108e-22,0.5387762231246591,0.2126081287120765
0.0011722372109628865,11311948103852898e-23,0.1107116784445956,0.3101619535491181,772215919023411e-20,0.17851284728240543,10906364140345963e-23,36215280988748905e-24,0.39941775939063856,15543564660235995e-21
33274198109382376e-23,67447537752977e-21,0.09550114351544246,0.3159676344966086,0.002960186744381612,0.18340473873803373,43515635805835703e-24,1170309682960737e-23,0.40216547493462523,36616177039455023e-23
6653654412542367e-25,0.04689669496585765,0.17286459690775094,0.16259495869889798,0.44640587778334967,0.17123724300882984,4386567562708863e-24,3549814697373959e-23,242690715666927e-21,34539454078034536e-23
12742369608607429e-25,14436164071752857e-25,0.15108600525852675,0.3043264151471301,0.4393599041496116,0.06140990738878066,14239527242645337e-25,0.043809876419590645,63791307319365044e-22,15083638045156944e-22
9321231567731661e-23,4737030113257416e-23,0.16742904129831412,0.2708721590774436,0.4632916776996743,0.02443984131483364,3676773409318088e-23,0.073965202235912,2293361246998132e-22,16716873310915294e-22
14024154109152791e-23,3525630609280668e-23,0.16468002431711823,0.2728296621404515,0.4819301379712399,0.023608556473267695,6156390895898642e-23,0.05691795115519455,3236930374069362e-21,30193950603473566e-21
39069603820246206e-24,4882512686185078e-23,0.15088462147933895,0.25774845041078237,0.5235027978928156,0.022114377421790215,4280160201913397e-23,0.042759463061969455,16324946483825935e-23,0.0029899957875537393
13983121418759507e-23,0.024644556844930356,0.119710886075695,0.1567403960485422,0.5295849662006399,0.1677417116645354,16087923892160357e-22,9428443183652295e-21,3972500600017329e-21,0.0015623335982580591
5063505935198535e-21,47336795422317656e-23,0.12934952405015948,0.2481771032469014,0.34844541392172895,0.06325999733359362,5280615369512006e-22,0.0006397685711865527,22750369293921212e-21,0.21009937757162966
21677007699373615e-23,3713743055615141e-22,0.14465739389304494,0.2695333252036511,0.5063035908420872,0.05355884550543161,3241261004702557e-22,0.00028575789953115153,5275180041662306e-21,0.025654899205986296
4405624887078461e-21,6725368392335043e-22,0.16145320605529007,0.25232135949439644,0.5397568430493901,0.02983598742695512,6514246008999122e-22,0.0003309648935345539,3682831955149079e-20,0.016259081174724858
0.042940852163295226,633489668611345e-21,0.3254873361681493,0.33977389793624085,1542205849505851e-20,0.2881212405361818,2876870115114673e-21,0.003656121725426029,8064037175982083e-22,8126487141508186e-22
0.038667537320663234,19207891195460608e-23,0.3134445024257049,0.31847079124076816,7856614839454898e-21,0.26854720079784833,37109691091209646e-23,0.060859731004641926,43258895827148927e-23,13848307518715958e-22
44913974292264385e-23,49942879449615726e-24,0.17470242632405136,0.3137445216467362,0.476096886250484,0.023585813798239298,4867749112538496e-23,0.011869165897594475,18750451966667863e-23,45081828630890295e-23
0.04388389766930153,4061407730087407e-22,0.3605272421415504,0.2521537531276234,8961777074865901e-20,0.21774928893209994,5485802024996875e-21,0.12558505882029203,2793916712894366e-21,245567889768837e-20
0.03182806686660112,2641222439785809e-21,0.169865477922931,0.09539679043429576,0.37020479088637,0.24186682605299945,15807515479044764e-21,0.09081035603520245,5877895455601407e-21,33651682248214122e-22
0.0355054051476901,1522091924292275e-22,0.24362023653759618,0.14839185798267787,0.19039944775013318,0.22119996412269793,31706657413229242e-22,0.1608779086990714,10064312640727732e-22,8504539300790073e-22
0.02885967419257632,16970592332199821e-22,0.17107458882021825,0.07337986417233673,0.34615762706069453,0.22919460784735288,9146588518802412e-21,0.15131597281491777,4433338308023389e-21,23881058434675154e-22
0.021315238906790233,1924844225559046e-23,0.031961331039594365,0.015415799005028607,0.6155596152802412,0.2802002574043745,28769003637449198e-24,0.035547670316379426,18778983049342614e-24,21250934584564683e-24
21407664508762183e-22,4141565109591703e-23,0.0728455174577162,0.13711197642502007,0.5686042275440589,0.22141945736196883,5757195820522532e-23,1640843214953562e-20,8714079182465034e-23,8588451950427063e-23
19231440390659625e-24,3320824328921777e-23,0.08361519521394088,0.09563986011956004,0.6032419895324882,0.20920280983049833,3248508912579011e-23,0.008299976657900008,3232183042978869e-23,5139929979073772e-23
3446262605759347e-20,10168445649170695e-23,0.10038869665831508,0.08346171030999446,0.5353933122903346,0.18200339371289548,7220488825001913e-23,0.09871789264243455,12284842600504345e-23,2350221313297321e-22
0.00039566131920378814,10277884880926757e-23,0.12174955260251884,0.11084220022991666,0.4249904793141052,0.18252336456483967,13303440559177812e-23,0.15949823881172442,8930717510355205e-23,17803721897225744e-23
0.008492245467038837,2568172580616171e-23,0.18586413934088797,0.143488918400731,0.24903428943145184,0.17523299101394707,13870457392249152e-23,0.23788716726240797,2837925863605681e-23,56318126600579284e-24
0.016906363437941926,24077721936306775e-24,0.2674966213804865,0.1701084347724123,0.038713631077638,0.1519200053313876,1413313409160762e-22,0.35485366296409593,2100359883875454e-22,9055907850293953e-22
0.011591022486554256,5724471508242729e-22,0.23445443350246067,0.18565112007506646,0.09802044422691683,0.1632818476645135,2129716084196193e-20,0.30697729808892404,4542319610023175e-23,19189243865908323e-22
0.015787779529239314,17709413515151168e-22,0.3105747691341227,0.14714947075866724,0.00021698038323927137,0.1816279501005939,3705756399365675e-20,0.344568119680955,23732004927862564e-21,12369902909461944e-21
0.014361581425153999,5682121268908157e-22,0.30651348111885757,0.14837700646719795,0.0004144385373499685,0.18390268895558678,67180695484548865e-22,0.3464154672269849,30492327067942685e-22,50007544864009235e-22
0.014879318674662249,99713321599502e-20,0.3295310333232097,0.12472679821871951,17994195853091995e-21,0.16075722972696976,1948885278975767e-20,0.37004789688697165,7947437811624164e-21,11295549796585923e-21
0.01255204910606141,65556350683968e-21,0.3189275817519908,0.12227575834740256,24480752574582987e-21,0.16231507856542396,5894657863745294e-22,0.38390359758101067,25065391978301506e-23,5482194790140466e-22
0.015313367478035014,20011337915110786e-24,0.3779530535187144,0.09559945001010862,3319877633357371e-22,0.1710057957238843,14390489586209847e-23,0.3401274288651775,19947091692996903e-23,20902916580441435e-23
0.015294659693770566,7330681419832516e-23,0.372508383258359,0.09255128602653191,0.09546348630541887,0.17749384220977804,1599333337426535e-21,0.24668516114477892,2224001115170619e-22,12863211071275023e-22
0.015740836478117866,6246974143264138e-23,0.3632040348310111,0.08107759838096043,0.1371925970302914,0.1685375350517295,4290638335591284e-22,0.2342464220959275,12938253873765474e-23,3552158485417174e-22
23105534494987094e-25,6795082828371773e-22,779570283792646e-21,0.0278575479614841,0.22420542434757054,0.03849706338404283,7417322105137122e-23,0.16754778031865805,0.08693021605717095,0.4549604323687334
0.023630123582317603,26022081300551176e-22,0.42690131863988723,0.05603817005361132,0.14386870144910335,0.11893751384666687,9348343867965919e-21,0.23060006660044557,6763424830115695e-21,5391851141453202e-21
29484487821224542e-24,4812766693400116e-22,46151417859469275e-23,0.020791924797926565,0.11913031120497809,0.03585266345388543,34010112403381386e-23,0.18766406216165354,23310912464231046e-22,0.6365573949138487
4014560969157876e-25,35872647847934134e-24,26056948863191758e-24,0.01456536744455294,0.22249345752995128,0.009302541719911133,68713932824813465e-25,0.12818853448741152,16718494972718336e-24,0.6254500128972387
4530833809656192e-24,14427739675800666e-23,8839412441124714e-23,0.004424611735321312,0.40327282834755157,0.0020991223203679107,963421614555213e-22,0.09606258639169722,16403625324503379e-23,0.4941403536245308
9184160122886906e-24,9074445527824853e-23,7045426789710971e-23,0.00541396734105351,0.17897644177217636,0.046008209580682226,15959527298861376e-23,0.13679368156463098,15970894947131096e-23,0.6328072100543267
22934701158013227e-25,11557330686697922e-23,18798464953813406e-23,0.0006320333804929854,0.15816599760414563,0.05544916645218304,4611627748304406e-23,0.13638927135164788,3447453945307388e-23,0.6493631447693058
18642786780374565e-25,5253145334127418e-23,7718477658454705e-23,10850633693957253e-22,0.23043293014892532,0.08789119977754777,8581547417076702e-23,0.10919382018680714,3720360040565575e-23,0.5724807102237675
10984171102899628e-24,15917946223119384e-23,8801124986776405e-23,0.00015783189841620212,0.22762751831782396,0.10338581057933206,45300664350593374e-23,0.12572537200882788,32398564537498086e-23,0.5431024320284625
1540679889757361e-23,18673042114788182e-22,5037654193097615e-23,18134708159010124e-21,0.25949989502459153,0.11807640081715638,10431612164750032e-21,0.1448949923870139,2764838843703983e-22,0.47749793587947414
12380045690533247e-24,14459337802313428e-22,19258358596523317e-23,7022411560387176e-20,0.1517122067966416,0.13091066419592334,0.22302361201843976,0.1378336093335391,22194273262215954e-23,0.3564478106997022
128397941661774e-22,19369476240634347e-22,4381455774839814e-22,13509033178282249e-21,0.11784739467830603,0.1452162524768357,0.24801199162135135,0.1652838405854159,16403062099987686e-23,0.3236244596412883
1616671045697818e-24,15760039909049774e-23,683787177003111e-23,0.022302765863180026,0.07575318474550251,0.1441592812733047,0.3514819835379295,0.19028047650319688,3036639082483978e-23,0.21602211165558038
6153038760923138e-22,0.000190249844272691,1041690734972513e-21,0.006237123307793233,0.04751167381808612,0.13871357233767126,0.5116134779305913,0.1991822732836975,2430047943422749e-21,0.0965475424353383
9705062689420873e-22,0.0002497078331868967,4202552934103925e-22,0.00025011837383572574,0.03281182632011265,0.14776135059868034,0.5020823999708472,0.20010857005666619,27896966320649514e-21,0.11670673911877509
3940365062115775e-23,0.0064356210285058104,4559277279196726e-23,0.010690143311953827,0.09918243486327354,0.1634768749180352,0.5178557065508943,0.1656391997059067,2383896371191666e-22,0.03671969623532965
17193775509528285e-24,0.021438250713334075,37101507585077806e-24,8216296670447881e-23,0.04521682245034641,0.13587680493849905,0.6207637193115677,0.1765178950033836,0.00018617850272302188,19262190537687653e-23
19756229543260173e-24,0.013460729439721696,6103752644559762e-23,16290363676216167e-23,0.05129407916918024,0.12789928698003772,0.6436877859070216,0.1605307780674317,0.0031269802696623442,11646956143422672e-23
10790677752931728e-23,0.03161493264498691,13023336204659138e-23,7979631653663244e-21,0.00047221165825389973,0.0787160502863501,0.7265963085465861,0.15523489659014936,0.0073566955551910545,6869466909442064e-22
4047814486243249e-23,0.00298988486285438,7517359332842125e-23,19749187667568986e-23,908962350312058e-20,0.10781860011986862,0.7051512550340865,0.18249075232252804,0.0015397184285833706,3864651864752565e-22
3790492897417175e-23,304724327243939e-20,24705796787747544e-23,7097895652347288e-23,0.0006260709970432426,0.09073157262169523,0.7436536959970493,0.14609797369776917,0.018886921465709132,3620355966227807e-22
1172762042810579e-22,0.0001156532894451574,23167152015427214e-23,16171462251108766e-23,1710990290875679e-20,0.0692073849362747,0.7584808130298167,0.13815297269831092,0.034025168170417244,38731045233804417e-23
15160532396962344e-24,9945182019218868e-22,41356009242065495e-24,19704692436673635e-23,0.01742963024105399,0.10148597042068212,0.66294096513428,0.15835929501952717,0.05978278036564594,11073716271777875e-23
19401008660723114e-25,19102330476848907e-21,7986067091406839e-24,1722163806498344e-23,7867822021149146e-23,0.12565202830169328,0.5931786397155612,0.17896677584357518,0.10218334553386034,24488510058017065e-25
14047741205491251e-25,0.006759733688947461,8243418752706985e-24,7390107313590866e-24,23949611953015918e-24,0.07864722179183266,0.6450215343986936,0.17260784312092164,0.09696361841220259,7599488278233354e-24
4981436648755144e-21,0.0002536161856655592,1155063996539651e-20,55022935832162796e-21,0.00015669643611987736,0.144164666211402,0.5347218345527031,0.18090913683564605,0.13972053035466345,1964411345936231e-21
6129571275834151e-24,6547355773846413e-22,7868462074112079e-22,4383532863696685e-21,32710938621221597e-23,0.04555914388876193,0.6483090989112368,0.1592689828488197,0.14685639305125764,22294644012679757e-23
22958004292811264e-24,21182265295839217e-23,94640014956867e-21,0.00203154820022099,19499098814913898e-23,0.04245147117447331,0.6853241091541957,0.13679143871046237,0.13340069410656827,21424243081753467e-23
8002115337662863e-25,14427773401911058e-24,425001823954918e-23,19170239441154866e-21,8841427707573009e-24,0.03693697097042427,0.752096059457012,0.11410385920668499,0.09684390692413576,4883293402754087e-24
2396035870098156e-23,3945397619868761e-22,20845191235031559e-23,0.00032741777040472465,146515514485316e-21,0.038047664594817024,0.7127319839240567,0.10853004183502173,0.1403620106746249,10773352891172302e-23
8218303390477254e-23,14483695863305944e-22,8178761649308139e-22,0.0004904439197918315,16739880387714096e-22,0.032467606213170914,0.7458724397910911,0.12070869559927473,0.10045653510165838,2569581854751656e-22
18248550207797874e-26,6770646562781563e-24,36578004080104663e-25,12986060845693094e-24,15679448624118577e-25,0.019967055655869138,0.8066697294232196,0.11321323777276976,0.06014995031120628,1672010898001035e-24
7561482415879511e-23,7094652941717033e-22,46778585077116994e-23,15396450501085881e-22,555326729977127e-21,0.011589624100991278,0.889878676379019,0.09729969445788748,0.0012281993368090072,4578872859739615e-22
622311115660833e-23,6669879452094043e-23,11292800472715976e-23,3674704143499239e-23,4471136343415426e-22,0.01511504925164959,0.857263588786404,0.08344841460410019,0.0441722160642998,6158295661898381e-23
7850234284746011e-24,13061723762835254e-23,40411199659182934e-24,15588725323995724e-24,2800600792126306e-22,0.012361010088764265,0.8615963070371898,0.09613990777270029,0.029902230258513154,7031536366594897e-23
728617334601832e-22,2307495635928349e-20,8725148936583591e-22,490589312360613e-20,13747710220226004e-21,0.014118774366972946,0.8199917216952517,0.08831801782270685,0.07752852080384123,29137488232247113e-23
14319191030195594e-23,23101799711570102e-21,12468088288128763e-22,5245384792131598e-21,28147487215275574e-21,0.016240209203457718,0.828597057217034,0.08686049517225873,0.06824375249835724,6012364606532976e-22
19168389878040707e-23,34844329005402914e-22,19316075560731097e-22,58029493925513435e-22,9710099914156078e-21,0.016334805802529197,0.8080626619748003,0.09116355111666832,0.08441610029695754,17600353827723398e-22
0.017491775779658592,0.21372594260828642,27117802329923715e-23,14861616072844805e-22,0.01945560569999359,8496544568089147e-21,0.5964728782213916,0.15283997345942532,12792292124959918e-22,22911177656633923e-22
12178854465661446e-24,19043525630522332e-23,9211751687437886e-23,1338068653092835e-22,3383101882380133e-22,0.016557037784262214,0.780071703532184,0.09351796825992788,0.10985240150078972,122074149206578e-21
32693128581196784e-26,17165438627324098e-24,5170285581435342e-24,7973077121046522e-24,5021896449253686e-24,0.01681513391731768,0.8140772618448564,0.08022635405836062,0.08888120788057581,6641260524630091e-24
0.022565729771486756,0.21944332798572289,2408710439235157e-23,3409450427408854e-23,8322341949063414e-20,976846623708451e-22,0.6083748536103973,0.1495324161052074,10101249526346921e-23,19222885000689112e-23
0.02243204665472235,0.19058611284747462,3447646324326169e-22,13595778830785043e-22,6193989122271762e-20,11543145097417543e-22,0.6491646035502897,0.1377468138846089,17440158861784878e-22,3880498774721256e-21
0.02720539394465393,0.2096747984558067,435764328741638e-23,28343939141061217e-24,5117250902993447e-22,6434377689886532e-24,0.6222715966111481,0.14084742346747253,25502147752936603e-24,2111576956976893e-22
0.029350244043018232,0.21786718879731115,6002609788665999e-23,35824443845401253e-23,51272968724048284e-21,20159539142454277e-23,0.6155979599097857,0.13710809687983416,12915891255307584e-22,23325946270792146e-21
0.0323640634481112,0.24360772779883724,45975726196138314e-23,3931546756290497e-21,0.00019849610715797639,10104220639380223e-22,0.5934857016743671,0.13014473254234504,24867800687192527e-21,0.00016900890238640353
0.03181631449040297,0.26395623129056406,12903730450507892e-24,18934601958262618e-23,4953364902619773e-21,26626524842798118e-24,0.5638146077342142,0.09375533892912451,1040669801713459e-21,0.04665128464504447
0.025331154783912926,0.19738668670024978,352195932187599e-23,6301111231569722e-22,21983453353654263e-23,4944149387256601e-24,0.5377159551460341,0.0790937393120853,0.0179215471277827,0.14255005851853012
0.019124970179660535,0.16956313567804818,4199881593773821e-23,8247272442936845e-21,16878029381186598e-24,526180923155566e-22,0.5684799078730884,0.0865661326820253,4155836116696944e-20,0.1562159364586362
0.025793725122355997,0.20015288871714446,28315443972233305e-24,21684847076240876e-24,38831740605586154e-23,33249879344613873e-24,0.13114576245226267,0.010094509974772464,0.3361827754731513,0.29662986669274344
0.028162772210752616,0.2069460883747147,40159424428729873e-23,4349958753945893e-21,17827052972168014e-21,18958229669294384e-23,6637894918357611e-22,0.00015138627344035626,0.4509393969018691,0.3137769242614617
0.022691121579359,0.18438657330299496,7168581509926917e-24,33777294521301524e-24,1483550186693626e-22,8628712830590954e-24,23722649798192079e-23,20424479887045134e-21,0.3828323923284028,0.410069053153244
14304342269014562e-24,0.03862506337699174,15156402527307208e-22,23936505601463002e-22,6361382766654787e-22,0.017584524128712274,0.7426149480450622,0.010393169458879357,0.1438590492894365,0.04691868596747358
0.024060538923967575,0.18495708578428055,10775356226136165e-23,3998505906896061e-23,667588989306127e-22,7145828984351313e-23,3901386179042891e-22,0.05871341797182766,0.3409690323582042,0.3912992488672913
2648909252925429e-22,13077448495925154e-23,10596846957424542e-23,19096386154201976e-23,14907134869714935e-23,0.0006253188482036443,0.3460829819250795,21123301459152294e-23,0.18926960921287492,0.4640210371121763
0.00015256288671165828,9378611023796052e-22,22994585172963524e-23,32997055306137832e-22,33656373920326456e-23,0.04108861314971548,5206816357124629e-22,0.04596422135278239,0.14391559773576537,0.768873680117136
5137042223889692e-22,6486225186341543e-22,19923353018928662e-23,21725519223650035e-22,20471724660441572e-23,0.039950371686535084,30292195218270866e-23,0.03452543225563212,0.13359298497067726,0.7919271693357595
2618169366460604e-22,0.00023192486001175655,19875364951219104e-22,8247173069991882e-21,2304918157498288e-22,0.03676575037170398,18497373581877064e-22,0.03832383738687305,0.11832496278129212,0.8063409478444449
7234336074545991e-24,0.014309766927067537,12000836184591162e-22,4440613950770327e-21,3469679912327098e-21,0.011902741529970156,0.16142231994301431,29028490323013146e-22,0.13769407275512485,0.6746590783840098
25604748165609126e-25,0.014846170314764363,12335892749920552e-23,3341781686367861e-22,27926983071359096e-23,0.009163091452342174,0.20693363329612136,28342387330165294e-23,0.16449180952063167,0.6045642726248319
23935558747715216e-25,0.010667764988924588,44994929260972455e-23,14919548660064921e-22,1412600247238289e-21,0.0077744022351008525,0.2970503955904029,10893563708671051e-22,0.20657888587282094,0.4779241050581444
8059673937054107e-25,0.01459493936035763,22286728481143142e-23,18009903277324742e-22,4186842805226779e-22,0.010432507185702624,0.20411499933469146,8178697873711726e-22,0.2296702603221575,0.5411840325795282
0.000508288225043792,2296982998189665e-21,0.014231938328764637,0.0061750365366238374,15933546536238042e-23,0.033906389278372875,22717143192505337e-24,1122023741942985e-21,0.24258499814336892,0.7025897484284663
11586022198322767e-22,0.00016958410325946247,0.009405902027628752,0.014230131904974885,10544725039270505e-21,0.04026733104305997,3007974541199552e-21,0.0013932590529320916,0.21859363828370476,0.7159254422821559
19013461268595585e-25,17866236612798319e-22,7118657328748611e-21,0.0395183334395962,23337916411153897e-23,0.0425602776660692,17169203556275857e-23,3011417700616037e-21,0.19129625221610794,0.7266128130069927
12314161786739508e-24,0.0190254094220867,10748115886077693e-23,0.0006460356090982693,14020561095710146e-23,0.017755218436695572,0.10763768234316705,12875927649975127e-21,0.30486954940451205,0.5500529688558697
37540540677435144e-24,0.004350292824809426,25773671959832304e-23,0.0004597560628124301,39602918755665787e-23,0.01932313589284903,0.1333169262893393,0.03624336668416874,0.31673245802205424,0.4895733729175228
0.00019012453667367096,2111227648900873e-21,17160548592087454e-22,0.04695768802300126,4062925072511644e-22,0.031042684010330012,5744937463638241e-22,4209273209527804e-21,0.17264240287862365,0.749158083209404
10028850440291458e-24,5973269008758212e-22,10867486186662607e-22,0.04406961006435275,14799108654246916e-23,0.029539959768135806,35302767719092914e-23,4692529429008119e-22,0.15180567333191355,0.7745820924595185
0.0006410518337253902,1047102112664111e-21,9497970026193826e-22,0.04967660580684019,39182178954286887e-23,0.019055429377806094,16747720147471897e-22,28188967243588174e-23,0.17256022484140776,0.7580623427576161
657898145155607e-19,1775416473681797e-21,54305237858260605e-22,0.08691706019029126,7108340111608492e-22,0.0338798218465763,33420390047598067e-22,13048654226578146e-21,0.17635688750877948,0.7027561331726571
0.0010612832169066564,29603013399391306e-22,1230164488018124e-20,0.09543897625792475,12166496930308478e-22,0.03148841652742776,5144099011967595e-21,10782764531168e-18,0.2067563945017883,0.6652225240364974
0.0014260514796698906,5302179237493911e-23,31229122340259983e-23,0.08609243734977876,15685615856009123e-24,0.026095203514117,6775858833430432e-23,889223736981092e-22,0.24063840590740687,0.6457473640694332
0.0014025176885640736,5102835596205468e-23,9673805950385945e-23,0.09540924587644532,29308404458996017e-24,0.020046130419521045,7376464219693585e-23,34249466859711225e-24,0.19239012507665806,0.6907516958498833
5322971857458314e-25,10749893304328022e-23,41838154596712394e-24,0.10063959271607989,6942707505356688e-24,0.006305347728174286,4820821865606011e-22,39783925618752025e-23,0.32681101360525167,0.5662430092169616
0.0021548625318515437,13080392902072662e-23,4971312834337495e-22,0.11947459789291391,5100121830463367e-23,0.017375273520776818,2641361519280164e-22,25918424991116105e-23,0.23912256875976493,0.6218714950378604
0.002058449597182889,20861146008467486e-22,1212844309277e-17,0.1308003414733524,5530143805112411e-22,0.01870086594807035,5248167369154136e-21,6496423012264873e-21,0.2437077698989026,0.604706060920037
0.002882622272377283,19635888904345362e-23,2282174709045715e-21,0.14169425613065773,8126271203721937e-23,0.021592258703892676,2612584612287687e-22,19894832402676502e-23,0.3038595298468773,0.5299683130430907
0.002960905666577858,54096757286455295e-25,38950636179177636e-24,0.1477422178730967,34327236998919723e-25,0.01898421246795195,1163665542404072e-23,214759907889104e-22,0.26952324856420756,0.5607893345224844
0.0026627549632207556,687403016488568e-21,5831267022972708e-21,0.1513625854390549,2598539701727181e-22,0.019176610034673008,24722780018892416e-22,31534706016434964e-22,0.2365161557589186,0.5902694895315191
0.0019444950357587634,1733722622721837e-21,1914343739374709e-21,0.17222304417521236,5688026233944474e-22,0.010529238182896668,4003107507075224e-21,289434333022305e-20,0.13228906783343147,0.6830030404528783
0.0018426505286375664,17280779956994338e-23,1401970604191643e-22,0.1967590260928779,7474238384128265e-23,0.005399414881995385,3456879966607772e-22,15817071491662707e-23,0.09729072723041873,0.6987072896601739
0.002245963972581592,15060288384085604e-24,2247482156571118e-24,0.2533665666813888,11157643787516794e-25,0.0038625691737157446,3071547220286721e-23,4184706415557918e-24,0.07204463096026625,0.6684802158883218
0.0019062409697435288,10201271652026174e-22,18124260182060318e-23,0.3287277811253689,3069363745728895e-23,57246411154714056e-22,3172476686278647e-22,8076550445075327e-23,0.0760739749001942,0.5932846482869969
0.0005059756566355968,10146616839628552e-22,15300937619853727e-23,0.27496889311604594,6591544698311015e-23,0.00037553201459969204,4411665665603529e-22,9515260439568113e-23,0.01783008770805911,0.7063177415990127
2653238356290582e-22,1894637695447784e-21,32313901009310764e-23,0.2595403427096832,20051003287131052e-23,4855022879801096e-21,21095328546087772e-22,23841016874943196e-23,0.0008326728399268374,0.7396170978733755
7312318068916121e-22,13972869442389101e-21,35786024286036713e-22,0.21081656233931625,22224151489478803e-22,4899762790185087e-21,9862146506555883e-21,2813084769182138e-21,0.00011082285227234801,0.7890345346955167
6788979841484682e-23,0.0005017090720224519,8617187243505027e-23,0.17073092457420438,4345080890268312e-23,2898810997633135e-22,9605835012823678e-23,4131286878488239e-23,403238340310612e-21,0.8287663383506512
9365744919153166e-23,0.019382423341651148,7693324285988537e-22,0.1816398623979717,19318731598879004e-22,33057717913289787e-22,33790079757805874e-22,9390903473919162e-22,4953451165409278e-21,0.7989623420760622
26282621060143214e-23,0.02338415348386278,7400558088729642e-22,0.16463750095017007,1043874993067996e-21,28726435305648447e-22,20110867534234947e-22,7785078381355099e-22,1219169898420536e-21,0.8119694173995632
26893253830405503e-23,0.043575102916252724,6697071728662159e-22,0.15522999890637726,2626751294105901e-21,11013285320770753e-21,3506262569672638e-21,18898381853685498e-22,12221476425289119e-22,0.8011737012528211
11912433971222183e-24,0.024581971533326693,6712158284563434e-23,0.20669942160906382,4517064347173078e-23,8649793276785849e-23,25249444448443944e-24,331125053655453e-22,2561103758141608e-23,0.7687183121821004
5953995280496449e-23,0.0006862648475964079,676497339693286e-21,0.23919186607064497,5450311002377531e-22,14737188957808085e-22,19019906468680212e-23,35479782920045843e-23,15502505236191667e-23,0.7601184142726044
6814410485887948e-23,0.005031007359867857,3038553292010512e-21,0.2535917849842128,1110802278733245e-21,13095090929258183e-22,26240965060624e-20,6507041302509506e-22,31013650776066283e-23,0.7413704573977153
0.00043737894823154324,0.0001946328807885525,6376135277392784e-21,0.3067012516776483,4485364839007057e-21,28379472216782394e-21,21750972155229085e-22,32588350558350333e-22,5660866988610145e-22,0.6926214955020293
0.0017726449966634116,0.04876496526243456,0.007532422926172345,0.26827458208057375,5942113143660849e-23,2657439018258935e-21,9054561824727142e-23,13763617549605328e-23,6666927384608644e-23,0.6736523730229337
0.0016619476489823971,0.03726166581165496,0.003245826360947173,0.27189971357351966,4012994452082932e-22,8862829101205735e-22,10743142667704784e-22,0.00010596076523188359,6566033074737047e-22,0.6858218673397998
0.0024875436774032195,0.03309522994544993,0.004227503838173964,0.33394430227936395,10261629532602521e-22,5314368079880436e-21,17429038651303116e-22,0.00047822826765643513,15362379322140996e-22,0.6257575723192733
16010269253001157e-25,0.10999868812118208,7580604634918197e-23,0.6455261881287977,9472493864710322e-23,0.00819446088013747,33806245159057e-21,43940353565893036e-24,23809917795529075e-24,0.23628038918121064
30075571547474115e-25,0.1306421863398415,2220463216389897e-21,0.6628396347839655,44379959750402e-20,0.032713093302109066,54198015948666255e-24,10386865986666767e-22,8678809212573994e-23,0.17380123863097754
4576948192664127e-24,0.04644091913086785,0.19411917863470077,0.5135412696727996,3262682720144759e-22,0.24589793001703084,2716518261270569e-23,15240906345897673e-23,3346988535400944e-23,15865522207140723e-23
0.005985343641050791,0.05613012573574156,0.30728545734922375,0.19610620591358607,1870477282335983e-22,0.43440367617150166,2435320999459296e-22,8654852905333376e-20,849662028150876e-21,13624179853295477e-22
34884479750014436e-24,7422994970840714e-20,0.21178145427246828,0.397490092999975,2049146607924702e-21,0.29212109148302356,26992301485571636e-23,5889403151038305e-21,12126132029298108e-22,0.09852367532435505
0.0034932554600611006,0.07882285318505117,4800964849810827e-23,0.13085269172366762,8583817147799641e-22,0.19576343724458922,1597482110304771e-23,8499909047301468e-21,1003610365288251e-23,0.5910583300752946
32845509518613397e-25,0.0002902854020336331,0.21267537986597057,0.13738474340799375,0.16796449954567694,0.48168409225549336,8698231217937693e-24,11028099063801823e-24,4670196923036022e-24,9718418009682245e-22
9834765626854468e-24,0.044875652842215584,0.15031825809192426,0.05737786657128825,0.28188029047576835,0.4655474852229806,3766960495644722e-23,11889087723579699e-23,23490191255692613e-24,2569103767361832e-22
6163405542727272e-24,0.1074784242095394,0.05807517811172422,0.09022218803605381,0.3666116543536891,0.37757263852082135,29734816625530806e-24,3399832383921717e-20,13303299201706154e-24,5869242816230862e-21
128260275418617e-22,0.147303479489136,3594388695332028e-22,0.0002598128584948898,0.468640251163233,0.38379467652292204,6911480434353834e-23,9009218378499707e-22,31856605437268777e-24,40580809800276264e-23
2204648740552511e-22,19513218270312138e-21,0.15906912414235955,0.13501665894357423,0.14992313536211993,0.3284659468005508,12037757713800329e-22,11167083119357902e-21,4186292566996084e-22,0.22749261158012699
8178870997361131e-25,0.10097700057091703,550198521708338e-20,0.1752683759247311,0.2587033821179608,0.22150972322894996,14185603908552985e-24,0.0005218507013250346,3627102995165984e-24,0.24301414684015074
7395232407347222e-25,0.1309393451495164,28082771544427284e-24,0.14267275215695696,0.38184013606388606,0.3445267439966943,12399203170737972e-24,6083460667097342e-22,2319376203525572e-24,20370746172785872e-21
39329266636486755e-25,0.10825626873707374,3690394402392726e-23,0.21975235507622676,0.26043181965316103,0.19213132076121806,2326118810101896e-22,28639905300416685e-23,17015131273186683e-24,0.21942765890938837
2148716850330164e-24,0.11467049336986633,20177503576432808e-24,0.2946620012374368,0.22225836906266064,0.18765457387865628,13717185067155008e-23,9830350558115278e-23,1001256663872363e-23,0.18075429463723608
3772123668577864e-24,0.09234763309908993,18583703659074325e-23,0.294281450055635,0.16385901541303363,0.09669999501182086,1205962422200023e-20,2210705576080519e-21,20569618954274557e-24,0.35279742591182933
5712987768597924e-25,0.051265693958275016,6847764599295077e-23,0.2990023399482749,0.06710362899292226,15758798155553726e-23,2927164394576548e-21,30772032055674056e-24,3494831596477459e-24,0.5826251490324327
59280435637395795e-24,0.051572044750435864,6678547569377025e-22,0.34674443311843084,0.0684602034861928,3717654727336782e-21,0.021195519424938778,6369205512881097e-22,2743269416824587e-22,0.5120224431825746
13764075506844985e-24,0.05254468906386823,30634654196063036e-22,0.31036548497036887,0.08081987117878364,7295557601237672e-22,0.12307728013326809,5171469637047831e-21,789123207702403e-22,0.4331836174864796
46879453640655125e-24,0.05124184808047614,5297990829731049e-22,0.3040987875200018,0.11050484211096638,7297859795985558e-21,0.13839249356706798,12060597749579519e-22,2114152143483358e-22,0.39575273670816746
17462188632612203e-24,0.04975678471669893,16551487442171483e-21,0.2646204682855101,0.11232339099904524,17713281619528056e-21,0.31717409960974774,2717733466876002e-20,527156564592743e-21,0.25606326966753507
12357091453172053e-26,0.04277902192656278,7548862992107115e-22,0.2509773708423208,0.09245754066819117,18793311829750452e-24,0.32998885503395065,3708407064703998e-22,1059504591486826e-23,0.2837960562955849
6282629801995035e-24,0.033654301232559636,4259183362564881e-20,0.2296089365012575,0.0778906801731663,29020321335154424e-23,0.2743585050481995,3324665677765475e-21,644681260585338e-22,0.38444129959154094
7114508788456606e-24,0.032565716928768265,3482745802299551e-20,0.18730761947564462,0.09254851698499064,7644618290831877e-23,0.3412030713939518,2322098332088599e-21,11425901160508618e-23,0.3463377278409559
5834376149987955e-23,0.029301884241313036,8987975624524625e-20,0.15911314082909364,0.08765725030997099,11812069548766702e-22,0.2977189904612416,27771483484154316e-22,23762259054204325e-23,0.42611460008047625
948372727517519e-22,0.00432619945457259,0.026474887946345223,0.18409803193023855,0.00011595185215863019,8917075102124763e-22,0.39642409133705564,5120484901997296e-21,7615664353080905e-22,0.38855397336558717
15670309269968463e-25,0.0064962017027954885,0.008874850048499229,0.18391751203850012,0.011636436958661298,16497863992245334e-24,0.3981125910514055,17539654909108454e-24,5166053491763087e-24,0.39096236742955587
36773077302463865e-25,0.016345594994791175,30841683561296276e-21,0.19882183729262673,0.03347540181134607,4235634539695577e-23,0.45749023263272637,9061520295705189e-23,13772754123990833e-24,0.29383594116332196
3502545942805167e-24,0.003959241055519373,0.011755710916929275,0.16626287034967974,0.008882067930138723,3054977158674799e-23,0.44929357765232963,36509346169960434e-24,10681541775752184e-24,0.35984645085225253
6704778017794168e-25,0.010405531930192596,0.00942759701907161,0.17421133951310055,0.024455538029346517,1697116441094978e-23,0.5149919712777689,1398734983585527e-22,8100668718714106e-24,0.2665078566136723
2261092396331935e-22,0.014731771731406369,0.012695113238372633,0.22092780172090648,0.03463990312282493,17175457021184004e-22,0.508716946212122,16821943108167546e-22,1095814465030955e-21,0.2082837423108088
2366817721970105e-24,0.014521767471330119,406601154762476e-20,0.1050430485619084,0.04220197601690546,9394086923343766e-23,0.5052409930323619,8442840716321381e-23,33582870321121654e-24,0.3329879345869928
3231256080489186e-24,0.029096664935756234,5524801623961733e-20,0.15805086244364414,0.07752155092583829,4174631149249679e-23,0.5457120139127194,63452922025885e-20,19672443071833375e-24,0.18956296058657376
4238284781493151e-23,0.019304124186812214,4455484394840265e-20,0.13828875337796015,0.056022481091336736,4721875274021441e-22,0.5329359779231341,17707826532201444e-21,1925792635025561e-22,0.2533856936006225
9959493865024035e-24,0.015449425692904528,9257972003610393e-21,0.1323544260003074,0.008632200967177494,8115701064481047e-23,0.3445378596579129,4342386193517668e-21,7198176265995603e-23,0.4990123242252322
30574638015203893e-25,0.015461189988069772,4182081746453667e-22,0.10910698633211108,0.05651564114405482,603661728994093e-22,0.4436789349720243,0.004472938650002475,1943781335169095e-23,0.37076380784435203
39164403705614884e-26,0.006055091939063232,18004444425803283e-23,0.07363191286659168,0.045780171180096245,19167691573380416e-25,0.49770370527081276,0.017334814102741455,1147890817336705e-24,0.35949412113993245
9714778755739799e-24,0.007326729147609409,3054686864161692e-22,0.050327073015410846,0.06640861445278698,3896090298511482e-22,0.5397450211612663,0.01510345846274574,614854283160313e-22,0.3210883374822589
490561140788891e-23,0.010413614624436726,8386324499396974e-23,0.05049929844232158,0.07923036933339485,1440032157206506e-21,0.5173066040046533,0.03213567163144576,3614685985296188e-23,0.310412877015827
26944421127787583e-25,0.0054469700254166035,20601833958221783e-23,0.04353662992888409,0.07224358762663588,2461791323105751e-22,0.5837814412019807,0.06166650301542035,3162736699480066e-23,0.2333243816823955
26473166743596343e-24,0.0020707082394881304,18837499296648084e-22,0.04140604029089704,0.05618992836132444,8321067728361196e-22,0.5896787233204842,0.05927053295830925,15057598174985865e-23,0.25138117392364207
581314984614314e-22,0.0001300207542636615,7450895195599248e-21,0.05130177781270243,0.05005439236842002,14575766422598568e-22,0.5008485207826376,0.06820573903947928,4983534999918612e-22,0.3294500867557496
2663588587394931e-24,13376011471528263e-22,6908252959460364e-23,0.051424781798301934,0.044675375078829724,21336456092591013e-23,0.47633200582127044,0.07228557480564186,23370200614996273e-24,0.3552806164139728
3235493632029871e-23,5731937192951096e-21,4250670646020778e-21,0.034476477840369495,0.034782004579581485,8593967410697732e-21,0.46854494971084365,0.0767169604441645,17365234854149798e-22,0.38545926197139546
6069450159800678e-24,2877725844701843e-22,37680346319420523e-23,0.04284479714546412,0.022535631533053622,278497792805804e-20,0.391603342990658,0.05203493054899069,1493770227376916e-22,0.4909776927818005
7129756751662287e-24,25715834860115394e-23,17336138003757206e-22,0.04544528610246839,0.028905640433617492,0.017080997587560022,0.4041527180170704,0.03926386935009918,6849006839135533e-22,0.46514880570659733
6120526076898726e-24,40159069417562336e-24,34389820845240477e-22,0.07878767907458034,0.0015379848466923931,1005192969034628e-21,0.46690853750309735,0.02333777354944917,26636369116147154e-23,0.429423268207851
5205264719133856e-24,9722542646134201e-23,2051875389110584e-22,0.06089513070835205,18401984148819844e-22,0.0037370873633191986,0.480258169759068,0.0002855740642926834,3193116547517744e-22,0.4548215709773341
8399620754007534e-24,831060916979794e-22,6206373122091604e-23,0.060327018889311246,3842626059193175e-22,0.0006327581496800748,0.4751725024529062,1892455701763546e-21,5812389301020403e-22,0.4638647100127113
1640959307045978e-23,8787819424157582e-22,6610910961473249e-22,0.0664314705919765,7722959754133007e-22,0.010084625636254134,0.5266491421190361,0.00130057113346693,1580955466373798e-21,0.3955302809851909
1125155307805887e-23,20228650295114e-19,3259689671997851e-22,0.07100135077806463,2760203702220567e-22,0.014521779655339498,0.5670129690723339,0.0003873811756345792,25889450674255307e-23,0.3470736243182292
1603860272147037e-23,28818293583278605e-23,5492331984745189e-22,0.06305824954496385,4151893608013301e-22,0.004788531044334919,0.702967730129953,130210942351868e-19,38180549892228374e-22,0.22916738148733648
37435548827711495e-25,610176848656179e-22,13607760953688574e-23,0.03829747077490922,21544375049065458e-23,0.0015498507939225876,0.7526138363633531,41110317229217705e-21,35339437029310464e-22,0.2074937815562108
12265546553886879e-25,4506949432005999e-23,3166082797029671e-23,0.00024539585330246014,9144850092667092e-24,22051177720602394e-21,0.7556993698060774,1610020759508883e-20,0.12123555893297198,0.12278143692069807
5857754452220361e-24,14083735058559573e-23,42987859890978245e-23,0.0018971092020741293,7880104482323142e-23,0.00013922346786191808,0.8632562096880515,0.013761941955167004,0.07167631663159856,0.049268543680922074
9087698417981876e-24,185190288482215e-21,0.0012061302942692508,0.006957092964863945,1311611453017687e-22,3786491588677938e-20,0.6664325833646746,0.04504771056801102,0.08333061750771414,0.1969876749449224
3048199058991444e-24,7364340541412381e-23,0.010805715817699145,0.0014654511148447591,40872944938295526e-24,0.008746554556516267,0.5763854423486219,0.069234030598294,0.08718457055099314,0.24617811744848309
12052214862831642e-24,2854476206639372e-22,0.004631046804865085,0.006544221485499317,19469447605287245e-23,0.0035147644221228632,0.6106739767701165,0.05663096940642967,0.10594580055109426,0.21205872836555348
36431346885323632e-25,7463091705638536e-23,0.0016490000640919246,0.012629420435329672,7427669706567385e-23,0.0015469851366197327,0.6201895494828494,0.044835873712982637,0.13408825769467742,0.18506076092278745
1337129377890903e-23,3140061042370738e-22,0.012907648272752004,0.0010938598591012751,18284255788449044e-23,0.022069610122526603,0.47982559971441374,0.047757683248106295,0.08088516251990255,0.3554599260432386
7729776660139919e-25,22423756135127018e-24,2291463823712511e-23,0.008743143760933686,13278669717960331e-24,0.0073737055853805725,0.6204212616909341,0.061121479219550245,2526122972843855e-23,0.3023403250921172
9435736633205412e-24,3217634052953931e-22,24836845244191735e-23,0.0011015051900486199,20116268482281122e-23,23300117695706866e-21,0.6590500011231034,0.05001009010031225,2868194618538222e-22,0.2898140359245154
1632808270928566e-24,3901017008861466e-22,19577309742143055e-23,8661576424175477e-21,38141172154204e-22,74430176640673055e-22,0.5997931031811273,0.034236712582565394,0.12263881873669491,0.24331466958378087
6218713061415663e-24,15340946797675507e-22,11217167266652157e-22,234919840999566e-19,28100870353962876e-23,21392200149138844e-21,0.5702658714744372,0.03027947218111896,0.11112163819658952,0.28828519092483623
4208240690691699e-24,9358048129085029e-22,27492171815219934e-23,0.0004136363609174355,57362362424482664e-24,2537241420318913e-21,0.6197438297386496,0.05644597326087735,0.11595022888460714,0.20744252221638745
8980401037373872e-25,45179041179828476e-24,303485532809016e-22,0.005275412486882372,13306077405478877e-24,5041513206378989e-23,0.7708944765531104,0.10571628639966757,0.07525373275259466,0.0428599516609387
244947483062051e-23,19895430923945582e-23,665784505190968e-22,0.0006225730216714696,3453146233967062e-23,14861023918909862e-23,0.8143934488053584,0.10179339800675338,0.08318872378530645,14052580109097249e-22
23626934772761654e-25,13348901718044308e-23,95714237647842e-21,5293759194002149e-20,41760943859911955e-24,11114475781066561e-23,0.9183516857556219,0.07448271927497405,12818033854432107e-22,0.007110991103562795
7280230859945333e-26,2739733299278442e-24,14275998410398312e-25,4732683018873835e-21,14897123777173236e-25,3813860155253545e-24,0.8615022039376747,0.09840298040478111,0.0215155014910492,0.018574571939304646
1685345922869704e-24,12644317932314805e-23,8011065415517128e-23,0.0008118619263215796,42823144637299905e-24,2280357921128664e-22,0.712076817346238,0.10529218624656621,0.03176468719550115,0.15005396818725572
11885021925709239e-24,1509534488375662e-21,3172490545512745e-22,0.004125968081140877,3683380602367978e-22,7657126808638481e-21,0.6036142636861358,0.13231634888255137,0.04530749791517888,0.21462605730155856
15203361191582978e-25,568086946681251e-22,45800117947945674e-24,0.022607490693886297,6175368817595678e-23,21875680442393294e-21,0.42357766092677096,0.12467960712694434,0.07914903432836488,0.34996416536075287
10269429350637372e-26,13077037885043648e-23,10980183002717284e-22,0.011846673267579091,14805839782219863e-25,0.0414324017005552,0.3784149176105646,0.035556472090553334,0.1205567214546985,0.4121915835040149
54988189944123655e-25,14269360074268437e-22,3371657714164115e-22,0.023864938210505122,18277486127500501e-23,0.013502635917243776,0.2927070486740575,0.09650136450846312,0.06525066400481642,0.5081713963094423
8548210675619408e-25,15136622106968875e-23,1519549916938648e-22,0.02286187078191701,7815732920495027e-23,0.06204026896737903,0.16716440236516306,0.03208566246245933,0.026663490364783982,0.689183922724934
15250162599489353e-25,10709085624044675e-23,8879216151508302e-23,0.034660807349574274,0.0009507967611344265,0.07301424515154761,0.1739147551655597,0.050105077822938854,0.042290426328542886,0.625063694012569
969570730895472e-24,38946757209201895e-24,6777452937023933e-23,0.04250148836633147,0.0696843305543249,0.053103062214798845,0.182950605554751,0.08071470333765893,0.1044001800902095,0.46664552219106425
49352755846727736e-25,25471021745685325e-22,2821439238314669e-21,0.035582292945879765,48838100327652675e-24,58175019421531215e-21,0.23040396362690388,0.14216856878306702,0.05871245232061934,0.5330691249893212
11357864875485487e-25,27757794781600824e-23,43580157087203964e-23,0.03805362230435351,0.06445671066234955,0.03359890231391673,9566296985963955e-22,0.09550785669509755,0.14372165562340086,0.6246595812577385
8780112447272006e-25,17500484001622138e-24,3256043252533002e-20,0.030076011223864225,28479597554569105e-24,6767656860785756e-21,0.08932076517831106,0.1606514951960057,0.07615078016506688,0.6437615732894696
10818236667330083e-25,4294522496317917e-23,0.002803096510864752,0.02791787429599152,7426500624624721e-22,14133054878363445e-23,0.0678734091249717,0.1660449999692049,0.11066508534820546,0.6246946634657286
3735615088189496e-24,12610339495751254e-23,0.012628735683599521,0.03335137988100531,16533618003736954e-23,20565322596836343e-22,9326483497603847e-20,0.1760849855461676,0.10630737527411796,0.6715319070726898
10805458582884873e-24,6562120483662104e-22,0.006474502252536071,0.033461327600057114,9962059222537355e-22,0.0005922750020617795,0.02329254270282957,0.18494496171112998,0.09807194787741433,0.6531607796305314
47190604882955405e-27,25170384709763252e-25,0.013844706855338387,0.03376833622557672,6280813888090065e-24,1778787985691006e-23,0.0003817899468697939,0.17964221948750375,0.11346188644318082,0.6589010344101529
1603642430922024e-24,7800483685002607e-23,0.029741907396445756,0.04279532866872539,2003008525145837e-21,6306807623355197e-23,0.002540025762121646,0.21275884898331215,0.15894196258776594,0.5532197916557147
24628734667118666e-25,2198182039267084e-22,0.10196082154590905,0.041117319375791835,0.16444650120361237,32296903882871494e-24,8694670225481457e-22,0.2498489817665823,0.14431925862436626,0.2983062760756594
24637599922194247e-24,17872578655544612e-22,0.21395715260776027,0.28520395668803805,0.1951956190964027,8411041811194883e-21,436885110972055e-20,0.1293673064978252,0.17625537379066483,5999530921164976e-21
5563077371392657e-25,2158485735520736e-22,0.2027194103707541,0.282826026938672,0.14531233433828655,15599998773678234e-22,8887901436697804e-22,0.13164625150690573,0.23749113197035726,21796801306447e-19
1591675192678421e-23,3953327764873061e-22,0.18602020827654792,0.2840398568663957,0.20819297970216602,14633706330150675e-21,14433208983678283e-22,0.12386316798221178,0.19786506097767378,22379182477776936e-22
10620314044906083e-24,2889327944012485e-22,0.19978569290435735,0.2965089120474102,0.23271294481161364,10074849303981833e-21,8285895673968764e-22,0.10123837162831256,0.1697418669907234,1008625632732645e-21
15805138121401403e-24,5342947813152791e-22,0.20041392404006397,0.28790203305594025,0.24369154906816776,5338570088745618e-21,18204174618827312e-22,0.100225635261052,0.16775740011598994,17493713192205468e-22
8672978932970498e-26,4174111554427863e-24,0.21732094978168076,0.30220807606429556,0.25171563444585154,119718741790477e-21,15062961419596916e-24,0.07722939874338008,0.15152579440068442,7521566805183117e-24
25128960805268456e-25,6785857483376729e-22,0.15227810335116265,7347931707726528e-23,0.327681672789633,7194801658613983e-22,0.0004240464003943231,0.21901407064380404,0.14229901819638457,0.15830161456050418
10381578386336976e-25,3686988016092787e-23,0.21801028138631148,0.30424979620680737,0.2846428772812727,8074760949974251e-22,885861021056852e-22,0.061148889532708244,0.1319471792851218,4233746988769226e-23
1935029004478856e-23,3797952388515391e-22,0.24148041391985647,0.316799654277009,0.29797556195024993,32341454471078018e-22,10518127843828274e-22,0.028500276657446616,0.11523832264736913,10854445438129425e-22
13708531100834074e-25,6929204450339517e-23,0.18932541001620626,3775241644612526e-23,0.3696351359769617,58128582661856196e-24,0.00010847240450987026,0.19920129485448673,0.149708614189364,0.09202090601459849
1445852208765239e-25,31554079871783913e-25,0.260721690311643,0.34311497549575415,0.23901905681813207,25576664709351358e-24,9823907786616914e-24,0.00016992211559410853,0.15697430801822382,8540056707038446e-24
6783808859572968e-25,308599074333637e-21,0.03281263982308348,0.013574735229262462,29383756031241042e-24,1363725215008207e-22,0.03536471438258928,0.217298580889293,0.1925943590570701,0.5083544955849606
10295669023479472e-25,1605065015424522e-23,0.20071261641211985,0.408736163122236,0.11460707638639005,10476620554136139e-22,10260088462726776e-23,0.023173951025774627,0.25276899598006974,29730251423002847e-24
1698505785991705e-23,4222874338447197e-22,0.20955683278005366,0.42739637930662333,0.09695425245248655,11389103430589945e-22,13578723704027914e-22,0.008551452344163046,0.2575367474466227,13996160966491168e-22
1106891455944478e-26,2867992034576492e-25,0.19162590602706947,0.416314407094212,0.1447422891695459,11280207923692844e-22,8863186924194413e-25,0.025308113754818673,0.22200815340376903,134606484282078e-23
3791964002295939e-25,10067836098484443e-24,0.1913035626364721,0.4151623142293583,0.19371770615119677,2977507052970336e-22,22898219424604145e-24,0.02821104744727007,0.17160500998449996,28455152189934302e-24
5662941187696162e-25,14506340840622713e-24,0.19368085056968767,0.4009535892220303,0.281156834411091,0.0006256933328173326,3171505351392626e-23,41269215870816544e-21,0.12354168072906933,35731925153118276e-24
15404061472637307e-24,311823093133859e-21,0.18408114869555756,0.4041816920507089,0.3384859496693259,0.01084202414396596,5000043272222628e-22,3566329577462093e-20,0.06237216252013115,5323930288321981e-22
3849118501256555e-25,25561797864129896e-24,0.19620263851168562,0.3878539697330256,0.3625965515215708,0.013014428123114813,1206700436388079e-23,6408201125742646e-23,0.040332294671420695,1534359191499793e-23
40257769971200266e-26,10217209142660348e-24,0.18946079868879454,0.38309159149658745,0.38695993370353515,0.009703814613938287,11857378249297893e-24,3602447358182361e-23,0.03078379002519395,1297028618673302e-23
2440675217993317e-24,1072757244819876e-22,0.18663271790045646,0.3702864335664319,0.42498788284162803,4307751566028511e-20,2105871206407171e-23,5228512024406863e-22,0.018049213369377835,21182527879409723e-24
5065505689136789e-24,4404533057804757e-23,0.251395607141717,0.7330905796181566,2664091470334074e-23,44478264341818166e-21,3971359800486558e-23,14619092539873351e-23,0.015469034606657666,3871192450001007e-23
3809216333897816e-25,13989066363174118e-25,0.24028297117104294,0.7263387536889743,11026209512766674e-25,3359161635810477e-21,15041669630223028e-25,36630045451972753e-25,0.03337490646943259,14601523719513668e-25
6041169086839077e-25,8261822847304407e-24,0.2338060689533244,0.7234744971167492,9254204575108973e-24,595367165565696e-21,10903409790261988e-24,34032282321663242e-25,0.04271879584448984,10291590663520042e-24
868292200418868e-23,14074441722886964e-23,0.22260573264016076,0.7252194025066403,2661790165948045e-23,13919086332803885e-21,8441081059432059e-23,3318078908146899e-22,0.052160299704390074,5379870264412219e-23
36574546166202793e-25,6606499001580789e-23,0.2159341017807371,0.7440632969390879,2732253473620493e-23,128266267844233e-19,629864499933636e-22,24702992985058256e-23,0.03998930839592597,5919601205134317e-23
13836159223977057e-25,6748978810967221e-23,0.2198169049584774,0.740834470235414,310063437134573e-22,3287369679783302e-20,4969565177380747e-23,2891621385732927e-22,0.039315267959792746,4441227596038098e-23
2326275448373487e-24,445315677688528e-22,0.21632680185284783,0.7489880026998386,4834614479112562e-23,6431030326209989e-21,4263849690209367e-23,5670760451500555e-23,0.0346785310160791,38851696909677054e-24
3964089091976012e-24,29893394891753755e-23,0.20596873831880025,0.740389296676834,20571146444868388e-23,31830380877384263e-21,17492304801806795e-23,14444867242364014e-23,0.05360914879618637,15784620208038918e-23
18120189195816868e-25,13196779407719625e-23,0.20237905942279188,0.7362289964487735,15953288977032914e-23,2496470935137422e-22,1431792289037641e-22,1570063756241356e-22,0.06139096725984596,13371836870570838e-23
4832754833527404e-24,4872262105541272e-22,0.20820861777010205,0.7438739217640005,5614267904506553e-22,11567779021420842e-21,4960608861545236e-22,450864782957869e-21,0.04790338249039121,5097854869884535e-22
1618821104745874e-24,40644860329671185e-24,0.19803464512918226,0.7541796762654253,27546275495293197e-24,4395728081987518e-21,26087501444965007e-24,333463586850583e-22,0.0477811309096371,22752531971147697e-24
11433345536454617e-25,11655731437535913e-24,0.1951406952122939,0.7743561788684237,13883029892920574e-24,2975532283664214e-22,10935994314224313e-24,3400651413442874e-23,0.03050274526445674,11476864950678971e-24
5110229361789778e-24,46012282485507536e-23,0.19098070078425622,0.7658062581458781,14988888429047116e-23,2060101940465637e-20,1498795858369344e-22,5663137535059604e-22,0.04319106590351037,4283199156364423e-23
5027761108536639e-25,5590499048835006e-24,0.19340794247917154,0.7719072191626466,6859195604178792e-24,2146770648912664e-22,50260439960047985e-25,5719708871579668e-24,0.03468459461104024,5368978852535142e-24
15039729890348347e-24,7439871491108562e-23,0.18539488382695388,0.7869477966409514,7909983678380841e-23,43019485109832585e-23,58385540792280006e-24,5924319009867808e-23,0.02765653782326406,6534754235250195e-23
230048909036002e-23,2101914241854911e-23,0.19778065576815632,0.7990015825431305,24062309742375353e-24,13578853396423597e-22,18353587392661e-21,18178765484576334e-24,0.0032162984708735873,21416754197034683e-24
9999136226383762e-24,8839863485904265e-23,0.19704609456738442,0.7945212995317833,5949166801935683e-23,5411096712320921e-22,4916977824756991e-23,4951512043791554e-23,0.008431752162204797,56052884540468736e-24
10690543259592761e-24,9354215226055734e-23,0.19385800120947091,0.7934216848875795,10825153577222966e-23,25796120846313073e-22,88747260696059e-21,9413967812955322e-23,0.012717236922125619,10199622932095733e-23
5807791067234129e-25,5147084047405483e-24,0.1858318214863748,0.7877645292868776,6104375931146978e-24,1070360106594956e-23,4791924156772139e-24,497014146036465e-23,0.026403611120813023,5808099516445356e-24
1964871555308494e-24,17929539591191828e-24,0.1900827921177489,0.7821813376815165,218634864235772e-22,47959093448590256e-24,17262743875197793e-24,17734766205275878e-24,0.02773572452686531,20960482234925437e-24
21829087385589906e-25,3864300022532369e-23,0.19286852638413549,0.7758339068399791,45795357400062805e-24,21663704830881146e-23,3948990350986638e-23,42450213130179215e-24,0.031297121831326456,5974582226682959e-23
8977425327347931e-24,9446324665228285e-24,0.19494263237537893,0.7764199168467436,6249975535553871e-24,13776120033786802e-23,553760793300819e-23,6282967117005114e-24,0.02863727035555413,6166485997857158e-24
10270741280637874e-24,19445998268969823e-24,0.19786434425847454,0.7794915529871403,1681097496810321e-23,12451416186262772e-23,15479237871528427e-24,2106296273765078e-23,0.02264387829232903,16878059934623684e-24
11505644399941613e-25,7345676596138067e-24,0.1964333578052652,0.7808809552948959,9185786121152788e-24,26521544379792654e-24,8170722506440928e-24,7011478544934344e-24,0.022685617913463223,9600868046513766e-24
14462711845847277e-24,13068440488551439e-23,0.19390536185340077,0.7703298591018977,17092700585259755e-23,24232823541087987e-22,14998060097454627e-23,12057792219475722e-23,0.03576159591167397,17321782396002323e-23
14706482314378346e-25,13703585095741624e-24,0.20269715659293003,0.7702983530463707,1765024601834203e-23,3702094070898958e-23,1618746991606015e-23,13152059460063153e-24,0.02700437263526741,18540692202937872e-24
5976926242823495e-24,51462729227968256e-24,0.216870844433215,0.7647765196054934,6669868631457556e-23,520089642101797e-21,632311033224933e-22,5359408373501832e-23,0.018351803235441354,7167128489072001e-23
18595314084626866e-24,450481045002993e-21,0.20602103605052327,0.7938807305546856,31067257558005683e-23,4900878712670196e-21,22869865025917025e-23,8131948802420085e-22,9139761366761163e-20,11326007620600492e-23
9954495593881732e-24,9956104951613765e-23,0.20597673980400452,0.7939615522636646,14430638751305013e-23,11129180723002337e-22,116592046261019e-21,11818369509911463e-23,5996649795379307e-20,13991803201813445e-23
850470812370715e-23,9904299818248027e-23,0.20590454820287404,0.79402963277083,12401081027272098e-23,20275464466096482e-21,11433120152393974e-23,19655117707791632e-23,44867403519461256e-21,13371730754781023e-23
23198100198469892e-26,24381049730467437e-25,0.20822674508974418,0.7917729620157186,2930788826205457e-24,1744314151542492e-22,30368121270475365e-25,2862548065940304e-24,10387803628995399e-23,3085032566540694e-24
4367515012971511e-26,507914806462233e-23,0.2071497038076956,0.7928497979686646,25542390174612365e-25,43995872966229657e-23,507462817061467e-23,5058179423434853e-24,3933143962596357e-23,11744586889114295e-25
65438418030340585e-25,9945301655724489e-23,0.20721049604554714,0.792765400566187,50423805801951454e-24,22878621352137443e-21,15590266680279805e-23,28984124243412755e-24,7383155053813353e-22,14514499826674662e-23
26921655612766223e-26,4994573332829008e-24,0.2119162993303066,0.7880743466105922,9113141969940509e-24,9217202850491045e-21,10491840315060419e-24,22832443173663846e-25,10202021574220205e-23,7683430741469287e-24
777063229680381e-23,16496381030319282e-23,0.2114290428995227,0.7880750330632468,3520450428711895e-22,0.0004945207608412401,27637953018456825e-23,18623547139865753e-23,1613692759950627e-22,2545121812567218e-22
3569618556759667e-25,6927785464251402e-23,0.20754677858691345,0.7891860232139658,10781002456606339e-23,0.003266240996418977,16433595516928064e-23,10066087879770066e-23,3381522972127797e-22,1766084196271749e-22
2668679915007979e-24,6554064354458111e-23,0.22206594208061378,0.7737995997184508,26775067087112303e-23,0.004133822659829328,6513807287406928e-23,4375629064886986e-23,11574988273259143e-23,7493685976782432e-23
26690178318722566e-24,5858803227939843e-22,0.20752591104641332,0.7792326580981161,4782067847605239e-22,0.013234484659109407,18712369303768525e-22,6426355309274003e-22,14121651687493127e-22,19294977604676247e-22
3036255387549756e-23,2169390316610317e-21,0.1598019525767296,0.534106279328284,8248395630876063e-20,0.047243663863064826,0.0001378692876751254,2156377330521548e-20,681015192497569e-19,0.25853588594277516
25594384927323787e-25,31256006527120403e-23,50417781595009385e-21,0.05462808762841137,0.3680558852658963,0.08136308379190713,0.11995932190462905,24618937695249355e-23,24239196053157115e-23,0.37594239992663736
2386937517605631e-24,2376968364427654e-22,9939313441977292e-23,0.0328846462663233,0.4263054184962853,0.07659340907021539,0.09850739126392592,31013827804714326e-23,11012877205237786e-23,0.36570837515928023
8180234869896912e-25,3599571466282151e-22,2594774714873066e-22,0.052704734051469915,0.37486273436128603,0.07523876184985176,0.08967088642089635,3329604809124438e-21,8984675358852485e-23,0.4075188436122571
10776555562080408e-25,7075737394818372e-23,0.0008429037863732445,0.07100659278155803,0.4233275679924986,0.08408714172869212,0.00046189817112319556,7759251931747185e-22,48343443762679765e-24,0.42027299943635976
4112070983307073e-24,6080956142196159e-22,0.14681759534830904,0.48344638027042747,0.2672270434075691,0.09013078113849556,5801165483796293e-21,9473656047718056e-22,1209802997085311e-21,0.01236962929520533
49980224303988875e-25,3950522494896467e-22,0.1215923319971647,0.4859157058871735,0.2800693156078999,0.10778769392971745,7318016024260399e-21,17073125628952044e-23,6152632549294188e-21,0.004620911147941677
274210675187972e-23,6377571704614818e-23,0.16607442879272152,0.678343433562284,0.07858092223967814,0.0769968630432016,7764977638785683e-23,29002137507050216e-24,11205875585339771e-23,40671619361440614e-22
10758037973847394e-26,4917134693578999e-24,0.18818496237400795,0.765003494803414,16636360847257368e-24,0.04681144827190286,7134901158000879e-24,2042756355988992e-24,3459249990083796e-23,29119290897742997e-24
45731064210201897e-26,18024864515120345e-24,0.15997952599070148,0.7452803577180132,0.042395367578985675,0.05234463284921402,23221696695913386e-24,18834151036979315e-24,14165744474609473e-24,4116023135680746e-23
15554236052092482e-25,55356570809592244e-24,0.047049842790686365,0.26773516428212135,0.0352242438371542,0.24336435298328363,1549124023093698e-22,0.07448905322523339,3497586510584879e-23,0.33213709608123926
4003134893213362e-24,9255482954988815e-22,0.13328830142389783,0.6427176581175539,0.1624780541289864,0.061508988983201805,8579028334454862e-22,2524388194457747e-21,118602161832122e-20,1499482286721522e-21
4701409106416373e-24,18396899268970028e-23,0.00036115144849838376,0.10066150215590552,0.72448297483914,0.1744584081170348,38096804747923977e-23,24952283388255685e-23,38578800098382e-20,3475848211745816e-20
10702135616350452e-25,9344212563648916e-22,0.024875514903474866,0.20849042166165271,0.6206019029002132,0.1460252382381546,14012149901591376e-22,8936070115019496e-22,23565930852071193e-22,13353897226477898e-22
22962831016121717e-25,710058811136549e-22,0.0232391479676507,0.22356151650891604,0.6235767286155385,0.1296216332872176,13437448167876592e-23,8975152460019318e-23,734031347314951e-22,6027889068416118e-22
25992025350714184e-24,3737373645974467e-22,0.1681136430103625,0.7782471781943001,0.053628875275355224,799424220820865e-20,3529291852714743e-22,7693103943565384e-22,4206034009165445e-22,36670606013673106e-23
25338780422069413e-25,31382324948395256e-24,0.171438578519309,0.8285592248949268,11445799165643215e-22,7786300406251318e-22,42672814001946615e-24,6870664033289659e-23,5524346975089787e-23,7283922829440237e-23
153940248504317e-22,2048114733221038e-22,0.19613591934282854,0.803832193161418,30091090373207185e-21,14501874578147708e-23,31789315450031987e-23,31019011125674467e-23,1404073556332541e-22,6626909170564512e-22
8663797208281139e-24,9252373810080778e-23,0.1998374202387228,0.8000663569060442,9470468294779918e-20,5469286262782665e-22,17860432016633718e-23,42445543690487015e-23,5596158266622266e-23,21103480575048211e-23
13583030565883617e-25,23816204155512343e-24,0.19841808526276902,0.8015792199963097,11779390815119084e-22,7168644078496609e-22,7887083736484857e-23,2549482076499259e-22,131316421636973e-21,30962746086001754e-23
116172884361563e-25,6586517521205503e-25,0.18688670658976542,0.8131129838278176,29008908165733367e-25,11092040419270569e-23,4110906114428874e-24,3924227560111924e-23,7707401613217018e-23,7466375844263478e-23
35481139966927145e-26,9783032622398191e-24,0.1809006884130288,0.787589179946204,0.03150991784667019,6095104929949539e-23,22299778272911838e-24,8659421230280029e-23,14275583033648423e-24,1953521143587536e-23
3629267951029176e-25,4805092865827156e-24,0.17989676800786564,0.7074461283593645,0.11265677466887174,2528568569015281e-22,925583741747003e-23,3271541940706203e-23,12194023912781412e-24,16775984035275318e-24
8705160087638143e-25,12861058452155168e-24,0.20565118328978957,0.7920758221804428,0.002272839230896681,349910607105806e-22,1721953671868716e-23,3207024150345321e-23,1084766565137244e-23,46438726752751075e-24
1862198944370233e-24,246554907268331e-22,0.21421844012141053,0.7826215745713594,0.00315970467848163,58516317309894486e-24,31933470224137296e-24,6067620289095346e-23,19811685135200412e-24,8317205033833254e-23
1919891594726132e-25,15010182502763095e-25,0.20667321203736985,0.7933261943097156,5747335765904386e-22,32715814406698275e-25,2055897094474779e-24,728703607039385e-23,6788742518370668e-25,393280535743695e-23
951495369036822e-24,841950123592513e-23,0.1782489579495398,0.8217485321669555,2433013638531789e-21,14549659003898798e-24,9946101035948428e-24,16806267879837538e-24,6496010498258953e-24,19702779394809095e-24
400215064298886e-22,12772670734636473e-23,0.1765767975553082,0.8233897577783216,3159576915267857e-20,12046633139051575e-23,2627046513123972e-22,522154667309574e-21,3816639401929428e-23,7392794971347231e-22
0.0011618258246917264,14518672687541497e-25,1581215513427246e-24,0.013992929198917776,0.29714664615448927,0.0219262886452726,2623085059178774e-24,0.2055684746498458,9797690615377306e-25,0.4602038288908545
4896165356665868e-23,8290334677635072e-23,32422236068931257e-24,0.07018158924458989,0.09489082055186096,0.23687948947946239,1365546877772737e-22,331651938448451e-20,8383222939300648e-23,0.5980443995305484
0.0020112077781371143,3100639199653715e-24,462460139018175e-23,0.010123362278470917,0.2166381473134629,0.28321301734009235,6082908566549419e-24,11198090194934304e-24,23240595525378507e-25,0.4880142379595086
0.002981530841346538,880173739083408e-22,11577287233897388e-23,26084925223654035e-22,0.2563288038616235,0.3309703173658527,409204915822335e-21,5510081249171142e-22,59156450064762883e-24,0.4097155162789179
0.0021253649880219002,2340983977178193e-23,32781142709815224e-24,3089289703979921e-21,0.19943062910502313,0.283239121995554,21954797783418313e-24,892151575028599e-22,14996055591273644e-24,0.5152016122646977
0.002181102715720451,8149650194314794e-23,6829680096782843e-23,5396431079972817e-21,0.20303741492280342,0.30240238830233135,1768991933900862e-22,2112124405980323e-22,6132321799661098e-23,0.49237309839990984
0.0022924997592238495,3479367613339568e-23,14839934868976982e-23,43627653734128985e-21,0.19450301026015165,0.2379303761526251,8500440819035318e-23,4939345482873888e-22,2887412972117446e-23,0.5652296951681437
0.002020087109658927,27693109190365947e-24,8048394140730086e-24,5134469733320226e-23,0.18689930384095663,0.3000108793975638,5703833123097008e-23,5478111158496486e-22,29179954031058232e-24,0.5110690085362184
0.0026032133044815225,1578129685474289e-22,1791703905216933e-22,34172073963320266e-23,0.2101798866031934,0.31809771108205315,435886589512169e-21,5644680936137752e-22,11669455676994623e-23,0.46911739325693
0.002189741080203599,3443332137041092e-23,12887537494802614e-23,6468880961395205e-22,0.18698751271935096,0.32621313184010875,925141719400837e-22,31809759214729985e-23,31724161961701814e-24,0.4846083618277915
0.0016745115698516644,1558707335205679e-22,14578333371148967e-23,28883749317541845e-23,0.15979187757442287,0.28252136231116143,43055172270643405e-23,30044975271949203e-22,1009265491338726e-22,0.5560081220772021
0.001772601003309868,29565548299969455e-23,1092237505991747e-21,10218033633971133e-22,0.14677208053439322,0.25776184784075773,9619694457923537e-22,22123873075400863e-21,21909927934271146e-23,0.5936677559834223
0.0016031927394540887,17859739346441924e-24,34236207355636594e-25,12596793143298429e-24,0.1492411712160677,0.24302993112088864,5676354396347978e-23,18031622300728418e-22,8074987698896777e-24,0.6061238030426964
0.0016760992177105001,25492485497952046e-22,16038165331027031e-22,20987201669981966e-22,0.16214370911373355,0.24818640460335428,9719903268330912e-21,7260434979046298e-20,16988341319473506e-22,0.5879035121927607
0.001753759296353687,12892264322424477e-23,2309352557500479e-23,17586169866031703e-23,0.14758622154653786,0.2748942894195293,45666112524687947e-23,0.06154309095246165,5163322153475389e-23,0.5142218026128813
0.001579542031515165,37879317014403534e-23,1151506356441573e-21,2225238233173611e-21,0.12328024412511382,0.27091485351077926,2489277005033583e-21,0.0904467235577522,26007428573463623e-23,0.5137721318857903
0.0015346255483671223,4266844434990209e-22,4924208188828934e-22,7994531609528741e-22,0.12739153512224444,0.25592861752248375,33779454822974603e-23,0.07712689058410228,3868843853240041e-23,0.5380162361813848
0.0016451702636308921,12893679524433986e-22,8127929737975517e-22,10966270192242042e-22,0.10275661873242437,0.2406478984597259,6105244934858521e-20,0.13107853122289442,10278909194556723e-22,0.523806502193111
0.0014388611032140732,1611262451922895e-22,9424272649467242e-23,3421203636954845e-22,0.09009174775333857,0.2477667254541572,17894465180084336e-23,0.1462836251962493,21734209219869006e-24,0.5144182423248445
0.001015702101419959,15103773865418028e-23,17328357577580838e-23,20153767633147213e-23,0.06433576590756997,0.23378889951538384,1571861647214277e-22,0.1702748152933527,7998462880532037e-23,0.5305840541524877
0.0023833713269410723,12744506402191082e-23,5862837572631258e-23,9660562858991093e-23,0.15142170669803046,0.25916469176342705,10021244275450974e-22,0.13590650455445988,13402895141697547e-23,0.45112230682470933
0.0024440048357509863,54553966286282375e-24,6075697247415045e-24,6037799703284334e-24,0.14831367757679895,0.285045018928056,2312521768756503e-21,0.17152811017249553,13614203031613795e-23,0.3926666731556355
0.003132617462349566,15813306803354567e-23,9934006858937653e-24,12552428730776318e-24,0.15550621383516292,0.23140700258452654,2445934837249637e-20,0.17370103163186568,4525757445552704e-23,0.4362284492606394
0.004084023134188837,4821465058989685e-23,2513620459186537e-23,16059902189256027e-24,0.22791952767479196,0.2817234354068142,5001011413317632e-21,0.1283700470341309,6094271914537503e-23,0.35789781538514887
0.004531395612495707,1030715916384085e-21,257626306536193e-21,2443192324347255e-22,0.1903700339122076,0.191598440550545,3055923998863678e-20,0.19721026298469285,5363895256893088e-21,0.4162524111433603
0.0038677282017478476,709727896103931e-22,2728897761886534e-23,2283048929823413e-23,0.1447503673010024,0.1489971777961736,0.00013519015867319978,0.23151880594244795,471948834892855e-22,0.4707305623128004
0.002915590366528146,11691579940281618e-23,8712590289919608e-24,10712033876988053e-24,0.11380035130859151,0.12288534319741912,0.16139739665023103,0.2314373816904335,5360620634208361e-22,0.3675632643843096
0.0026243220432336407,21337503488137662e-24,7610039937798974e-24,6047668983845935e-24,0.12202201811007964,0.12533440699282097,0.17667923408947295,0.183529982458342,498106153270379e-21,0.3898095032046854
0.002229499099669515,441817191127983e-21,3644190437426743e-22,17754453317750358e-23,0.1417359694057264,0.14188639310471374,0.48781526854980234,0.20309016155433265,23386791963800042e-23,0.023241490637082456
0.0014010595070088141,29464498736830187e-23,27810208815296297e-23,6921139584229182e-22,0.17240882566517637,0.14819777498185116,0.5829156229476254,0.09364221850816433,6875226587681209e-22,0.001432546006440197
8500827145567381e-20,21486657025406678e-23,2971517789996872e-22,212694121621726e-21,0.000510748537735839,0.06961196365669793,0.24275387009163074,0.2776052596346196,1104742429016752e-21,0.409431320352963
0.0005307833663003673,26652235390194017e-24,49225707893871096e-21,6137672644536113e-23,10991605551576505e-21,0.06884628541764004,0.35988346103888297,0.4276481739474407,18659432523758999e-23,0.14303080429299125
0.0006667931643320554,20687051738191015e-24,5401710856692761e-22,10201579279359927e-24,24836412694328704e-23,0.046371671261216794,0.5117136965540695,0.44124472370355006,1584732684466066e-23,2280045590831302e-21
34414538588202315e-23,5703163386644993e-23,26647984669136837e-24,18452523472776095e-24,46359721493506935e-21,0.04523886313650294,0.525744679878729,0.3539537978472073,44743587995670664e-24,0.07501580839492045
0.000903855419089542,1558485280113442e-22,0.0007251528133147684,10640523162614926e-23,2392616999065044e-21,0.017011888622020816,10096251413253302e-22,0.17736680933001225,7959283711648374e-22,0.8039878333913124
0.00031058187288890557,21985778160014824e-23,0.00044587466056270037,1112488907251101e-22,24662891095356325e-22,0.017218104297781547,19635332354728713e-22,0.13537540783707158,31123945208134915e-23,0.8466449591632387
9755796401912963e-22,3671422603586105e-23,1810167849650388e-23,10493484537928402e-24,0.01957647009839412,0.014956508502257715,8342593114878722e-20,0.0101146583979142,12249697620934866e-24,0.955267883931538
15755744045734236e-23,10803904157729736e-22,582686737517419e-22,13004983993458159e-23,0.012326691142126684,0.00039963903801250176,8859461835578413e-21,0.00928258546754383,4747285976010449e-22,0.9779803238955782
35406567284181716e-24,9691077913045343e-22,8219881527115183e-23,928276976702084e-22,0.014426214100017739,6045719220660084e-20,16116690104687977e-21,0.01583050391576394,5193723488828413e-22,0.9696650091885707
3666483680089877e-23,2657594183293704e-23,1888029294800214e-23,32337443603946376e-24,0.003654681249102356,26394851336562784e-23,0.0007570532032379033,0.07943970706610588,3122665094819137e-23,0.9161481488478898
51428862950385374e-21,19191164713677194e-23,19978925488572254e-23,9162186383151077e-23,0.01837219177276871,18406787617553655e-21,0.08078381585615892,0.05682928195465336,7736062391794702e-23,0.8439443140824593
6879878052353619e-21,689788457224746e-22,690829535119596e-22,4915690853189557e-23,0.028463109849204266,0.011443945958495693,0.1264542001517574,0.016343493212292247,594271056192044e-22,0.8172881243043412
0.0019126074457535885,0.0329607199825851,22395641423757837e-24,19953506700391972e-24,7887513317375818e-23,0.010797347642518969,0.11421836398122759,0.1008025996413712,5452339484010917e-23,0.7393081855588676
16702350837957256e-24,4647402760821465e-23,19807147051759673e-24,17504695694495812e-24,0.02240734972695343,2351877067021085e-21,0.13435954555836657,0.021653750732050486,3026087962698652e-23,0.8215768713565005
35863312497385074e-24,13390732154034733e-22,6441602078086335e-23,11158768640037013e-23,0.0070217418431199,2186408176507063e-21,0.06943227846470784,0.04838803697848527,13232842916528148e-22,0.8751528820810177
5207035761174717e-23,4883224773564769e-21,11722679121990882e-23,36046231501604134e-23,0.010816927617023572,15592026484186964e-21,0.09610129350041619,0.002645534663506502,37425042281814826e-22,0.8904114967041062
6516483537693957e-26,886587019662814e-23,434765710627123e-24,20129180734021057e-26,0.014335454638361599,16241054341878836e-24,0.09458621889465685,15947477255468606e-21,4817845989578032e-24,0.8910623483637573
9054514981858323e-24,7143509426804849e-21,19342641376249582e-23,23872060833697296e-24,0.020605900309272635,9295678463460909e-21,0.20770708981649097,0.018540584462238857,7028861513787037e-22,0.7531290569849785
18123665695066745e-25,8884833343799281e-22,2646829697629476e-23,35022273366273203e-25,6879841369140885e-23,0.027285673672265504,0.8403693244969122,0.10602609803745763,0.02631752783014785,38689841401037263e-23
5520147025327018e-23,432245417301101e-20,14108012164650046e-22,11026125385780885e-23,0.0164328609389608,5510828177044709e-20,0.1595815120705628,0.004737377612170037,12898719190498663e-22,0.8191859525064789
47821753499919795e-25,6084364181944368e-22,98321951728597e-22,39294595801836654e-24,0.00042152313944537716,11074662953619632e-22,0.14808827410930783,0.028080062714676345,5364372740600698e-22,0.8234078337875932
0.001309918865802772,424995406742836e-22,0.0011264501603384974,19876122870835256e-24,9122238137980948e-23,13250344432663723e-22,0.10620143362774498,1568221282432624e-21,33402351267546318e-22,0.8913558102571993
1681628046589812e-23,2106713321779842e-21,9745276441123253e-22,7633525129622281e-23,7353288816758531e-22,0.02468420861409757,0.859634547047457,0.11561286733219127,16226202547042822e-22,6284466363421768e-20
34015705197555116e-24,14371817006187145e-22,0.00022266135837252632,8217659782385264e-23,10905944803701503e-21,0.0398278769370193,0.8169580600776497,0.07692394114277268,7620374451805707e-20,0.06597879742091858
2427432523634195e-23,28703910276115363e-23,0.0012463452793452469,6349249255956816e-23,15863722196536484e-22,0.03358887580708108,0.6024467279451895,0.01659805453310571,0.020703728671051976,0.32541430658608894
6964226052143022e-24,4947235449090641e-21,0.002412565825484168,20155647982612146e-24,3041539637693197e-22,0.029234880063829377,0.6207030627898212,1184730718598272e-20,0.05165871685308133,0.29597364865119424
7505502757753785e-23,582345091905599e-20,0.0028422589711045963,25247514085467614e-23,3151266261092136e-20,0.028616361853977527,0.6736478416981342,18243912019082666e-21,0.07188683023567478,0.22295079968539033
7174568572290015e-24,45189158287821615e-22,27374941036152345e-21,6488181296173474e-24,9196601435668818e-23,0.03094625965993911,0.10130403467222249,2270263351592463e-21,0.00015403591137982367,0.8675614000074309
6690383697411916e-24,0.04793103496970762,1747799675248704e-22,14329495238082493e-24,21664063117882057e-23,0.031307510578208374,0.8007686860851677,2147573762878714e-21,0.09083252659558992,0.029157681756667806
5928009483681628e-24,0.0020171386044277595,2843960582479527e-22,13407555225087083e-24,15292793593128214e-22,7392043098625521e-20,0.5252548273905884,4016423554232031e-20,0.08309752683741302,0.3895145894900758
30948757974340207e-25,0.012401402601096694,3254612205150407e-22,7589723998811105e-24,8459955339363418e-22,2427315721074299e-20,0.49455466323308866,17290621535484374e-21,0.08819469470169834,0.4048064935440244
19444610478635185e-23,0.028728942389891432,6885719973208514e-21,4264053938883989e-22,24354912633374126e-22,0.00034779661981941117,0.5300873793965768,34051914544870366e-21,0.10170729396188789,0.3390845936545625
19205573932982e-22,7102653108474978e-20,21989414522135873e-24,3381441359027051e-24,9325345300887586e-23,11398892243959563e-22,0.5056257384219378,44736379311867487e-23,0.10450698250155684,0.38979454474756775
1813347692502822e-23,8251919652456733e-20,5652373038572323e-21,11951551632318229e-23,6393947499634972e-21,36742970599317e-18,0.6148893369892653,2126425480276507e-20,0.11190690191643901,0.27305105070283764
6130498451583806e-24,8373090846997926e-22,18822383993817483e-23,8229146948493942e-24,12789755452360654e-23,9912004694931293e-22,0.5865719808359268,7352125990961699e-22,0.11626788176144545,0.29715724319942255
8606712985431442e-24,4785824247243321e-21,4231537005703159e-21,13803028036427554e-24,11535994768011893e-22,1041192997109711e-20,0.505505654701444,4168382010833594e-21,0.13608123332278602,0.3583883382933168
1591103395447514e-23,27769043705345274e-22,2442100518224287e-22,23513992499879338e-24,43787709672443144e-23,19316253019625746e-22,0.3854642807797066,15062893514332138e-22,0.12045135214599019,0.4940774307430747
8559946465582735e-24,45602337824831844e-21,7692404577717173e-22,40410535047524766e-24,13155233591697368e-22,29059638014869682e-22,0.2206172890538118,42984750234372904e-21,0.09333521014251311,0.6859538740173958
0.010175708734204588,0.3014503669552779,4730568158384543e-23,20048592033013603e-23,8664715696540132e-22,18723110672116865e-22,14662175323861336e-22,16395295246055795e-22,0.46548822025206976,0.22287961173715137
0.010887603966245548,0.31275537119554797,12433110294359214e-23,11058750744412115e-22,658193036061893e-20,9556407044171362e-21,3046707569113056e-20,4026891410132231e-20,0.47425587174360345,0.20201304856122906
0.012046561015476964,0.33290339231725957,3870767679388437e-24,36018626077706385e-24,13621834768398876e-23,303666979939223e-21,5126318952777543e-22,5873292375104703e-22,0.47567471313950993,0.17937375379189943
0.009968576472783677,0.27119353708735033,12266555750637242e-23,36344031753896856e-23,31484085315614544e-22,8036092570353744e-21,5871985902969973e-21,30782872907937657e-22,0.39785335336055133,0.32096391219914605
0.0024995359471209812,0.10720201565035281,10158447048882493e-23,5923137492576683e-23,33446833611527145e-23,47386020460339915e-23,19392234046130695e-22,849541162126849e-20,0.18619691433871774,0.7040901302843308
14880194139076996e-21,0.043828878883546474,11710080426377153e-21,3061943067691555e-23,2965229386101048e-22,52356093052874174e-21,22904747093442841e-23,3291147082129702e-20,0.0963206339562246,0.8597380731319408
7186918312066175e-25,10299000384545206e-22,25944822108961727e-23,4214369940886536e-24,4000630190439177e-22,9794925107037428e-22,15724052294669438e-22,5347614793882941e-22,0.005443180607415044,0.9945520383896108
0.0010098404838630789,0.05555307812493226,13013742054630876e-22,7065821296774473e-24,19046285987426493e-24,33563044413042726e-23,9857467811816008e-23,747422798907821e-22,0.09696521268769105,0.8464700322694821
17825767165519346e-21,0.03269539715902395,0.00017571089811243106,9366817827546016e-23,5280977570021491e-22,0.00027725105072752267,2296020035227294e-21,3173008941918135e-21,0.07063795812935494,0.8961897662006392
787725609621527e-21,0.0242672175659924,0.0003163459373702941,687531944413429e-22,30071895663973797e-23,0.0008356890101483352,508038308607746e-21,12332662349714922e-22,0.05675976570827518,0.9178180832758884
6531430475419046e-23,0.029490964992610846,0.0011235298215072765,25378784813081632e-24,16075871179369327e-23,0.00018182462237062753,31759578885497267e-23,5222943617678059e-22,0.05676818295045284,0.9124344062711672
0.002206985380713731,0.06810394123039579,0.003951016373839661,987585101515868e-23,22500496116791678e-24,7799966210962983e-21,8002923059263057e-23,39283494361943174e-24,0.1301251466546637,0.7956049587051206
0.01931451903051918,0.29300459906103765,0.010022866567966882,28971301445013904e-24,12833143334182686e-23,30723323355693767e-23,19069067039060278e-24,20644526751800041e-23,0.6776408756014792,16449688700502898e-21
0.01268755176528472,0.31697064550100823,0.007463729917167731,29878799239577556e-24,21867339189752995e-24,152724697026309e-20,20756735737397996e-24,13709607926957426e-23,0.6628637586819992,12577288659032107e-21
0.01314651168376959,0.3261465597067618,0.019203297930970812,10206081087464696e-23,1067239461282657e-22,19470707717111275e-21,13109550677685805e-23,2379513510856349e-22,0.6410150384652136,0.00046854367399515366
0.013592148181355814,0.33366346425020305,0.01896644084396174,25120404119746807e-24,17862141214578565e-24,6750442815999951e-22,17006750116138852e-24,7016604648282194e-23,0.6337707719924998,6369532351742288e-21
0.014037062480002317,0.3779087819424556,0.01883583457501075,20211267297960903e-24,24788491205939767e-24,1354760401389371e-21,31038176698662566e-24,41614844327075184e-24,0.555927465762471,0.03328938282684561
0.014336853440750126,0.38518970091589816,0.026061878638796214,4082206049164722e-23,7328987454649945e-23,31014816083465256e-23,14846869846703915e-24,12580219957997715e-23,0.5744101957010691,8063943455611745e-22
0.014472867000106835,0.35480832307830196,0.02698538252776574,30682590503427407e-25,5713411774358607e-24,3021771800660336e-22,16173414717435254e-25,11095546402753403e-24,0.6037330778251613,25896909658420677e-24
0.014770761247301357,0.3535184890739772,0.0265712943549505,3962950031006244e-23,6628095236303805e-23,15092290537228105e-23,14768495843479908e-24,13371660673297642e-23,0.605138800907835,24909756997889935e-23
0.014544992825945067,0.3394675271180515,0.023198807547082992,941627316264061e-23,1292207242219318e-23,14237583874346081e-22,10888460791215806e-24,19751999186443546e-24,0.6227871469902763,48781268509529855e-24
0.01529964819846776,0.3601470669693858,0.02548451622097117,45909703246500124e-23,6873479945015882e-22,0.0003167132707214672,20891902138728153e-23,12558440965922812e-22,0.5987473605485516,2083583757561377e-21
0.014677806101463999,0.3603020446895358,0.032070915351250805,38850019172782637e-23,560873572714363e-21,0.00011875399935668782,5317966989547757e-22,11445704727590604e-22,0.5928252068375546,26472802206668956e-22
0.014784127923967145,0.36474983610006895,0.035270454465488814,9073139333586314e-23,1209947851853717e-22,14453209087311572e-21,1690966571741215e-22,23871538675252133e-23,0.585179683948209,8248150463455597e-22
0.014145443171575177,0.3722489550331483,0.03567411057596569,1135013256755988e-22,24304946718712363e-23,0.0003591997097508971,1482430591173279e-22,7835520207025564e-22,0.5775699235305879,10796335019576714e-22
0.013515664304031347,0.36255623922565144,0.0319545302848338,16984724220177138e-23,26302330568072624e-23,22252971788619386e-21,17808051169937593e-23,5965277085339831e-22,0.591949270268236,8354703505271692e-22
0.01347138502659863,0.3672543530270096,0.03390775266502807,3810127802847557e-23,47758645267877234e-24,23880980073625336e-22,4901497000440935e-23,5290455805913044e-23,0.5853637122486479,22115540121402765e-23
0.013972692215557869,0.38233263552951074,0.03847285567871434,3281162647714147e-23,6486956423175961e-23,4953832438905145e-21,1831806393535278e-23,5601809619503695e-23,0.5652166095432897,8118319611850329e-23
0.01364497917502118,0.38944554661833847,0.048155422778947514,565098341618151e-22,8383536552921962e-23,0.000221567189504321,14105356235129237e-23,180017234685045e-21,0.5485310412129157,9816095445654599e-22
0.013612312405568445,0.3839940706068577,0.04563520908165009,10368125363567906e-24,27311274758544613e-24,0.011287266617959117,7083106378599341e-24,3268747286478012e-23,0.5454709502053006,1136326591223279e-22
0.013949243229526483,0.4152668194926971,0.05042973784955746,29504863934305486e-24,4432001520252415e-23,0.030716630546757825,8842327388456731e-23,9347610190179804e-23,0.4829097442585853,0.006727568898334951
0.01274990344592828,0.3860025143296222,0.0469431201840402,4296326735181244e-23,14196543311961624e-23,0.03552559485317805,9173286608895107e-23,5803691131942336e-22,0.4392135636137234,0.07956444654287492
0.011269362775263466,0.3529352673285378,0.04278984660448043,2917777316126487e-23,46694580727423425e-24,0.03245249090997073,6909259521281137e-23,14865078831823073e-23,0.40248049819441806,0.15807224057160374
0.01304681199133602,0.39421235340022415,0.05137120463793845,5979108609818463e-25,7691346398642842e-25,0.02224384956354389,14097172051175184e-25,2103362246353846e-24,0.45364335333589667,0.06548242219106347
0.01071213069300345,0.3140186214622317,0.03859379372182773,14768526251032083e-24,42146723596605944e-24,0.038027384178663554,19541319779837088e-24,16610368469984097e-23,0.3759287532500205,0.2227190741339981
0.011577675102788247,0.3042685781600351,0.038413562052591554,36390839549589926e-24,10764304623847423e-23,0.044053817238588915,6185368345058967e-23,42193578057831283e-23,0.44174298252934313,0.1599427570933039
0.012165121594273926,0.31925086385914053,0.04272867030545183,2758252480746068e-22,45065315510898274e-23,0.03652287399046261,10829743680572196e-23,14040201849205475e-22,0.4580242760940525,0.1313059553606046
0.010207156072652466,0.28967454430788603,0.03475775458241858,900833760842614e-22,7833776995200723e-23,0.04465131946598763,28870277672145306e-24,6304291485780992e-23,0.40126267272396704,0.21944629251275266
0.013869371859196629,0.39712347056104746,0.04424270986085403,8302220587710498e-24,9019887760144752e-24,0.02320097182562076,9095994797258946e-24,9420229303731801e-22,0.519584633320857,0.0019778741322025793
0.01424308240036606,0.43990860502946577,0.0385073177630757,6964819313468314e-22,8740711330653808e-22,0.010155935748785915,15245728079634627e-23,65431590212414135e-22,0.49232220388622044,0.004854589002721418
0.012764274665352772,0.41868446225077977,0.05482101701402555,2483645785448166e-22,10136278856961608e-23,26026103561967885e-23,9960149312255114e-23,7909766652209668e-21,0.5136163402592383,0.00010528645412040255
0.012525389916026869,0.4238088434514937,0.055368608373594634,7446983529751458e-22,4480735809868936e-22,6772176242067551e-22,9880349431246624e-23,0.0005211222370903188,0.5077003603692055,7370685928957998e-20
0.012179145085942448,0.42839609520920713,0.06323835139656027,2374218388950448e-23,20313506359967457e-24,12217893720428892e-23,2836883830894256e-23,4962574844157384e-21,0.4961811222347355,12889662405192432e-23
0.014371042876440166,0.40984893243991594,0.0036184904459243923,0.04274178590872015,16095017315196778e-23,11485624028142741e-23,2923709329618951e-22,0.0048278125928375845,0.5245877204229574,36471363002384213e-22
0.014049423062122323,0.4311603670651807,0.0016451381927959634,0.039977328774468066,9389042757608634e-23,10510280556933883e-23,13282171620626287e-23,0.006552775484936566,0.506613866075863,7695301506412148e-22
0.0144159900702395,0.4378235855069642,10426025865904084e-21,0.03397271661788525,8889810261520974e-23,14895776283911638e-23,16505382859723404e-23,0.0015590623779191393,0.512217610399419,20609235200823662e-23
0.012676205173843482,0.47170802648834453,0.053002180755230714,50734978504374725e-24,13955287183800401e-24,12836535385100583e-24,28369984454492032e-24,12915601452091777e-21,0.4626004865044003,7957993036546024e-23
0.004485296254693767,28269085193304007e-24,49893340871556905e-24,0.00681666732299235,4171741962593155e-23,0.004302779254433848,6028528073779394e-23,0.2479037749701271,0.23113725627575832,0.5053540457568678
0.005251979498568162,2480710771207437e-23,4781823183114533e-23,0.008198486000453602,4877670396935854e-23,0.0001620159693516835,52567139783399046e-24,0.2941277859786438,0.2636437092414743,0.42861584934232405
0.005517907973364489,23615507820501493e-23,2586377638054379e-21,0.000160301479276244,4810368866977545e-22,0.000505559332797307,5202477929710686e-22,0.33419336127811683,0.27687514868286284,0.38274389743640047
32137554181295847e-25,4089884636681207e-23,0.011448307535552982,56618145964158004e-24,26084449514932317e-24,0.06331266871431197,0.40494991000951813,0.12383967949970247,0.1936375541853488,0.20281175324036763
0.0064241294972666165,207693687534589e-22,5427479567993288e-23,33607770831382764e-23,5212759256157035e-23,0.0007939288425482229,6980361712218955e-23,0.36741436748627376,0.2925222792918654,0.3328447618289153
997591952784321e-24,28133460187173138e-24,0.007908713354044014,2444482911941873e-22,4422453698139665e-23,0.08409651278735096,0.4049046305273289,0.10477494775749248,0.13624785788060634,0.2620670198892971
0.0028236619502872663,23721705986719626e-25,0.0009074125759604372,0.0015787608873530576,4764519879932801e-24,0.07947364281400209,8115999233290777e-24,0.23112019452210472,0.10719363038345177,0.5769026816142139
0.0034915319480491656,11450357014971153e-24,8671835299705283e-21,5216425299257788e-22,36207839005313895e-24,0.0887140250179906,18165221005611545e-24,0.34097562253038416,0.08114902146468654,0.4856605397376428
0.0057122865031708275,4453452369137301e-24,9651569981813719e-24,8843101438950477e-24,51978410582439825e-25,0.000818330671482315,13933026135132634e-24,0.4531890281950004,0.12528391526647353,0.4149963972848491
0.005442990880445891,21466234041386e-22,5325680541180165e-24,43868087909567165e-25,2387541955705384e-24,8790984627967583e-24,8597281640822491e-24,0.44044376247705513,0.11620286895328212,0.4379103460543198
0.002582900284851933,4628437905426294e-23,12918663378797296e-23,23846424033616928e-24,3338909033264101e-23,0.002698624786986008,0.4883175741586994,0.29433933984787874,0.15547153357865154,0.056589794636442786
0.003089391030815184,488090355463505e-22,36846051169362597e-23,24007440346707654e-24,40233373927136294e-24,0.0006828718941545954,0.5262546485583064,0.3289489131225637,0.1409980303495103,2566353431040304e-20
0.005384981972693786,13675737613562331e-23,2113716971755121e-21,10988626716082658e-23,9334543916254418e-23,2171203871006488e-20,0.2975383681378403,0.48681588031003176,0.2098286635561039,0.000407940278589055
0.005890152532143917,7901810907256402e-24,13208597933127439e-24,3953142599315102e-24,4640723922342606e-24,2567863070944462e-22,0.26361861507196177,0.4913343740272275,0.2384138947051882,0.0007426771728889867
0.005253602919851372,22455701496007443e-23,3388430948798736e-22,7839477566176805e-23,11500964107999734e-23,8977483998664278e-20,11299630445604341e-21,0.4116395792282257,0.23620037023052645,0.34680461634647286
0.0062477863752967945,7341257376671432e-23,0.0007330340103476036,471248992479628e-22,40714615323515324e-24,9836633740207422e-21,23049641719602466e-22,0.48227191514532913,0.2447949586555601,0.2659400029634867
0.005825471819982277,1900589359674004e-22,7358562759071639e-22,7432136603632563e-23,10894457005284578e-23,14005213748406681e-22,1366867663435827e-20,0.4061386585936012,0.1948939496571741,0.3931257415500644
0.0057542935144377794,14600629190732395e-23,1675973917449204e-20,9097013640451337e-23,962620790666493e-22,6063824292527852e-21,949885637895734e-21,0.4288843691212103,0.2380718755977042,0.3272653550790029
0.0015951258335731742,9321823769381103e-23,5948591081046106e-23,335260293208982e-22,911023031101902e-22,0.014717615078379381,0.13260990658461957,0.14947648121352267,0.20741857794009325,0.4941820160173222
0.001320694038247511,3536949569463977e-23,9375655002058735e-21,17312049091349495e-24,2431701011391809e-23,0.012414702951456606,0.07458850244526144,0.15447952702212348,0.2413795517808486,0.5158075691085237
0.0005358680977356843,2372558513384198e-24,7644899267361834e-23,12733641131411246e-25,15214625050315848e-25,0.014106010287788738,0.15870986584490196,0.11722186378404645,0.22936515056835438,0.48006115980078246
0.0001962031518994648,3966783959825696e-24,17947587625304465e-24,13649167112945187e-25,1959924707145144e-24,0.015552488313409066,0.17549081956629017,0.10902450189631288,0.22953315190995643,0.47020280992302205
0.0006787069335592007,1067479789167702e-23,2932845917930738e-23,37656269764242464e-25,58031342155850056e-25,0.010270862798978337,0.09037114426352087,0.13818904269434107,0.26748377253956496,0.493006421198016
0.00025129744873615825,11481850206850944e-25,9198038171890627e-25,7001361019642533e-25,6963982909898225e-25,0.010338745615870348,0.10373734562592646,0.1256261525920779,0.2567683820609014,0.503278073191915
0.0001859598578434312,5266279807250894e-23,42300590686756484e-24,3462819866400161e-23,30491242390401564e-24,0.01034331867119759,0.11015172089937206,0.12184660193483143,0.262361273592073,0.49511096496185547
9008239355608398e-21,532831471832312e-22,17089896175245316e-24,1208423226055928e-23,12021405124580353e-24,0.016454030604560035,0.3424934458543755,0.05063765470815949,0.16834105977511454,0.42206470633976095
0.00030965327118469976,6786845551672797e-24,48905932907220825e-25,7292855479923487e-24,4947849932660522e-24,0.029248650619891934,0.4234365520621841,0.029231871821330278,0.11152723682318717,0.4062460114845077
0.0002792885117753327,17522091508968167e-24,12826764566600385e-24,1525973508360213e-23,13122986849004147e-24,0.021144708466609298,0.45806957921826896,0.02278048372371258,0.10306793524374554,0.39465794610419636
23801974088596233e-21,29384179440915987e-24,22216192994384414e-24,27505158308830563e-24,22920374915399173e-24,0.02549144784332679,0.48469978809392794,33168852343000234e-21,0.0812639333524236,0.4084877578588703
29396370095421157e-23,3179025894750229e-22,3650981125617306e-22,34862992207757864e-23,2810667005546635e-22,0.017139617033961815,0.38293482395553935,0.0009363269832667965,0.15471872174717508,0.44426890361870713
11102791820412496e-23,4515053885912814e-22,8110204974140124e-23,0.003056020598817487,12222434282805768e-23,0.018375304451627432,0.3165086568394738,17060709119922215e-21,0.15191759471023003,0.5101245968312567
32042346267059653e-25,61638189133437716e-25,11526761908794419e-24,0.024301294377698974,45005527024192714e-25,0.0158908397147496,0.2834146093245811,0.006396454342156204,0.16469903335133598,0.5052977434941153
3712570383135794e-25,51366477897461436e-25,27849664659867644e-24,0.02687642925021945,189124943757587e-23,0.02702139148744257,0.2837126155019043,0.01039587627690589,0.1377962443881177,0.5141974078466285
264843916511515e-22,10238161420295072e-23,2801709359018882e-22,0.029108060854540877,5867782604505693e-23,0.034785678843054654,0.2849854866726541,0.008878412606267136,0.14751683029056817,0.4947250630181533
2618322308055896e-22,27525613396063414e-23,3296669485493802e-20,0.015991081313724093,15073099736664797e-23,0.02295122404000607,0.23003629677190834,0.0002161031209500236,0.1679333292111731,0.562838311028023
9739881905578895e-24,26860303082184918e-24,10065129119286611e-23,0.029915209669726647,286306621606698e-22,0.024820783600494757,0.27020049027679655,0.004537303597714637,0.15324799168812112,0.5172780552850846
0.007539015214350325,10877798578595206e-23,0.10639875042693878,1280637291819668e-21,2293846937784397e-22,0.22698974211841003,0.00012114553123121259,6523822291713846e-22,0.20869269222412512,0.45025638330274237
10936087341431165e-24,37347709307285555e-24,12604244491964205e-23,0.035054164128052775,51390039093524046e-24,0.02264730113416111,0.2031778927304166,0.017554010424766935,0.11292004604248083,0.6086463598238692
1103234520012713e-23,18390027361509945e-23,3993564798925526e-22,0.02325202843156431,15016026913737883e-23,0.02013885254520903,0.2544014734241435,0.0002640387421282216,0.07203435841523106,0.6299085039923531
3768211513899468e-23,23902625265345034e-23,11970903839467342e-23,0.011895465260914112,1602989231995581e-22,0.013019337250821588,0.25905270734654356,34641818264094214e-21,0.06574316229277996,0.6502541293143477
1666341845986872e-24,22658470446670937e-25,6378300254326601e-24,0.00011579722302015761,3341906636515169e-24,0.011610159027265964,0.22073163145698121,2209852905206015e-20,0.06977519994996885,0.6977451001612995
307890983756413e-22,4977109090297154e-23,1877491661367527e-22,0.007118048296449923,6522465380990225e-23,0.009110280738365029,0.22712681746297073,8288495510830419e-20,0.06519438457262063,0.6913672504405638
6696399277879157e-24,932111823914758e-23,337943844495864e-22,0.003191250560845222,12919910022710074e-24,0.0072972989984710695,0.21252635183095048,39638078039227597e-23,0.06921927639693645,0.7077653631002147
6730802335550744e-25,2299567254443307e-24,23212689113439914e-24,0.009284265815851558,32501345788723824e-25,0.003114195069401081,0.18596696880898464,3228815679820358e-20,0.08648926416140415,0.7151129885520058
10134191356382302e-25,8663588770507817e-25,7000580412790968e-23,0.011614197249758635,228482491635473e-23,0.0020550336924080206,0.09196313969716961,0.02267142687899075,0.06842871211985242,0.8032674161914387
6024107285842254e-23,23043021018254518e-23,6180568781608606e-21,0.017231817317114092,39572951974520827e-23,0.001212032265087092,0.05825787275569993,0.03606384179266426,0.056530426444531656,0.8306971424553103
2011428053076043e-24,38340231959710586e-25,3166998725920956e-22,0.009226272744236234,6032331377616837e-24,0.0031594081872104276,0.05487181183419837,0.03262372324314352,0.06068603835558935,0.8394324170579681
734007913039561e-24,4064927155449862e-24,9643558204703766e-23,0.011329887511865804,4890970458239734e-23,0.002719394693884665,0.15438982811750773,0.02397437516666393,0.038720047583493025,0.7688663167820052
130022412438562e-23,6090587489195184e-23,14674478690464024e-22,0.012751090624669184,9980942238968441e-22,0.003658190836440041,0.2157201800741388,0.00691173492435328,0.026586731753495435,0.7343695440389926
923169865092791e-24,9374604496260738e-24,16656047510159883e-23,0.014876124263676372,9674354193799158e-23,0.003704052307416156,0.26855971544492896,2457456356511436e-22,0.010202296929548101,0.7026572917070862
14353004341867418e-25,26151390891106367e-24,9761141592434725e-22,0.010427234724315441,7002975811908515e-22,0.004850095594171591,0.22403873029588386,8569995066318293e-23,0.01819484911673729,0.7424873005695446
12785918405366764e-24,1865783575996542e-23,0.03749472029147731,0.05803648508357231,18104986362177338e-23,0.00741061409171827,0.08796533449814734,8048376977274227e-23,0.011487219480980767,0.797605333576588
764408774207192e-23,22230028467248057e-24,25901371792110733e-23,17085463977265869e-22,0.016167593990552405,0.008459743948537704,0.11739046888645832,6871137291881731e-23,3888545887531431e-20,0.8579412415700283
969752482933473e-24,2192122613193043e-24,18938000913920775e-23,7985709035597567e-22,0.018897434900172847,0.008262890971495448,0.15640618559684133,6796843904459954e-23,28161051161615634e-22,0.8164296133451745
11917874433702874e-23,27598740926431806e-23,49058087821748195e-22,18084389941943056e-21,0.03005156062386479,0.00885294509196818,0.07842986440003577,13389127109020462e-22,0.0001891663821186,0.8824517392244242
17337989384249888e-23,30356416113573894e-23,16067810870532567e-22,14387792574412552e-21,0.03726288914684935,0.010208029963432532,14146592659609617e-21,18194706294317841e-22,0.00014810643282598144,0.9523485368754495
5817654927364087e-23,13396352356249315e-23,5449857203266297e-22,25209756783728624e-22,0.034564773708984364,0.0074628799694316655,1032898566175357e-21,7634928106225775e-22,4781155437939837e-20,0.9579194802759077
5827498563802297e-22,35269398263882665e-23,5657338264963391e-21,25682634853937414e-21,0.03375556758136854,0.005814144884527384,5892811682917047e-21,38058198618634705e-22,8219975428308506e-20,0.9603061137314463
13593821954418513e-22,8441107797556458e-22,13548302061278759e-21,27343821346187724e-21,0.033806538195792275,0.007402358450746498,11942524183239534e-21,4276836460703615e-21,27380109626725323e-21,0.9587044082668149
27465180508459643e-22,34358226616355256e-23,2332415544131272e-21,2810330023426094e-21,0.04294125976068892,0.013856087415006935,33667650442366906e-22,37766930852638084e-22,5090062712477611e-21,0.9431821864575313
23280584036856628e-21,24842654293682484e-24,37390660555456487e-23,3559000667180406e-22,0.056429739987396886,0.01843948919346178,10557708432574386e-22,2836249816702373e-22,17082243295281122e-22,0.9251036879656233
0.00013148867113792646,12218438305363708e-23,44375231370993035e-23,2573649554093186e-22,0.06437118016677353,0.01803187468453586,6931267351599744e-22,2590335528384467e-22,5817408549783218e-22,0.9174630992748236
0.0013943800026851648,1557756553911668e-23,4525927661184206e-23,23583365674406872e-24,0.0791791275940537,0.017881844495393248,8881450541330352e-23,25147945223988552e-24,38973310358393484e-24,0.901544410552123
0.0006513907651683977,424343379288588e-22,10661335041705408e-23,13739428150532462e-23,0.07063855695319364,0.015003767206514355,14550274135868604e-23,7969785645046595e-23,191644311347493e-21,0.9137055817886179
3657134280819126e-23,2573459426098378e-23,7393498494795957e-23,3925072589878632e-23,0.04981165316756152,0.01072741512866387,5008012846523557e-23,14573630307192293e-23,3696427577826691e-23,0.9394605234315019
0.0014335500452983582,13849904441070693e-24,2557807058305285e-23,268056279485226e-22,0.2862285500158537,0.000384782187987378,1605784285229605e-23,10850103098062956e-24,12047974950906147e-23,0.7119529041295909
0.000735859671156253,47235814360801394e-24,9675571816104466e-23,30274976934892314e-23,0.23414034502404654,0.0013856776202963842,540487121382342e-22,360973689589126e-22,2202871896387281e-21,0.7637353779252221
0.001898312096197263,5357899684648363e-23,1123677323397379e-22,2844173189150895e-22,0.28869011125268873,19346789224605913e-21,57894531201280204e-24,4244684781205055e-23,1579410389538982e-21,0.7093900997461995
0.0014501748802927359,3557705353394873e-23,10108297205630851e-23,14513632132913171e-22,0.4147620554902528,13171409367912181e-21,41232624835258496e-24,28654792247288034e-24,10841966114652284e-22,0.5837718561126328
0.0007232396164568957,3661275908742485e-23,723167789608943e-22,3574428424747767e-22,0.4224658426332378,0.0214032369628643,40020949323802854e-24,32949634412397396e-24,4752614815354388e-22,0.5554066661831581
5771945807162479e-23,1105894210641611e-24,2030189067479266e-24,19497516625073338e-23,0.34352662401576767,0.02224339045599901,8213579125322826e-25,6988669910407777e-25,1010411899139705e-21,0.6342287177653694
220032868391838e-21,42398482700076233e-23,9515960569570618e-22,9519879804107624e-21,0.3030609781354584,0.020670708842595562,2242873609168091e-22,18113442929452633e-23,13545985787691636e-21,0.6762432461208243
831896185194717e-20,4082717619844485e-24,10619747886174198e-24,5239130298240937e-21,0.3020960241899728,0.011363441430080432,409753186879047e-23,2832973954342377e-24,9354020302013427e-22,0.6865260192528291
15217491142809968e-24,7785720351404358e-22,39046988012547946e-22,13205960272750827e-21,0.2832808530076437,19676036929967242e-21,650013324801191e-21,4134421867604254e-22,6708081075145792e-21,0.7166737949702562
5907363874073747e-24,29935479126565516e-24,9511953813563108e-23,0.0002027761776233506,0.3030987205443418,19717376183159704e-23,2631625720856947e-23,18631023610053316e-24,29113174453525686e-24,0.696698101081718
393260885088542e-23,29469379292249436e-23,8339594355937904e-22,0.006812654145702345,0.2766792949753826,6775894731509978e-22,16898364806002742e-23,9066257245100853e-23,8204760512903178e-22,0.7165051605813957
3523922844580135e-20,2373725689384067e-23,6809917484880783e-23,0.00741448010584878,0.1890793610741776,3446055236090071e-23,25117682526633783e-24,12786468841794366e-24,7492974772792336e-23,0.8034706804606297
9324148588237387e-23,16479824635444756e-23,500208667568994e-21,0.0033700900418133736,0.0785655777237571,9217857225875861e-22,10809788081716972e-23,589540806912365e-22,3523837261888663e-22,0.9180621327647152
13832317167711964e-24,7620060558473971e-22,10540730343039042e-22,0.015241769584832431,0.07446326092415505,35445541024025813e-22,1525117006461561e-22,495780565498433e-21,5491692103649048e-22,0.9102883975640209
4632628427358896e-23,9290739249151276e-21,2052569940177268e-20,0.013384866898876243,0.08004133036588143,12634159825235166e-21,6586672555119452e-21,13505580540101785e-22,872196738925395e-20,0.9065146466124807
5302070456004835e-23,8037837042282901e-23,24630099444884253e-23,0.012842845225935456,0.16262357636068253,2124225255968357e-23,3108932210716946e-23,22348150482928904e-24,2385967767512676e-23,0.8245331001739054
2241707813012172e-24,35950013160187597e-22,5950192937170631e-21,0.014083569897293863,0.1820985986954664,5892474095386917e-21,6615734835738712e-22,15653288087873391e-22,45914420848216555e-23,0.8037997054506814
3328026021466197e-23,4450985615307107e-22,14649904732881907e-22,0.01381322376208684,0.205373031114632,2732277643701199e-22,16748226244982247e-23,18861014644766741e-23,24669957209548284e-23,0.7808109257342405
1838766919199195e-23,12348272426852168e-22,3221190779586203e-21,0.01561944967274872,0.2644865556765409,2972008542221586e-22,21815648329317755e-23,1460747764685646e-22,17766778031070208e-23,0.7198886811451302
15103535099769263e-24,11363487485187967e-21,2691265131312797e-20,0.01642084413180813,0.2629829575320876,8246564258069314e-21,19989820892449327e-22,5010122054016493e-21,12162831848891598e-22,0.7205414351421865
16587019023908788e-26,3534282696123718e-23,58654447984748815e-24,0.019161414391873275,0.21178285678905848,12792319523257826e-25,30326992455003416e-25,1699425987452115e-23,5882877654655732e-24,0.7690556074669412
1552555013608906e-23,15061181387517564e-22,6026761318732638e-21,0.015219109683100127,0.1498970178468709,5552845109834255e-21,11537675581892838e-23,6154024158590258e-22,16607074699077106e-23,0.8348698743700125
6840338002828744e-25,23276026442141945e-24,16053275030256715e-23,0.012582851533669717,0.08054483932289828,65991096005708224e-22,11761434404427544e-24,39596035850785635e-24,21867018870161876e-24,0.9068654523165371
9219536170432952e-24,14636345077677042e-23,7806837460982355e-22,0.007361953077192702,0.11543281366564055,3733393333161163e-20,6162941737145626e-23,9311906890764235e-23,974155913285985e-22,0.8771667108921075
56091897193472014e-24,9008802025654379e-22,5162376967815658e-21,0.00025115522283184654,0.11628709483041984,4428910456879402e-20,2155975871527458e-22,13619549647377826e-22,5104218256773018e-22,0.8834092535187966
32504411043753335e-25,8488105833685619e-23,4028790516793413e-22,2790696107213972e-21,0.13098995487203824,6210964152219977e-20,6212422645798668e-24,2745340466682689e-22,1374394904493557e-23,0.8689443592896029
4065920879492982e-23,27619915335991323e-22,5903821052929185e-21,5336519098611565e-21,0.1624939746298897,3544856012825706e-20,6217522650821565e-22,41784936342579607e-23,1808783138017984e-22,0.8374553133388445
8034431649602668e-24,22491825222781816e-23,83945286799874e-20,19622536259746879e-23,0.10488070165561837,16326233810490445e-23,58995879428804526e-24,33113476883303563e-23,623934758818644e-22,0.8951174139269258
12081772566230901e-24,5165546676934187e-23,26821329004063584e-23,31460677313727787e-23,0.08268952728822224,4862507245001198e-21,3211164153575394e-23,6203648574357678e-23,3451400577734522e-23,0.9173048349852664
3159650665873755e-23,5838046379354051e-22,5631741981492667e-21,13597064840817275e-23,0.059999472868068095,21566433987074715e-21,7228634366615852e-22,2510586496368489e-21,128834997321456e-20,0.9399680557842284
13521237697430534e-24,19885173941386477e-22,4893633544750631e-22,193142656093259e-21,0.010935273081280764,12236158095348798e-22,5634967609573249e-22,3882875218077177e-21,148574615153177e-20,0.9890548866400839
12070444133918953e-25,863356483470601e-21,624123953436307e-22,15384432138335875e-22,0.06759020521194192,5256437542606059e-22,4503217392061712e-22,30675497998880395e-23,49557904486027395e-22,0.9324010908580003
8654710613275351e-24,14029089926885935e-22,782239473645508e-20,25153524033415505e-21,0.08280159802983025,16515250421631286e-22,18810717321979912e-22,8400876937511133e-22,836053368738918e-20,0.9171512812696376
7874710442453247e-25,3348278167813838e-23,115223644981149e-22,16835887978977036e-24,0.141367153262488,17775399502394465e-24,13920943062300735e-24,11492637806920553e-24,9022692441507618e-20,0.8585425139956915
4698013004632991e-23,2274166835510622e-20,57246886481927465e-22,33837035678877064e-22,0.12711866496176116,19510351833581564e-21,7643759997695735e-21,13886497836843783e-21,0.0003760614347705535,0.8724323359531442
12434794521550511e-24,1836130193293693e-22,4028537574066663e-21,14149922426930566e-23,0.16565549747286057,4771881995893798e-22,16684571444398672e-23,12588921132280343e-23,17921286384871526e-21,0.8343214452330225
14244353682433032e-25,22018926975624142e-24,24558960071442168e-22,15871013325128297e-24,0.10410655439197947,4471389746764212e-23,22621873297847918e-24,9570974268865412e-23,11589451834484187e-22,0.8958896284068419
18670509280372003e-24,24058927010905063e-23,9140893925544474e-21,103665030993075e-20,0.11531777627123568,846225357338379e-20,33638438511672847e-23,25469098947974458e-22,195936037721932e-19,0.8846408477729918
4256827002510355e-24,22227026660599194e-23,0.007646042973198515,4262917564430386e-21,0.09132561191302571,4080279850766072e-20,7942980989373127e-22,9679783379699698e-22,6087460454048597e-20,0.9009204159896553
4006258022030945e-23,6343134019423773e-21,0.009964525520493879,6687989164450235e-21,0.1354197343669731,7487283403420577e-22,6014725419579968e-22,44795567681086574e-21,0.01593622535512392,0.8386202978028704
22391664482645175e-24,0.0011691658574349375,0.013754837811462273,3837684620839165e-21,0.16254879777330675,10859160325410937e-22,2696015404482225e-21,9272218065040728e-20,0.023443313783470015,0.7989835205858754
2955230103853694e-23,7447017575055043e-21,0.012272131975275739,1133366596197827e-21,0.1592446397065728,10787637335045083e-22,7472510712843121e-22,0.002224038667959187,0.02537399922697548,0.8008747544719614
8588864297455144e-24,5268260084000619e-21,0.012365960936449021,11817068161620368e-21,0.16317550080500653,12214736683435148e-23,40233334346465245e-23,631495069900756e-19,0.03464858888071065,0.7897291814729028
6697795803676404e-24,5760539935429846e-21,0.011845930709424909,16654931117717295e-21,0.15983590399092307,6189945585714762e-22,33278003675968465e-23,4509544829421452e-20,0.03685976477251232,0.7913899311353437
12756985576150522e-26,6958009747452055e-23,0.009600308164915684,15646794698641165e-23,0.14845889581679075,35592518328550244e-23,3178281490841847e-24,5831794690922406e-22,0.03971036772357552,0.8022292598361697
20821790537845297e-26,15066325856044106e-24,0.00880545415220484,23797223541294605e-23,0.1555705489334561,3426589100359224e-23,21661837407588562e-24,529681271323249e-21,0.022413852006106058,0.8132093060523656
16818663170590806e-24,12869376425985748e-21,0.00740404879647704,13966796620800645e-22,0.049279159198366375,0.011777966795863902,30768194534357533e-23,0.040997471531342054,0.01094406824861264,0.879582694872666
10612189156382672e-23,70266252592687584e-25,3766694101445266e-23,31387539128898477e-25,0.015009513601224286,0.03572416520140968,23220079869738715e-24,708835095826647e-20,9196054410821362e-20,0.9491670951280085
0.0008165550703643388,14214332799655753e-23,12557433943628634e-23,39467839709616666e-24,8774623973162916e-23,3252419638395559e-20,19589194261888578e-23,0.06712147522101174,0.00016867125447554452,0.9318601834341241
0.0011063870423300335,3990365852107903e-24,10528145436081337e-24,20396107748148753e-25,27697735224025316e-25,1390933821807625e-21,2871681032755226e-23,0.06421528047032524,8042850111801307e-21,0.9346688506585741
0.0006087829381033352,4937731625736752e-24,2380148114758022e-24,6507887140647231e-25,7710582608147567e-24,20951601927087736e-21,3840190264479199e-23,0.04837765606920769,0.01119441442773766,0.9397981408823278
9100423671660683e-20,10108849511904842e-23,3260317592045746e-23,14144507958937398e-24,1645679860074916e-23,2736732130444141e-20,7727560123335599e-22,0.03684179685577308,0.02248265592468537,0.9405562386124001
0.00033834159025944866,6625389516367254e-25,8139527949020303e-25,2474920526340673e-25,147611651519682e-23,26108019199636487e-23,25896670422832075e-24,0.04231854303279601,0.01982507352947194,0.937517751670526
6621459314921925e-20,13609257106326536e-24,22959089323148515e-24,6539740867762387e-24,17320508557919723e-24,21614490107576607e-21,2375170316984105e-21,0.035367156022913855,0.03002788294600492,0.9345146963489204
0.0003001323133744157,715662340818092e-22,58771276925798295e-24,3313986039703854e-23,6869134890173224e-23,11255990419716675e-21,10017301441618061e-22,0.040691084602893814,0.034621600137902574,0.9243746930566723
0.0002931665789189013,9144999677478446e-24,24348681275835825e-24,7939703245860427e-24,8837050287434779e-24,43431734733756625e-22,13416996468272318e-22,0.04110135859324743,0.03608652644324248,0.9225132132410019
0.0004730592728819169,4341033880219737e-23,4084690954693852e-23,23441574027596448e-24,27523061375173366e-24,11802522355886913e-22,535427227224491e-21,0.04468696291017113,0.03490038320591342,0.9199377437096645
0.00011038313883097679,26787090690216794e-25,30848850028026833e-25,17858407902395508e-25,1675725697502199e-24,25973258676714093e-24,34756731005500925e-24,0.03527348834168257,0.04233542124001849,0.9222806373241499
0.0013098877731556322,11793559534899382e-24,0.08035567892583462,0.1575047901011138,0.08237573420254518,15753101569093797e-24,16757748971893802e-24,0.1900294582057129,0.05662635387202181,0.4317980526152056
6166262797909842e-20,14120635288724261e-23,0.044731561746012165,0.11038532985660438,0.0872209116542831,17407413128894597e-23,11594190783309976e-22,0.21107458903844595,0.03332988459928441,0.513194585777836
0.00033639952221893886,1907380654230825e-23,0.029095202618592258,0.08618683838191626,0.06468724175683584,14379541573994302e-24,7380803303242389e-22,0.17791874330565793,0.03065741264455959,0.6111173902366062
0.0016366844520461863,30602509502642267e-24,0.003040268658758565,0.02732872853329636,7115386279569938e-23,0.025355772347499243,8773006863894022e-23,0.06768841324523224,0.027347801278955208,0.8476021419977692
0.0016389211114727343,16500721160167337e-25,2923851920681145e-22,0.018717561642736306,41408216463911225e-25,0.02882482958407868,7702045694047198e-24,0.0819602788006348,0.031105543880894884,0.8377525591021011
0.0014606277775720898,12940358761106203e-24,53302820241774517e-24,0.01707369652393405,12900985063510498e-24,0.024439788972182727,10499281502695342e-23,0.07711087048739713,0.027557092072962603,0.85235774002894
0.002076666066674662,28111091399214788e-25,28591761678515536e-25,0.011021010473069743,852758728586237e-23,0.03107729175712745,8411524325456648e-23,0.10234411630945753,0.014342149516209227,0.8391386675643437
0.0024867159734593826,32356277285915766e-23,3163672796484437e-22,0.00555474677792389,4899822828722483e-22,0.0370109443415433,42468710247844947e-23,0.1164622130176415,0.004420826629643022,0.8340629986603452
0.0021539623176647774,7297588209044805e-25,2756962538555531e-25,0.004267880269213781,17293570659128384e-25,0.03316070707821219,4264296072151232e-24,0.10460763299517581,0.006414855635736923,0.8493949547050174
0.0015425970893843252,17301726643597068e-24,24572125349494532e-24,0.003909147688485512,2681989453271574e-23,0.026259872742507163,6714865997065831e-22,0.08525703306458643,0.016153252709784134,0.8668773565250079
0.002531395533221388,10095208303587652e-24,10755275178098353e-24,0.0035680877875420114,14844088901652825e-24,0.03957448040385325,11709832834546298e-23,0.12831709161736873,0.004191736205900165,0.8218170556591132
0.00260633266277239,10599182375077993e-25,16574545017707427e-25,8608590973947698e-22,12987055319506376e-25,0.03991103866949169,12378608980007633e-24,0.12272748775904015,17797787328074633e-21,0.8347364658675875
0.0027322395605886046,5464542464366747e-25,2395646819829171e-25,68572293193408e-20,10553175159910737e-25,0.04233329941727067,17003594059047386e-24,0.1321554485288096,1615248987499735e-20,0.8227621554356022
0.0019262435711286368,80873792449991e-22,11337803319926645e-25,26384496674213636e-22,1945462155233923e-23,0.033109075664347155,16893627584073804e-22,0.1043355420770539,14652093279686394e-21,0.8606101301059399
0.0011250334379929226,3835204522131206e-24,45316320755308186e-25,5195978348906918e-24,5127340419564587e-24,0.02246825211956133,6222816650225143e-22,0.06144868852565003,0.012633648223813238,0.902323736721159
0.0015233636042452836,6431527353007129e-23,4807844327080188e-23,7801498974652526e-23,9134058837053426e-23,0.026583408022486946,0.0001032838435145347,0.07219536912860015,0.011361638404474876,0.8882326552473568
0.001218142056384386,11577738320930436e-25,9779724395625571e-25,28441844196258597e-24,238772377682733e-23,0.023485567187666458,14210904439035688e-22,0.06294798561879855,0.010921321137579609,0.9014255299437713
0.00068480269648498,4606482870433303e-23,6831811796509056e-23,6391916888095552e-23,6634771117729592e-23,0.017169065128604305,0.002075064497738554,0.048278368770564295,0.009996605785832512,0.9217958484708066
0.00017966894430693193,20860869611490014e-24,30375885864055656e-24,28980385114353606e-24,297713364924958e-22,0.0106738655296452,0.002484690055835089,0.03416316717494786,0.010807261359973255,0.94169123694528
0.0002744680683734791,58982661380836036e-25,755837909131863e-23,7599043309292163e-24,8115462138101349e-24,0.011865422126175796,3676076649824177e-20,0.03793608149163928,0.012392001179800084,0.9374952371963936
8117195943402931e-20,1527257869124225e-23,643532434288801e-22,3680309858750526e-23,27035574125621294e-24,0.008840349316076574,3852396600802749e-21,0.03321216846755121,0.010474986019590779,0.9473873283762589
6364281167100225e-23,8317150199673082e-23,10959972317687654e-23,1988026898716156e-22,18245618145904858e-23,0.006535762951358623,5142388927547657e-21,0.027232085584036586,0.010785600792828798,0.9554407706099496
6124568579748572e-21,13081463735190565e-24,3385954781766969e-23,20630864241669562e-24,16999774795972194e-24,0.007660424814064594,10319448917680761e-23,0.029380325669621857,0.006763169501133459,0.9561897676803921
0.0004920604809387013,3387232090841798e-23,9373627138581786e-23,5524833796577394e-23,6489606044327622e-23,0.014805975364232345,3994010800256515e-22,0.04495935360870438,0.002051480588852627,0.9376904828032346
0.00047954391152004664,3284824340427155e-23,4660319992680251e-23,3724486429285005e-23,574503830063576e-22,0.015361693501477508,8817905738107608e-22,0.04497174320598629,0.0013149496791021822,0.9378710137654398
5541386626273449e-24,7984571550906188e-24,9138216960060175e-24,8085562601769462e-24,19186504258093274e-24,0.004433478304596934,5470927921874904e-23,0.02130646011737992,0.00955516661167903,0.9647047903206337
3168133814931746e-25,1642362508924115e-24,1364253457375611e-24,14360669840477012e-25,54222748713386745e-25,0.0039012130571054356,5707437594407652e-24,0.021009231005326704,0.012199257625961902,0.962890282422039
6790542266200679e-22,5879170598086472e-23,712569237302543e-22,712789616286253e-22,1690974942041799e-22,0.004835524297601,3253293523334267e-22,0.023403661855214034,0.012419019071915975,0.9593404199666051
0.00027415594948588206,4912703362737356e-24,16194337150406824e-24,1801353414908552e-23,306242643284174e-23,0.009624416230338415,356071890128601e-22,0.03507804339333832,0.013652919703200782,0.9413703869334142
0.000978703873723813,22783084098373857e-24,3145973498333087e-23,29464151848463503e-24,4724952051032361e-23,0.020205343980998828,17037511657379546e-23,0.05629874646048994,0.010274716595982756,0.9122421877571946
0.0013696240509109452,15122065666243763e-24,17204476280239602e-24,27461953694464247e-24,18319942126264134e-24,0.025741991042730235,31468901568219606e-24,0.07072799879976252,0.0038749695130340937,0.8982853070164464
0.0011257865370966835,4170979841949437e-24,5212843480555976e-24,4323341682602085e-24,10425814709420465e-24,0.023092209049211693,48433192568772456e-24,0.06063006412764566,0.0007429338111374867,0.9144089339073049
0.0017284187741934882,10817899512371873e-24,12060968282114275e-24,14690393689394247e-24,336815788567881e-22,0.03494894939846574,43896082402176886e-24,0.08712571073730196,17078308383073466e-22,0.8761950981122403
0.001990919495755476,39670665404019764e-23,8690801013148338e-22,19608602033807218e-23,18066490152228576e-22,0.032619244488345994,6499025448520908e-21,0.0871616440384918,12127252537914367e-21,0.8782062971776249
0.0015492290478742083,3391490376584379e-23,3589903964201996e-22,51282694396553005e-24,1955328610934803e-22,0.02554650212527368,4442023101102188e-22,0.07247243988591436,47423001147410824e-23,0.900430270787756
0.0011172711076241296,9520293210682706e-24,27342080654471203e-24,20230921196759542e-24,13703204715386452e-24,0.019084328313877304,6852854127371694e-23,0.05711126326499255,380277715717175e-21,0.9226866177107795
0.0009958609397388602,5105604180960656e-22,9373882993014377e-21,16828178972338489e-22,34834597948369675e-22,0.01609915326227652,1599269013566948e-22,0.05190779457383697,47786099930989386e-21,0.9309341944762164
0.0008856340876231987,4080223067010292e-23,7470397804931128e-22,8364883874033781e-22,36920399856996846e-23,0.014059693378959435,14413340401720715e-23,0.04730911392013296,14622793033188796e-21,0.9377287981524601
0.001012588908744783,17459834445911207e-23,5151178152106083e-21,14386244903610382e-22,1080990163623773e-21,0.015770365966682253,2508052149883477e-22,0.05143402371869765,18300969198305553e-21,0.9317566242403104
0.0007069525263612091,32926825157053184e-24,11683162266398577e-21,7299252551294237e-22,3676537348093279e-22,0.01063945391399321,29306833454514728e-24,0.0422643512934303,695374166297355e-20,0.9463694455496282
0.000491441177191,8937421323429407e-24,0.00014180040923061527,50250680582814004e-24,22090331124756873e-24,0.006915682718062903,3411481340827713e-23,0.036966128423045044,8147199638572929e-23,0.9554847504078625
22334047075697735e-22,51355214286524215e-25,0.0013808612540408473,8302172306229374e-23,3336188496865709e-23,5690620678698585e-22,13288385263227949e-24,0.021550630700681896,4771266929032096e-23,0.9770655230597562
21183604595683388e-25,6798470332820474e-23,9125124178859003e-24,0.00376065736163028,5681781737059663e-23,44250101532150275e-25,9549735539664162e-22,0.018493434435622503,0.009809114312014634,0.9679356984461571
26378399952085303e-25,4006979672511608e-23,4333912874199231e-22,0.0030689466877187412,3022683143098137e-23,4901214772279997e-24,6262116107820689e-23,0.015451152855689121,27865220594316894e-23,0.9814790479562484
8013295872929782e-25,4053761146290018e-23,33906733516341224e-23,0.002643010559008311,5509608607225217e-23,8299549670767391e-25,14107553199754558e-24,0.014439004592696699,1781781848086766e-22,0.9829173562302409
3816128870471576e-24,3244825966584613e-22,16584182710480218e-24,0.002728455289521896,1689793172877017e-23,2365171885592931e-23,1575990280614328e-20,0.014157073989801096,0.006423873594158058,0.9766744517912516
2539947436493133e-24,16200773083481026e-25,19808791072764546e-23,0.0030982454699457905,15390540989810746e-25,36879034608814696e-26,20770909500568952e-24,0.015027756854742043,11611120578842858e-23,0.9818736566371814
7767396676960383e-24,14184106139108394e-24,5586903367090354e-23,0.0036449023114109775,10246425429520304e-24,5344257749954087e-24,14118110039527852e-21,0.013042093829917962,0.009279447731732315,0.9740193446055055
1543960941610861e-24,35808371149695026e-25,24197631170463848e-21,0.0007879480469031573,26255265427440046e-25,26444393093405915e-25,18197470549953007e-24,0.008791980973263036,2223420813339974e-20,0.9903736105479198
13621846602233957e-24,6207921828393343e-24,0.00075519027996356,0.011010525610616927,4704550005110022e-24,47692893838325e-22,4060145207595535e-22,625703722232918e-19,4801282866300884e-21,0.9881664771361968
320772240431036e-22,24308068096052756e-24,0.00044005321563480763,0.013752874634469791,16837957162131954e-24,15526661905187958e-24,26962041516372064e-23,1451105248425245e-22,24924516006540973e-21,0.9857816441528547
1611605358355749e-22,27457325754737643e-24,6662078228031292e-23,0.0006939958561825521,22978746257743098e-24,1919087653633388e-23,3953323860067881e-23,490659154843481e-20,52477398064906035e-22,0.9992955128709669
14472363095346048e-25,23699862806248496e-24,30786770405172766e-25,0.0007318340093353246,14133348577394765e-24,14354493616035842e-24,735230295241791e-22,6069803643511856e-22,324199659348899e-21,0.9992671045739824
10735803158901818e-25,6116495164668589e-23,8111165925777288e-24,0.0006718546932285381,2838614984706805e-23,19872928663979786e-24,2872768309821103e-22,1088017114837168e-21,10325297264168798e-23,0.9993265481510155
2457536559504969e-22,46736185600598024e-23,26088279412334583e-22,0.0011929839205690293,21877155643179418e-23,5485833633635528e-23,18360280056827342e-23,25519949749965983e-22,16185033877939767e-22,0.998799066404937
895431944806919e-22,633966925814305e-23,26187406716055635e-23,0.001766139923652635,52960644465958744e-25,4487151457604763e-24,0.010044001075200145,29056322296757177e-22,20420695072620526e-23,0.9881863816218264
55838797589246165e-25,53493519470718627e-24,6450201659233597e-22,0.0017121365248416694,11130680975522996e-24,2705905320678662e-23,33211472840856724e-21,1365455292264974e-21,1425785682621927e-22,0.9982524016811539
5161561597168253e-23,10981122881425675e-23,16376178618639807e-23,0.0014435383691190032,8599661454855623e-23,5615829857885827e-23,0.0031764167651380983,341091050963977e-21,2490280244159859e-22,0.9953789874024747
33704565623024027e-23,49594009043798314e-24,16821170074901395e-23,0.0022224260356732053,41976111628121647e-24,3133296612128597e-23,0.019486506534262458,4673606204547493e-21,1557360041029324e-22,0.978285609927409
17830833404053363e-24,4855910041557721e-22,2629909096708755e-21,0.0026224203555714125,8875503974026585e-22,14007066047760614e-23,0.10522953454424724,22274696368425143e-22,8830516310315353e-22,0.8921407736269206
2485297717855272e-23,18810429933422933e-23,7720902934597898e-21,0.0031924928440164773,8428833661488554e-22,9597143001771035e-23,0.19706753053382553,3637171509781073e-21,6381838282114164e-22,0.7997268285518123
15996235887366375e-24,1553168973380568e-23,16369594991899023e-24,0.0028395369344683336,24649060950543838e-24,30551529543508983e-25,0.07406980180419007,6414695407959079e-22,3168074659704252e-23,0.9230899125093182
30958819485537124e-24,9183289570031708e-23,40554171183066947e-24,0.0018539547111091467,26184505731695686e-23,2166843510304935e-23,0.10728222707102568,5153857734031972e-21,1349209287767037e-22,0.8908580825798249
32732549647352564e-24,7238972259881817e-22,12701412866206418e-21,0.0018582932170910437,4479818968757766e-21,14749835291969095e-23,0.14435411518528024,0.000108125342757414,14272539484032265e-23,0.8536612381695095
13272815443235836e-23,5209502543868842e-22,1964731037368312e-22,0.0020674423007006866,1450875061665358e-21,3102099064185052e-22,0.12199229829636801,7023269360263506e-20,6553532694400685e-22,0.8758667601191453
2718830307810551e-23,7276948458356849e-23,14339231046558046e-22,0.0016840338372400901,1826020454641857e-22,14077376059565119e-24,0.048952256989732254,3196421503610156e-22,4106740525200919e-23,0.9493616179031531
6910589866565159e-22,7845008950351076e-23,4900952905753668e-23,0.002220417481638141,19875220986779012e-23,48085085551366575e-24,0.02551079490756933,14269344747435121e-22,3435921654052382e-23,0.9722662609612005
9352806112643571e-22,2445405356279761e-22,17573600181425686e-23,0.0027836550633694676,1152557365104773e-21,12441775412800751e-23,0.033100300074815445,292596723794602e-20,1099214167206273e-21,0.9641093871481402
5091762487687882e-22,6060840854983048e-23,13835026190380958e-23,0.003232453732709104,1047962305824066e-22,5436028091546273e-23,0.0029371793122502524,2359084035739055e-22,17310756169149055e-23,0.9938290906476372
3475610707876644e-22,26819296221478264e-23,8544024712002687e-21,0.004473675325857202,5194004830908228e-22,19222043199124667e-23,0.11723087346911429,33226904478447966e-21,22596143111523684e-22,0.8782500932865812
29951430807544234e-22,333515976642188e-21,4823815419023745e-21,0.0037340227289178723,44802808191470193e-23,5238234922576867e-22,0.0985310564259892,5719858075367266e-21,26042863693137853e-22,0.8977174723746605
0.0003100101965214949,9291712882744323e-23,2983133179893446e-22,0.004529340331125345,11834811988084701e-23,7869024961617311e-23,0.0012262308437762492,36213791404047175e-23,2717683814230271e-22,0.9939331964534983
0.0005117444835746418,924946369964039e-23,5853366402357035e-22,0.006345575974033485,13210246576867732e-24,7559370394121491e-24,13075327820403038e-21,9393739464168053e-23,4430170336920334e-23,0.9931288506197095
0.0008096969950493598,24863103465658203e-25,5782144075952889e-23,0.007614235846239138,4034513360837298e-24,438759647849196e-23,13503870602256736e-22,17390740292040442e-23,2561557666919155e-23,0.9915744485188492
0.0005110618542333786,12040227239836336e-23,34672973576206795e-23,0.00624496667838459,1178031583128833e-22,1427800678800119e-22,0.0034509565147852104,17333770076476086e-23,4341353754645011e-22,0.9897916797643573
0.0005275011924177819,1139360192482276e-23,17518712930096337e-24,0.009415395795837282,2094506444562601e-23,3079701500901317e-23,0.01043828581928906,668365618786749e-20,24342703737753217e-23,0.9796118094549713
0.0004287612357094195,24887576800453966e-23,4966058327317327e-23,0.015099225625061071,19019670749976068e-23,7599329216315053e-22,0.02885397487942906,0.022224951268839402,9017625555933354e-21,0.9333828206994161
0.011470308259641699,1505954486326857e-23,0.12888648420277798,0.4492534797084694,13236586163161652e-24,2157027524072776e-23,9183428909289513e-23,0.0608160315894156,0.00753292361607171,0.3420406309224945
0.011736101817260994,11356065585405902e-24,0.1724244067906782,0.5543014591466701,12794131949876557e-24,16558115788972712e-24,10917241880052135e-23,0.07611055684230005,0.0016999647044990802,0.18372736081791083
0.013191602574425944,1620758437323417e-23,0.21208635987425273,0.6583807473249035,2199719104960664e-23,24943537542214942e-24,31184830013432477e-23,0.09876263222433426,0.017346266512386577,0.00023201649333099724
0.009742432279048224,1640835521333077e-23,0.2514690805986692,0.643915694424639,1767578321260614e-23,22334382539500178e-24,39723236448482923e-23,0.08903456916431063,0.005832490977379796,5278905096735853e-21
0.008538189782114595,9963438546474528e-24,0.2439878405953486,0.6698088247142505,8145680479582328e-24,11388465757643757e-24,2618139163546753e-22,0.07766118782885154,32565828634513297e-22,40918506086427663e-23
0.0050517345909318594,119787283047487e-22,0.2559647366318312,0.6970353539857316,3920890127183121e-23,6600796459641616e-24,726233553846388e-22,0.04189649668223969,5147381064188593e-20,7388688814837103e-23
0.007370279272519971,1364350678112451e-23,0.242730540025935,0.6817886609358107,14395490708455323e-24,20012553725170124e-24,2505726590192305e-22,0.037251151882685,0.030858701405997318,3678528449036754e-22
0.0037895445436267605,24759096384463782e-24,0.25487635469802034,0.666130314295205,272411939061578e-22,22272877460437244e-24,7591119229330236e-23,0.07065529772780185,0.004548257650581371,8090048867119457e-23
0.006942266605182997,23440078533905032e-23,0.23236359220099786,0.6799396691795864,22745326790466677e-23,21651058838929673e-23,10023443107784842e-22,0.07658443512639271,0.004167319422012098,10367568815005018e-22
0.005448712639135169,4315033249460218e-23,0.23937626203320936,0.6888645306265648,45315145082062626e-24,3857396672449758e-23,1613471716297749e-22,0.06506672868546279,0.0012433127621293888,16486641276051012e-23
0.008849499946388343,6191680163633451e-23,0.21795079344125157,0.69077436288011,4850765169560286e-23,46662805166251954e-24,45607282774740617e-23,0.03472486688762541,0.04769937610985881,4875747093533516e-22
0.010961979345720815,7156400971316383e-25,0.2247248663312583,0.7190893559487436,6151719385201927e-25,6050765629153027e-25,3816638143200334e-24,5657591225344035e-21,0.045218131997711124,30328352880149406e-25
0.012103330668160776,5819524135282741e-22,0.23843949366416986,0.7428559548694706,460149727489242e-21,4807719797068806e-22,17599016249910343e-22,5250932083151367e-21,0.006591099077068532,15880131221275638e-22
0.020609748633198213,18739236482244858e-25,0.18603160756579046,0.7498128645987793,6048427240872173e-22,9141096921752672e-25,3722608727090458e-23,30155824639483324e-23,0.043544783328582054,4945856468989113e-23
5124484078460039e-24,2364896297987371e-24,2094842822060355e-25,0.11338552376850386,8406460367135817e-24,7627834405981908e-24,0.3998321059656518,0.09020704306963087,0.15791732302430875,0.23865798043879702
0.014097618627301179,3849525438711409e-23,0.17323352262707353,0.6551561188644249,2613020020780296e-23,27640209042474363e-24,9188509447215052e-22,141068567184075e-20,0.15750941896883203,8991099321386296e-22
0.014027920861231101,1003551930011336e-22,0.1692899108259869,0.6430988651480023,6809833095376106e-23,7534070157422666e-23,28433317619901996e-22,9882350911694107e-22,0.17357648487087693,27429328999442592e-22
0.010512108874041628,51775632917334e-21,0.1281634035921324,0.6162558726532108,3934930494181131e-23,6235428514356132e-23,1299332784810459e-21,6892613280174158e-22,0.2450658461738697,626633181433304e-21
0.007464930789108069,14369062175332926e-24,0.07004170379362487,0.08546162200124914,419295256502909e-23,5462029917345837e-24,7367572705450333e-23,0.0008322738740624074,0.3053028515128416,0.5308965203298278
7823822959673749e-25,12629018267430965e-24,0.11341731880747083,0.38010654002617106,0.30371681127277234,5028892019491122e-24,57030952562117614e-24,28221694051502976e-25,0.20275910635708166,14524620997944936e-23
44876760771919364e-26,12776273945593374e-24,18938274229871257e-25,0.013400538986273698,0.015199809269808741,6430066667750855e-24,0.17499692865941366,0.007051766925403936,0.24674688621759464,0.5426040483926048
18157593405803865e-23,22514512109543908e-22,0.2107390112521894,0.560308259512408,10512446119612197e-22,5938600477196909e-22,20641888247806194e-21,11214407804950536e-21,0.22889918556947225,17609238068931973e-21
0.002908259103173578,28504081272937406e-24,0.21140748499232473,0.18136812647017642,0.13626243916638692,3308562169967304e-23,0.24504016683550814,0.0003559598650780241,0.22215077997115035,0.0005067220065275357
21354958445514894e-25,35022590693548407e-22,0.15977632974307143,0.45576331926131813,10329123541652386e-22,1762418343929546e-22,0.26503503905120107,4185643285462074e-23,0.11941819660838222,23599308461969533e-22
10857099957448338e-23,0.020958966702626036,11220100970008734e-21,0.10254557628082561,0.067355468371474,1551707700340331e-20,0.15026230333458368,17249026200210428e-21,0.07310103052109317,0.5857325600149969
10584152861087667e-25,1078276604153217e-23,0.07731744609770355,0.20725237510194547,0.09946095813142761,18539490395926968e-24,0.14205086532802558,0.27032983639662267,0.15492838597318856,0.04866010259041723
756176473441752e-23,7116777144452544e-23,0.04249822731299474,0.12176385185737235,0.15727388902943842,12263408295145765e-23,0.10317436185463918,0.42044411759202976,0.15420851239543953,0.0006368385941097365
9452264668573287e-25,23352647776229325e-24,0.02864683986187735,0.08951773499536049,0.19234375305412976,28715672964999492e-24,0.02622091394928736,0.5368432905880844,0.12642713662804161,2779096201067548e-22
11645130896247496e-25,7885436239755208e-24,0.030422441664407312,0.09694319407435685,0.19824295846897966,5713118479251605e-24,5150625544315974e-20,0.5715402139730167,0.10279954926130581,12153943197128296e-23
5191480431194266e-25,45383880860437346e-25,0.04138217651316464,0.12777763786760446,0.18186049975135615,6994074539227168e-24,0.0057865666447865305,0.5341437909548976,0.1090492428766856,7333984418814879e-23
26846162188797765e-25,23226282202374104e-24,0.021441485263971678,0.06898536539767822,0.17894513611874843,32129690091385125e-24,0.001370347688922489,0.5887065954701743,0.14055084025723807,17176273276515817e-23
8238374585459247e-26,7213437871002572e-25,0.05140900337965939,0.1554739911149892,0.14215947948093544,1180663888276073e-24,37738897366345806e-21,0.521468711080624,0.12945106924560676,48162234414535476e-25
10731642050647344e-25,9464178942862786e-24,0.02813613068017173,0.08831292660781642,0.17587747623076566,13490786770451853e-24,6679035876150476e-21,0.5853581293531407,0.12230847262377689,1614402704507979e-22
35533710302975906e-25,33930182757595584e-24,72129498052171e-21,0.00677317185630374,0.21073346416853728,40063091177065434e-24,10463423865221571e-22,0.6809522973311167,0.10153969381301044,17681310822577875e-23
7334094653321003e-24,16176349481335678e-23,9844180997316518e-23,0.003955295244191733,0.2296560392844498,10551927258819977e-23,8873886792301476e-22,0.6759198587969587,0.09046650869636952,1037530652879299e-21
25810663392850033e-26,33438148708841546e-25,40571677335368793e-23,0.004781795640415924,0.24724946242521906,7303300861966784e-24,48935160195117916e-24,0.6626465465172785,0.08532168666025965,43201566431274514e-24
2416477279919127e-24,7839769688605591e-23,3530442297817981e-22,0.0049414590002931575,0.25228337393991396,11944299239128768e-24,14832949718676526e-22,0.6577168951049975,0.08505435322102191,1989635846759473e-21
11056081787612656e-25,38737938187519555e-24,11816897205336153e-24,0.0027212801613132145,0.24448992961132102,19511986715088807e-24,44491955819310284e-23,0.6460126989710311,0.10677489973290712,6754313765550813e-22
8253130676299542e-25,26824327974148827e-24,5261506034707145e-23,0.004289155560439674,0.24913615154885457,24704029825393406e-24,10791792140777718e-22,0.6330114933481017,0.11356029235986202,17230347640382096e-22
552030224594151e-24,23438847683028926e-24,9706528524570742e-24,0.0017104259483455772,0.25018601818236097,15209977393094188e-24,2982610382076209e-21,0.6348840051905799,0.11321583120874729,687952115143275e-21
16032069407197186e-24,44777514620120084e-23,7918385926102041e-23,8498591330129023e-20,0.2556539384568061,2708715661371808e-22,0.0003239854638048793,0.6430798473041354,0.10084387890591646,12550093411155965e-21
12799786698223227e-25,20550774956554748e-24,11171590559488623e-23,0.0020634305164069803,0.25578662905390803,2331013617374879e-23,3746438171790021e-20,0.6375460579102917,0.10456594105287756,32022798016786656e-23
7642513287010591e-25,9882360407638847e-24,11114446805430009e-24,0.005110192795114861,0.2508454061644672,1981137416564333e-23,13521538417027666e-21,0.6318738460250567,0.11215697499881382,16905511248436536e-24
15877735710404708e-25,2261070691217615e-23,4866588974319128e-23,0.004477195257312182,0.24731728092172367,27864062191984928e-24,3058042344430663e-22,0.6484353296020849,0.0997696686476258,11903856379512459e-23
10784477205388594e-24,28283390577115164e-23,3062854502376251e-23,0.004803214616688732,0.24538732647829645,23750294607084385e-23,7115333150694331e-21,0.643609928037175,0.10619110188096222,751904223991394e-21
862209796353995e-25,12414778136935973e-25,0.013750624535577682,0.04765938520318678,0.22874163326789446,2595913841356019e-24,20629966441790018e-21,0.6094252866646148,0.10040242704918807,9389329927743336e-24
11717871599695e-22,1747953454898097e-23,0.0025356341924520826,0.020306670429668303,0.23855359087459335,110056837050705e-22,2847784620049491e-22,0.6265609663519911,0.11204275190283929,7181301020701218e-23
1199266070463124e-24,16403093085020616e-24,42884192019297605e-24,0.008750410100155212,0.24430450918857563,20887023974750095e-24,3966823050893267e-23,0.6344391548408652,0.11250542448979953,38033746617012037e-23
17902234765499778e-25,2440239556284273e-22,15301687675501913e-24,0.005162634284052371,0.2612393703705664,5041751228721029e-22,33072029791103567e-22,0.6357045882477297,0.09788620852602482,312607762781161e-20
21154465684399903e-25,29748091485116695e-24,28179311918508532e-24,0.002360809392222634,0.27307727295650774,9619984775634292e-23,6362386080208169e-22,0.6363921184916794,0.08816833952865873,6671496175172875e-22
3128437784044777e-26,3134836100830479e-24,17841776278323463e-26,0.0031257821386395453,0.27694009226103933,8408901744142192e-24,4881330236217618e-23,0.6515455755789198,0.06838844723519251,4221962913626441e-23
1242288309313056e-24,7189924708365141e-23,2358468026752086e-23,0.003398201737721343,0.25997425070811564,19422444146057765e-23,1820641094655279e-20,0.6240347221970082,0.11257175466762014,25733279721614066e-22
13499256157994911e-24,5588831729759889e-23,18465660606013702e-23,0.00195778619253912,0.2501995141216628,3055833616681415e-22,19838695113064536e-21,0.630462672815738,0.11735492686928357,470167821308225e-20
1218300465538701e-24,16012772915951008e-24,1416077198421888e-22,0.007258257653790469,0.255110150576023,16637660497420767e-24,42860661433824267e-23,0.6389941863160142,0.09863642215144454,379219661930646e-21
13229905740979704e-24,13214527887548682e-23,4700706601876517e-23,0.006494332966079536,0.24608412675898184,18392762340714604e-23,59183511316620845e-21,0.6444183172088334,0.10294237540224506,1287842681139447e-21
14255984458335678e-25,13816493336945418e-24,30975059617515235e-24,0.009406365544138625,0.24897041705508163,20014174172106565e-24,0.004634452770588614,0.6198245880128913,0.11716401860892717,9177703819680934e-23
623671338604763e-24,7012030746853126e-24,1630424933628819e-23,0.009697177605881844,0.25880144653017756,8101002694411852e-24,6918639214487606e-21,0.6409855480755274,0.0905087250321794,1520760671560556e-22
40665799196565925e-25,36490772818476064e-24,1230760192473558e-22,0.011644019887638652,0.263652858796913,4254723673677236e-23,46413843604526056e-21,0.6655741736241961,0.05908188259236929,4450743367991943e-22
26754785403399597e-26,12337317249833674e-25,22338854518047503e-25,0.007375352389544921,0.26907815495942394,617327303172557e-24,9616755088310477e-21,0.6781905765730244,0.04534624483697577,5013355806593833e-23
35852538041579886e-25,3996520814653524e-23,45090042423854634e-24,0.006547365318491378,0.2633755501876608,3816089781868586e-23,4689158854791298e-20,0.6704929118274571,0.05951739133679457,19762940341484053e-21
2618146284079927e-24,14151837411324694e-24,3308124151394871e-24,0.0014355821245863175,0.2535272383593746,868694459037563e-23,0.000281371564505994,0.6750248886078868,0.06972955824011366,13323377677016908e-22
6770216601287752e-24,623068908227004e-22,3122205802481215e-23,0.00042793229388876424,0.2560842440446135,7765673551932932e-23,10256219323664007e-21,0.6764672389786194,0.06700900228752524,11482205815352557e-22
16561439574619748e-25,869744896425789e-23,4842060572406442e-24,0.0003319851035761322,0.23789514219932817,12555759538518743e-24,7713135748608395e-20,0.7040802143304307,0.05760994938356017,5549874315709785e-21
30478567683760195e-26,2710072757671617e-24,40581824183576384e-25,0.0008310568749596577,0.25163444293710463,29026017836921425e-25,2148617215149489e-20,0.6948657682722292,0.052647041276835234,1944908878488648e-22
7660316536637269e-25,10705474492374652e-24,501797473237628e-23,0.0005272845034007751,0.25582518185649317,8050222125365898e-24,0.000280169027400712,0.6893731294941009,0.05399242659163715,17839870239460424e-22
223480252944188e-23,12054586108766158e-23,8073082609162855e-24,7137360692323612e-20,0.24431299740118154,4699554622029222e-23,0.01986777420409081,0.6162482421508013,0.06288238905764765,0.056617045730262466
4762657020866285e-24,7500628843672932e-23,4949185066112095e-23,10051273521663227e-21,0.23895592829771958,4644188449224987e-23,0.023967321604440348,0.6299115578647468,0.056589217504435144,0.05056574775238534
9795689081923734e-25,11814780524122957e-24,607486557868164e-23,3895851735952925e-21,0.23357074994619703,17345847309944598e-24,0.03215883508291365,0.6185242051333971,0.044478472783267727,0.07126380498740736
2850164186522591e-24,46395455305324814e-24,28778378795829514e-23,770985773975461e-19,0.25241879243154414,2414754966426345e-23,0.015262716551560947,0.6704956988590404,0.0389965569270754,0.02274877547642674
7215048232236233e-24,20072711029529818e-23,4921622708315897e-24,14475083053003774e-22,0.22115800557508214,2068002425742989e-22,9500697183538554e-20,0.7116403231758575,0.06708317546259815,21621642311185998e-21
5116912692900112e-23,1746058353161317e-22,3407677666579248e-22,22889755962963044e-22,0.22651977793376413,11805643101699947e-22,57367397770990796e-21,0.7118576078236691,0.06152478407529757,3642668858776004e-20
4322657663149905e-23,9627722151812071e-23,4182077055691876e-23,8866185466627714e-22,0.23021133878836553,9434693201247374e-22,9071956071087586e-21,0.7066806094741567,0.06305290108785912,44067281726251306e-21
5149736822419525e-24,1910596643188333e-22,10481903767676955e-24,2455936233132198e-22,0.23713189513974892,16439807807049006e-23,15292426484046884e-23,0.7148142812268712,0.04802122914849078,31824878161624634e-21
7992757411462587e-24,1027285219839667e-22,7898862607726387e-23,7893111830509628e-23,0.23293918326314594,14483412432095456e-23,0.007052780563152766,0.6961024984953941,0.04615237522970782,0.01775274897343976
2978608453587662e-24,796697700840345e-22,0.0036874834804433805,2623177555330939e-23,0.23827923518433214,46837824701073264e-24,0.013191407894006,0.677224407800548,0.061528103430260356,0.006089206492326294
4268263776670916e-24,1465973856130549e-21,0.0036959711187792114,183020259242854e-22,0.23204204557975752,2939267569442669e-23,4627506951229479e-21,0.700902445732696,0.06193856949216513,0.0014148226328027345
6379137054713898e-24,2951503340222873e-21,0.0034834840903209346,5569368777058443e-23,0.23458559526040837,10743396312587148e-23,29907295529024247e-23,0.7126499030812694,0.049277048934412364,5485508821777155e-22
3775851110590708e-24,8039382085690747e-23,17836568767022737e-23,8580665607461306e-23,0.24236463789267065,1245560382884779e-22,0.000239099144768303,0.7192936828655747,0.03810189687517511,21032234851630622e-23
6188184236289298e-24,1786437170730462e-22,3060472016175806e-20,8648581295057557e-23,0.24314246759192623,18315133419860804e-23,0.0006322059950445577,0.7434014553133046,0.012792084169351532,7277410537874123e-22
19991403494480678e-25,4998842012688263e-22,372238515941407e-20,19574894985753542e-24,0.23818581856393012,5762614935060654e-23,0.000629825235595858,0.7509919312301655,0.010188095671475543,27829244430825738e-24
2568701323656607e-24,13760434377694413e-22,34433606256845836e-22,29692857421743148e-24,0.25081072426190315,2674483553242475e-22,0.03247739680622465,0.7144832476406046,0.0022233302985557404,18187854340989763e-23
21149589041748512e-25,32393149338846986e-21,70843067263886265e-22,10538226268616161e-24,0.2609364953738486,17999986601148297e-23,0.03348770073062723,0.7055348840952567,11926998789877071e-22,5699142688658799e-23
14127602139796385e-24,5496939765907685e-21,23384067765022308e-21,12160913657671232e-22,0.22127764267172048,6146942505469792e-22,0.05141254684284713,0.7272787363004676,19254924829625505e-23,15571496813933655e-23
4817111603851837e-24,4796537547681146e-22,29990717357109926e-23,4100869816292843e-23,0.2210500739991801,5577448230417455e-23,20221456572773216e-21,0.7789280875456943,6734529616954943e-22,623844021437773e-22
12832299293825843e-25,34609177672527546e-24,0.0090366761757703,3994538152541714e-24,0.2347272125626049,6835787639090659e-24,0.01802714038333307,0.738207262273457,16329697529601e-19,28912185371073164e-24
0.007903928427615926,21957753954158517e-22,4812328396096754e-22,2605276668213779e-23,3396171468606735e-23,0.05576425824700247,0.19834767831938885,0.35852478839220864,0.07763340182519154,0.30182320776588056
0.0052592540538745625,5103819046073556e-21,6046854014004777e-22,1462593987319028e-22,2948274249527606e-22,0.04685533528217552,0.38340165407566684,0.30399978066083316,0.06071070614287495,0.19976712019327525
0.002831453328516006,19212147071550264e-23,1007680251572786e-23,6443059623299062e-23,0.245097922442092,16153300349875653e-24,0.06460055928569,0.640396114307899,0.04707337341611124,29443751999832154e-23
0.002736013660066114,7351632220854758e-22,6804294483649138e-22,8404639649913508e-22,18374635527722811e-23,0.047442468399732096,0.5272948955706738,0.25159539017353455,0.0396465391400034,0.13128225325299941
0.0045800655288830055,9270255411082635e-24,14608159635841377e-25,15484153419941472e-25,12346182402311344e-25,0.04533508967276124,0.3554342372250448,0.27672361096393594,0.06406472022798392,0.25386226286728286
0.0032359200892976138,22543730642853706e-23,12256508519366975e-23,2506457511155047e-24,6633174533885198e-24,0.04352445584092859,0.4185320817440781,0.2294419872426147,0.04163547541579995,0.2636297225252565
0.002558532816430964,6461595654369356e-23,31613098295593743e-23,12006972918968454e-25,44998611814884616e-25,0.03675052034320166,0.3249691371837997,0.19305515463481754,0.03807904660694593,0.4045872219673062
0.004570333739463658,1158216631315794e-23,4119012511898156e-24,2441288912557232e-24,271907678574399e-23,0.04191317951394339,0.37453332543977863,0.24094746469999442,0.05125081271092758,0.2867848630343452
0.002126404959351021,6250732304818363e-23,9426744003895238e-21,27303548943278094e-24,0.2720862153922073,12247743723530045e-23,5398105948167644e-21,0.6576582463593957,0.06811323683302144,8593177425470796e-22
0.00234954613284008,15265863557556928e-24,2365488389215545e-23,10908997947081182e-25,0.25538471832698256,27244908574378475e-24,3031874758413259e-23,0.6764903892484104,0.06577522657252773,2214376041501894e-23
9096185404790215e-24,0.0020712477988033312,0.0009508895832896462,22368779554151966e-23,0.2452261250465885,33988380848972146e-23,1827641950686785e-21,0.6937365850964442,0.05801183151538991,9206497473273526e-22
5643454766117154e-24,0.0005621310671630209,0.0020370694961538535,73411640434653314e-25,0.24024834435478024,25454702547274005e-24,55653653474513325e-24,0.7045660742463675,0.05258623289457504,53847963029607836e-24
2003699225984401e-22,0.0013643484829935014,0.00046993417223248807,15364090576163428e-23,0.22971319352163075,5600905455176632e-22,13661130916272365e-22,0.7375835604576496,0.03086552504412943,11581069539093594e-22
10078158852450515e-23,0.0016518782213980911,8976370120695623e-20,9468824237203063e-23,0.21515621967602036,2255992209174949e-21,13092950916311774e-22,0.7509112181548191,0.03218659121326199,5682761492692136e-22
11584456343593103e-23,0.0019866100554609095,24371288530762556e-21,4368908028641057e-23,0.21751555026378772,34301593036368033e-22,2010711917973805e-21,0.7441169243400428,0.03635001182396436,93182335551639e-20
13629427296090484e-24,0.0023844321513552327,6159400214094916e-21,20255344673865278e-23,0.21072077171848494,20105288674083498e-22,4694282166693537e-21,0.7310771019583591,0.05578775654176825,16857235911936926e-21
9968039079835002e-24,0.002317922128837843,11289843571063043e-22,45127821533586305e-24,0.2816082553386556,22432928003859705e-23,13674004264189138e-22,0.6802182067435238,0.0357851636555582,676763234999194e-19
10669263228780614e-24,0.0019064550482337714,3541480161900337e-21,3914550212448052e-23,0.27749402078018853,33100770916846765e-23,25964297918612963e-23,0.6969120555138717,0.023682843895304687,44281681677657996e-23
30552480561593566e-24,0.0015079413503022079,1939793520677156e-21,20630044823204326e-24,0.2528370293420807,45134033268241073e-24,27677436504847613e-23,0.7038399711193902,0.04181224116328321,5041404955954211e-22
1942685385497879e-22,0.0013946616299810935,12783976926701376e-21,17434658117669174e-23,0.15136201693905885,26658565253601702e-21,9786352731273747e-21,0.42723658918263685,0.04573945980080122,0.3742176749374901
37200647321226485e-24,0.0015693408032292336,9352674350561165e-22,378299888729072e-22,0.0845336411768731,2359152489536448e-21,3350857124969362e-21,0.2790855006872261,0.031614098923359375,0.6031906981016265
7779400594769788e-24,0.0011326255399777552,10337733572779834e-23,5231237902381737e-24,0.07461043109031688,29832628370508276e-22,24775819042612734e-23,0.29069684536700785,0.03354259416135801,0.6000141564323372
11025540085117336e-23,0.0012488457107100452,5378446458610364e-21,7037954550020385e-23,0.004985492485276411,0.00025694572609686017,30774844342411188e-22,0.06063198976754068,0.016755326463171558,0.9161127632813659
12449407388047537e-23,0.0011659962856136127,3842961124517947e-21,17234772831617582e-23,7931794866805293e-21,20755600428997253e-21,2740126018384304e-21,0.03183283707754691,0.01479931354619302,0.952166285766407
3206261159263871e-23,0.0011090958769963645,3710548356685928e-21,23735723628800675e-24,4519979278969151e-21,4898945594981926e-20,33304264835275353e-23,0.02297261061883011,0.018008042139442623,0.9578526425402507
0,0,0,0,0,0,0,0,0,0
0,0,0,0,0,0,0,0,0,0
0,0,0,0,0,0,0,0,0,0
0,0,0,0,0,0,0,0,0,0
0,0,0,0,0,0,0,0,0,0
0,0,0,0,0,0,0,0,0,0
