1925005428257708e-25,5576079882000947e-24,0.34991426499295336,0.1991286491825523,0.3895470917501186,58490114627283594e-21,39195818174804576e-25,88500144362662e-22,0.06135148330854244,2112853588633804e-24
14936996971358472e-26,5223653300953314e-24,0.3284998956958095,0.20785786794956748,0.4034364348273036,0.0004345943670776744,31570432946834475e-25,975645496071102e-23,0.0597711872579176,16175351362112117e-25
32275720082710386e-27,22477230453551822e-25,0.37194867767294315,0.18413551722396532,0.38148205720358774,2733980942198227e-22,23161819533408766e-25,13369540810757695e-24,0.062433456096269956,4411728344631097e-25
60610109204524946e-28,22372847337365532e-26,0.3173240685520812,0.2033208410607987,0.42437121498249547,4419592844750423e-21,14169525206543212e-26,32267039600946546e-26,0.05497945503936662,7827631882049918e-26
25936633671558295e-27,9263854881596837e-25,0.30417328486253553,0.21035192060618363,0.42481302220546757,0.0067985356367680485,6012960229749696e-25,42428341403800095e-24,0.05386319240316392,30399494706823185e-26
17636345424995003e-26,1101519450941767e-24,0.3300997112211594,0.20587886869932628,0.39628214366775283,0.009126593012333858,2718692287848426e-23,8331612485566048e-22,0.05861182026295174,35026819480312857e-25
15192669612673573e-25,49947034333107864e-24,0.30841555692238243,0.2125748787775348,0.4177790506480611,0.006206814869166931,41403284531770025e-24,9492972921950445e-23,0.055023493085924,17897563842911386e-24
12700963230058922e-27,46261750166924823e-26,0.29982054318632484,0.2142701048678693,0.42614085983023353,0.006408261203692679,3378133433384022e-25,7979148227712608e-25,0.05336022914100684,1674998871783428e-25
24975569522791114e-26,20181882185875514e-25,0.2970097205736058,0.21827322886894146,0.42463931893187146,0.00614909983220688,4958753737387592e-24,49278519320221444e-24,0.05392857432783349,958136693451585e-24
319534232588534e-25,12993038429029515e-25,0.3198897478445573,0.21098105046749369,0.4161846292829694,5485821878023923e-21,7820424817749697e-25,14188650210938808e-25,0.05293908256797659,4832036693419457e-25
14268879659315292e-27,5406774838493046e-25,0.33815222137605844,0.1946712756471382,0.4165016783429992,8221801906855468e-23,4402632937607575e-25,17953953578142197e-25,0.05067473939371149,23209136415480417e-26
484369623064765e-25,20500358942231278e-25,0.3078248266992969,0.22458661265259733,0.398029847289288,0.015352132576925517,32306142803972476e-25,11635475421198008e-22,0.05420541132337357,5816128213211962e-25
9952796810692915e-26,6670994621094425e-24,0.30809641703826396,0.22097064988502435,0.4063709000885471,0.010690557481145963,24883213962486453e-25,11043459345625626e-24,0.053871455261635844,6193409098237607e-26
20627597234870767e-26,7983697627915093e-24,0.30286941070427675,0.21874212124117118,0.4270249989533718,9365172093206024e-20,54463324514956605e-25,12400739688843204e-24,0.05126978807688021,32667505100339923e-25
10450095301989134e-26,3945743968034114e-24,0.3034344515422124,0.2216556167077867,0.4192913969399017,0.003125611856610447,29832284337704965e-25,7507456889726613e-24,0.05249290682236872,15902182643380582e-25
34523479961581648e-25,56683762566866626e-24,0.2957929515985505,0.22133508130008805,0.4221178537675355,0.009154466145820266,63331333993637665e-25,15647031393188377e-22,0.0515980164203405,610637016567817e-24
1550574227481228e-24,5913916501510395e-23,0.30417798243313454,0.21626967541943093,0.42700667485397764,0.0005149329437626258,4379163295755284e-23,1876781728907258e-22,0.052030418005482186,24184580856554484e-24
32765375924479903e-25,11949675253702172e-23,0.338918912029591,0.2016114700713081,0.40191881462715084,0.0019506100781580048,5005446308143688e-22,1922129452697803e-21,0.05559758568886531,8682115798737031e-23
27124478272878805e-25,10736884415644985e-23,0.3096564324241901,0.212417093355851,0.4238916765680308,0.0017162238008658437,17384948743284403e-23,8037416131980041e-21,0.05231020255415156,5039777204343652e-23
12186683508534132e-25,4390026074996472e-23,0.31917803801765854,0.20128394234247596,0.4263672038461461,1706846607457777e-21,272443897638665e-22,7656062499926915e-23,0.05316894336864254,16652478019294474e-24
17537186808161036e-25,6535070091558316e-23,0.3349856909198738,0.1984612259247592,0.4054466140320884,0.004618432808649001,9942022096330212e-23,46468750333993725e-23,0.05648738220449108,23211761125741673e-24
3974920632425998e-25,16390793075130785e-24,0.2960750274468213,0.21071688446851344,0.43494597373671756,0.007806173845592117,12657357176760427e-24,27787600450974624e-24,0.050455877629620595,5639755248641705e-24
42288829132854885e-26,14081763520385405e-24,0.2933187042486843,0.21996432008145447,0.43018525328091056,0.002213563899980925,13676266631451688e-24,11234355302085192e-24,0.054318114215588666,4865461964179446e-24
26040020953481417e-25,9439115627201558e-23,0.2822415341554558,0.22366427043728992,0.4413223393850749,0.0003225697735013192,6842641427629235e-23,16573645144145e-20,0.05244892003179218,3505995015596656e-23
4978037529146487e-26,14301307536526225e-25,0.2881209137517905,0.22001369847432045,0.43918585519745856,9613694455561095e-21,9386724637950945e-25,2020938991259658e-24,0.052669913849719224,5932718403865588e-25
5202922907582092e-25,18094968453994275e-24,0.2734804982178198,0.22291812532930635,0.4541646823793358,0.00010312995842033331,14879466159816277e-24,9012563259364983e-23,0.04933343308416028,74105835886646665e-25
165560187288077e-25,6219340900779994e-25,0.27782342060661946,0.22049581930946272,0.45215551910941953,5062170746549942e-21,4072895311989527e-25,6694852488373191e-24,0.049520170821404544,2412730315804452e-25
16210232578663967e-26,7674036425158015e-24,0.2947335237709838,0.21048782310015468,0.4449729413766271,722807223302582e-19,5368018391778965e-23,5081399098094875e-22,0.04973286281157701,2260359527047842e-24
22547200993947233e-25,11509782986639615e-23,0.28850478913579475,0.2019493678855573,0.46448071466531243,0.00012775396890224596,6111382610808596e-23,24308385407156803e-22,0.04493473835366192,2668542423081659e-23
4708178528175438e-25,16329151061889712e-24,0.26891296967024997,0.21823919057700436,0.4631163262667586,0.0011217762316464183,13939089508775854e-24,46833604364198704e-24,0.048609652467639694,7214880346537024e-24
1785774993364858e-25,7442905185358942e-24,0.2712263592795215,0.20933970109495018,0.46929143165356335,9020588043504127e-22,425627735896185e-23,0.007768313027349768,0.04237327837749971,2630602845093352e-24
2971131992750172e-24,11148305999680613e-23,0.29449729952895065,0.22588913750069248,0.43161333064169577,0.0008735547214138316,9055853992615523e-23,5530757649758815e-22,0.04712587548894676,4403124606782984e-23
30377759431316846e-27,11693133168486146e-25,0.2868457545533413,0.22501512184791986,0.4346274029430374,0.005624916329726522,11721274382721545e-25,2227478606465291e-24,0.04788679931654405,4866372427739179e-25
5947805280226053e-27,15529866291674337e-26,0.25762467625378416,0.2310746932970784,0.4538859076907266,0.005630648714963679,15767074853683389e-26,8855143212792092e-25,0.05178407277183506,6711369831349922e-26
20112440978671978e-26,6365313248888639e-24,0.2664111523113753,0.22491620964267348,0.45610361310692193,0.0011598172236705383,4736919577248376e-24,9970205074696592e-24,0.051409183800215405,26469021605456287e-25
19254809600266575e-26,9754045457760693e-24,0.21001342087051797,0.2195289889029939,0.5317435914933341,2811050097220342e-22,1578096977888578e-23,13226592517849054e-23,0.038713554745787464,4888848115941383e-24
3168984990200443e-24,9720656794258324e-23,0.2455263916283856,0.191744855664975,0.5189307674253688,24679198508083125e-21,14074401372617583e-23,1973350363898453e-21,0.04377106001209765,3160069028224017e-23
47439135030503905e-27,17529782326659966e-25,0.22667645883676096,0.2088833408763362,0.5179974511375653,3156495354504087e-22,15473622267869473e-25,836144485344647e-23,0.04644242110782028,7060153382547878e-25
9359787588607123e-26,2590276127765663e-24,0.23050382927666804,0.2019450626161735,0.5171855803774449,16810465556154957e-23,2209598695496095e-24,5600465671496847e-24,0.05036534794329591,1186951711876304e-24
1212956412860632e-25,45736140064676536e-25,0.22026213077717574,0.19969470287188465,0.5309736552555774,3213285637736294e-21,48252948766462775e-25,1794887805857903e-23,0.049066268301116135,20776021587000526e-25
34965802238812965e-26,5020184247387478e-23,0.224600258039864,0.19185826744015694,0.5273220501356674,5738629838793674e-22,12052891563002048e-23,444194011220505e-21,0.05621836495910622,21137973269582948e-24
16942068599573776e-27,5725156090939234e-25,0.2253142389843898,0.17900383283586768,0.5497703173019325,15011444405953602e-22,10580806310915929e-24,29500391480359725e-24,0.04591006832463378,7379786760768592e-25
5612467654453258e-27,2012557703270347e-25,0.1873674818981417,0.17701916850520172,0.5933433299695275,6570975783153456e-23,580988683423246e-24,18437858422614394e-25,0.04226995113522966,15234373661439445e-26
4060390812673623e-25,1548860606748964e-23,0.17960569356060957,0.18558230994058908,0.5906923589515567,7340438134147663e-22,18019709937600994e-24,23716835514566226e-24,0.0441188377499842,8122871728885597e-24
1842053591547645e-24,8469714972605795e-23,0.17368062671113782,0.17746772787475515,0.6088142522561852,7435706335257725e-21,5010705764734721e-22,16729316253807696e-22,0.04002779083769349,6917859650200845e-23
4734798675025878e-25,19655833104383024e-24,0.18127139967115471,0.20642174401110083,0.5645221660464541,19195014757195854e-21,13064654371762243e-23,14426800677891827e-22,0.04776388791215607,13888980232521377e-24
17695853138368958e-26,8765037421068695e-24,0.138848306832284,0.20853139339483634,0.6116487569951878,25844927053330713e-21,2620673741188286e-22,13782585027672083e-21,0.0409316369278381,7328722258722954e-24
10137849388670375e-27,6494397240422073e-25,0.1486395905737474,0.206157134182794,0.6024609776439581,13986332171900023e-22,3844599870086716e-24,1218700466128703e-23,0.042740882297638214,5152564039610278e-25
9946878672331671e-25,5852758256485975e-23,0.13276655813129803,0.21226109993865228,0.6126698015759992,1559289212887423e-20,3330721817160554e-22,3717763986076081e-21,0.04228281261408816,24494884873120885e-24
7225022320650214e-26,32733444572242385e-25,0.14919427933408247,0.21157959486057032,0.5961122457483398,4808714304750972e-23,156835609094635e-22,1364792335903581e-20,0.043100163725101635,13386171562915515e-25
14535175256488965e-26,2448335420003605e-23,0.1458595201261875,0.21526951574788536,0.5961533644907407,1847311956105829e-21,2580000841120758e-22,5693929816062281e-22,0.042714883945502706,16378736063620128e-24
19419374671859734e-26,147938193258347e-22,0.1252243578242366,0.22452173448303192,0.6100538441861374,56539678113001984e-22,14201868927142917e-23,1583182378716094e-22,0.04019407099727853,23217607474055403e-24
7915708029101699e-24,4683681307370413e-22,0.10023601191604876,0.23052093174155155,0.6217510330170336,46394521066270186e-24,25675530479722094e-23,4134221943969535e-22,0.047490797713438504,3275674185137719e-23
1007055284285259e-24,25086169152279176e-23,0.09371649190738758,0.22490296665199816,0.6341176400632762,647145320630457e-23,7147988748098646e-23,5556883700681383e-23,0.04726250973582401,6259097940316167e-24
10461304824140981e-25,6654686291542924e-23,0.09673848877385251,0.23104077203080747,0.6247456617727685,1984228714733811e-21,32514428198706833e-23,13687408264705808e-22,0.047471313477797705,18238054620000554e-24
24803157361182552e-25,16303856877218414e-24,0.10285034125439031,0.2286063050894586,0.6253108727364206,18010765422130367e-24,156162050864174e-22,4214391731236876e-24,0.04323242410024858,1942722325475709e-25
8555444003734173e-25,8965912513053576e-22,0.11579485142292907,0.2309119349229347,0.6064173684723101,4824672473440329e-22,39290926691783773e-23,10739958091181295e-22,0.046872969692535744,2867071635374119e-23
11295998019898895e-24,1134381137365971e-21,0.07466044904183608,0.2341986042543981,0.6399715655292529,5590646571704792e-22,5096600854207826e-22,26487904807561725e-21,0.0511405650332843,11383566940209859e-23
10050355315068611e-23,2474252213415094e-21,0.0502025169074668,0.2391501770424517,0.6649883694247333,14538332779082267e-22,41785725210893457e-23,9772228599673341e-20,0.045556658903946966,10898707343146074e-23
15177036838189966e-26,10097648857149124e-24,0.06857735529799912,0.2428850826033189,0.6414689738176848,14677764198251726e-24,966368039905549e-23,26392746626862e-21,0.047068524724543495,25738982874626876e-25
8935278654650612e-24,21365381441135957e-22,0.08416604435076182,0.23512359064521512,0.6342603147412246,18979456601903394e-23,14422461607966253e-22,19668716635479693e-22,0.046444234001517204,7191062377293641e-23
23327472010374654e-26,9538414108299391e-24,0.06501795933825748,0.23581853351750062,0.6531553387998568,15776820977644348e-24,830707364146395e-23,15792634524011324e-21,0.04599233835582506,3499545632352502e-24
6293334245874298e-26,3675871985707037e-22,0.03761752318129735,0.2540195343766283,0.6625826510586619,18597476976677473e-23,17170887348834656e-23,5794387895130884e-22,0.04577900183070526,14608950670531503e-24
5668173556053215e-26,6649060431547353e-24,0.04818632289270562,0.25103751090478077,0.6528962317311251,14379872283761185e-25,5749595760869601e-24,2580513303744025e-23,0.04787989441574426,3573765733023607e-25
13038412070054839e-25,14637274399613046e-22,0.07685531871089742,0.2469192163828733,0.6262268632404153,8409263940646114e-22,15138729958566252e-22,5617892119521157e-21,0.04998913692312927,2702051727111715e-23
23598490246324187e-26,10783406443915226e-24,0.05225570639000541,0.24537043785734958,0.6564926817013537,8406134493557031e-24,2335314427972059e-23,0.0007322550097251955,0.04514887239882575,386276060505446e-23
7208542294189334e-25,2934987657922925e-23,0.04412489708851348,0.25138933360284493,0.6570810856729864,23491127617967146e-24,308181388497834e-22,12691267975283867e-21,0.04739189701118175,10978078290401222e-24
21584301288537588e-24,2750818010252138e-21,0.08086007186768264,0.24160856112765342,0.625169230022408,12802969212339797e-22,18930922826233598e-22,6522682110061972e-21,0.05234958389054772,8461746424230419e-23
17567384284933676e-26,7034866588652588e-24,0.036322633091645254,0.23425627632509752,0.6747696785265369,533376302938045e-23,8662387061723558e-24,0.011778838819451316,0.042872549090775335,2939539361272119e-24
42777442966941163e-26,18678722279365206e-24,0.06679909264681876,0.24226713720965265,0.6266650403634566,15836196752771964e-24,14115538079115296e-24,0.01574187361961077,0.04852679971590137,738875115943149e-23
9528347750954519e-26,70371172705429186e-25,0.04996673456757051,0.24132712785794733,0.6635489063738524,3995131287733071e-24,10398613817935127e-24,0.00029703185070854344,0.04486017576023991,20640455785304535e-25
12165842449061466e-25,6954157097369376e-23,0.04376045918795307,0.24585048817478233,0.670797806460564,33411080513113004e-24,16214239865113494e-23,0.00044404420620811156,0.039146900113095476,3554580637898356e-23
7561751277456923e-25,28289924263204622e-24,0.07195428109257082,0.2546953436136333,0.6313199337859993,2818322429288671e-23,13404319062759938e-24,27541838400394424e-21,0.042002810241372784,18793844554414926e-24
34185024117915697e-25,10209431282226973e-23,0.05535744352450456,0.23882692817766996,0.6670881434259888,11332924690588844e-23,13848980947281148e-23,0.0005907491363694407,0.03813630115163812,7725079594236598e-23
20541399405599176e-25,5586227752299967e-23,0.025699033981521558,0.27594510350396323,0.6547535164220577,25111613885376083e-24,3663715834986834e-23,0.000923419517452076,0.04267877999515971,269147813100283e-22
36329141057772586e-26,2569552236701777e-23,0.028853750185086895,0.26990491516426635,0.6583406581335804,8386687725118103e-24,22370322631365347e-24,3702109798290297e-20,0.04286359271068863,5892607432334499e-24
20495698159795217e-25,1140876529792768e-22,0.020609471642548876,0.2676353105031756,0.6714163928765727,7521498156018753e-23,162569016637434e-21,193928229629567e-20,0.040336493181605135,38592756344652116e-24
69651175547381e-24,6454126570674995e-24,0.0363266069365382,0.2654215978456091,0.6581131416301691,26883005085180368e-25,306697794545752e-23,3473592175056914e-22,0.04013829090708836,30427594269192255e-25
5315648020435775e-26,16510870544646857e-25,0.03710326111535845,0.26774798917203757,0.6543345144198257,15564240883237455e-25,10105976925179668e-25,27183658396270948e-21,0.040787046572763545,7904763547893605e-25
480815232740568e-23,15835751447880473e-23,0.033098952189651906,0.27548774243567264,0.6501438816199282,13949609358890666e-23,8367718478497314e-23,6612889819878525e-20,0.041202827307009054,8120951747511885e-23
14284978103797612e-25,4609834230158438e-23,0.05151783899690299,0.2808904512639442,0.6278232787306186,3299519664930738e-23,18971582282687067e-24,5177138740482137e-21,0.039763131046299464,23330124532166512e-24
36569779638690194e-25,3715592588323803e-22,0.030763398434388484,0.27544744403233745,0.6483058778900723,1378064704994976e-22,11063291728423135e-23,0.006849364602468877,0.03863321903186384,7235322246411293e-23
3303451669457729e-26,5836068091685303e-25,4129020264941649e-21,0.2508382963302691,0.7249506898780518,5992580443744948e-25,4518877731357118e-25,18900102652428706e-25,0.024206834519130235,46695169010343185e-24
1289143170574471e-24,13271143040650464e-24,14993210528975855e-22,0.24638750097286116,0.7305980890963426,1827165432648936e-23,18035875617680446e-23,10947183311568963e-23,0.022986854612289494,25733334648255727e-21
8711181995746261e-27,14892952161636608e-26,2724730693987348e-24,0.2316431706132254,0.7018655451932413,1460515206671291e-25,6146256739734741e-25,3089930186492641e-24,0.026318181066005593,0.040173096394456244
2458263074518884e-25,611776682476784e-23,34731465517612986e-23,0.28850495039121016,0.6755713054131376,5103582568212713e-24,4995238906505396e-24,172070460743951e-20,0.0359216483617745,11352448498753638e-24
2944471960599711e-26,10415986909892053e-23,0.289292339820537,0.20174911044467414,0.4588097469694876,10176543810337085e-23,904071178760687e-22,7284033716546584e-22,0.05014537736186497,24006383083841802e-22
32714535457904337e-24,20003568724370866e-22,0.1479969401660562,0.2628362986768406,0.5453898807345616,9883472257683182e-22,17718251351400314e-22,37480556739567968e-22,0.043767278149405335,1060973692321927e-21
20695759837323635e-27,4659682587174675e-25,4219312916714179e-24,0.290420043161787,0.6784784614488062,39828628120038657e-26,5327274244699791e-25,980594955344025e-22,0.031101389769451256,1923540795047978e-24
41882099984447995e-25,2057654924217076e-22,805318975629645e-21,0.29294949126095754,0.6741131294990254,17525760895225413e-23,4032813704921712e-21,163908291818584e-19,0.03291548617774817,27888843904341984e-23
2238017335970674e-24,37065792144131077e-23,0.19632889072485452,0.2602246472828623,0.4943803007758631,4827054356055328e-22,549157436347851e-21,279255761250925e-21,0.04906349169127541,987017145934001e-21
7235293617739748e-25,16454532041184853e-24,0.08972529113546056,0.2832510852568577,0.5885725582070471,7990491276610456e-24,12050871348316718e-24,5777290267543287e-21,0.038445229756125375,2113528622488766e-23
31909456564762802e-25,12132305655088376e-23,0.15787143495072917,0.24531896342193496,0.5313416949362633,7781158139338952e-23,2647972978808891e-22,0.02551133161125338,0.03995596196895485,14598691767314866e-23
4433377334829188e-24,1313426948476751e-22,0.3389701031419339,0.1886909512636554,0.4235183431104279,730636822225604e-22,3978663001292532e-23,12420031348155374e-21,0.048807865841616026,6798469878286491e-23
8154660926651338e-25,46395114260566766e-24,0.2605182213295903,0.2162045229497543,0.4804282209883325,23309358983814913e-24,14942293828216593e-24,6848379422909588e-23,0.04284883651547481,4427081029869721e-23
26520487989140824e-26,4968109610127016e-23,0.2953793466629764,0.21512945371090675,0.4431613715985769,12796238528894804e-24,15612160058184777e-24,8788036659065023e-23,0.046329617715477334,4407704592072628e-23
4927173840403469e-24,8607045867823564e-23,0.022770072994623226,0.28939591921053526,0.6633966193962916,12591836273069302e-23,53905987900546124e-21,0.0001681142943217174,0.024212985302264376,2165899992713422e-21
41839663634260194e-26,2347781777140833e-23,0.27637243500319014,0.20717047471153627,0.47695879282676984,58277903714626695e-25,3785638928777031e-23,12744357705789792e-23,0.03949765032901008,4521051197195307e-22
26304307734517336e-26,17517477561986797e-22,0.24005617235949092,0.21546806767111648,0.508210715518678,10994206315977334e-22,5167288967169515e-21,7813758697991328e-21,0.036241426085202685,7785886420953085e-21
40691632674796017e-26,1601705154528768e-23,0.12631330894773765,0.23541946566687758,0.6133819663484504,14216605627684234e-24,36780806032322196e-23,6958731631451803e-23,0.024884542242762795,24875795378191337e-23
8321461031792379e-25,820601109267459e-23,21393493574041857e-23,0.2564288468411868,0.6967449885483556,1089863228038335e-23,0.0285818800620617,6157702894072376e-23,0.018243976742563603,1234094874902802e-23
10315096842163515e-26,14426332042159935e-22,0.2784127338646032,0.18451103653215542,0.5039955389784527,7850922771913e-21,1980348185138495e-22,21938205614326555e-23,0.03307875275830088,698622539894566e-22
596083665490901e-25,12327675335762578e-24,0.19693517897567342,0.20418484998556596,0.5701374526274404,4673583062193105e-24,1975147056311273e-24,889855949307727e-22,0.028742322827552826,8756217289738674e-23
8565606473347606e-24,8765612694855187e-23,45988602637905135e-22,0.27316006890518757,0.7071029648977496,13257038890225945e-23,23751962204960996e-23,7721037021768927e-21,0.01972354437860201,6356094292794443e-22
20930740311782187e-25,8314449050759754e-23,0.0974992414732902,0.22777134778680325,0.6377712602174296,6484531349326979e-23,46149512142242563e-23,0.020787913494283196,0.016169073080988163,5523691768281229e-22
10841521081134383e-24,4871481259583686e-22,0.005183145274024357,0.2936953364239777,0.6814515154943135,4663789047320669e-22,34012511509238427e-23,23341006117144083e-21,0.01962357233170616,21784975811563287e-21
22619050648305884e-26,9868662939402034e-24,0.24308741162227673,0.21065125536337173,0.49794381684716527,6533969967668376e-24,2227930027410247e-24,0.013089193207977811,0.035228202210542216,1018917286681687e-22
5942895348124649e-24,20794204606279357e-23,0.0005497795228137955,0.3083012543072813,0.6658508656827308,3214518495062795e-22,2036535792583323e-20,2332806663835432e-21,0.0250011056695598,0.0002737613152861252
23676425443693645e-27,21231909591104406e-25,0.024892586801247448,0.29956762960567423,0.6493059404862018,12270827169939822e-25,5859934336602793e-25,12627398597676783e-24,0.02623382118774585,5331797435375162e-24
11115348194311021e-25,8188365624620827e-22,0.3320771682219603,0.2006552703960196,0.42351199532770817,15036371290767537e-23,36981453800980806e-24,55702838468442385e-22,0.04374806513789133,9233392903015269e-22
3424192126861845e-24,2868279362825533e-23,0.08363330530215321,0.2855577807155142,0.5965309933110922,6855510078748805e-23,16570601194141005e-23,17937330239782502e-21,0.025354878288868916,0.008904838684406016
5164199001126117e-25,6428884092255886e-22,0.19619415740579602,0.24049051524474588,0.505662019496211,23687431436581024e-24,4304000973797579e-23,0.02306968133473138,0.034403542927503285,0.00017937345878265198
20001422011790405e-26,28921411227840964e-24,0.0879645203533799,0.2714326911755505,0.5999112695803147,1537519320838493e-23,161305195307671e-23,2531201407193664e-22,0.04068990418854747,1315472386459373e-21
9390056537310316e-25,13452175745212807e-23,0.18605908556666997,0.24931648651828278,0.4851591917727237,3825022740820666e-23,31110808453819645e-24,0.024090918502211022,0.05537407578119653,37037114416574806e-24
3944524005941824e-25,59594268178195605e-24,0.1727561358867069,0.2505041260985088,0.47665332994581483,26444748431014815e-24,16098893370483582e-24,6937611072668193e-23,0.06274154341050023,0.03734469275000371
16945535022331076e-26,50771836187899344e-24,0.05622328445498997,0.28846198430858727,0.5252361341799594,27535512570786088e-24,8450467194481136e-23,0.06942918956062935,0.0606491602213482,8429293532573041e-23
10910471282328652e-25,0.08239703155793787,0.0950345112856862,0.2868583213022687,0.415381827211285,9778291468927539e-23,2200142612718353e-23,0.04739189404766645,0.07292559785446298,10695865254026758e-21
3535174015032339e-24,11264893497434954e-22,0.18814974018982958,0.24786970739653666,0.44456961510736565,10655651702325157e-23,4674496841173316e-23,0.05073826676417291,0.06861988302794492,5150418635430445e-20
9095856973913526e-26,40577954521816764e-25,0.028730226331249317,0.2870281732773378,0.5179364199361551,3701022526124101e-24,5482423332811945e-24,0.1050851191487539,0.06122004148937183,6484884201384066e-24
7496621809338715e-25,3621905724547942e-23,0.001583440882844258,0.2874572338207596,0.5872314719001651,103443658787757e-22,8151090403941304e-24,2903447651365674e-23,0.050361363772341836,0.07336640512547865
10455116171194663e-24,14356577756419647e-21,0.12599642375361345,0.26863452768913615,0.510376454449822,5745343699959568e-22,19855777235835245e-23,0.006068137680204562,0.05969403885322926,0.02921527744959227
1387973749890084e-25,0.061374728290512624,0.05234868597943562,0.3203317315569325,0.5012211735036181,3821842307338231e-24,267308041791691e-23,5401380581681063e-21,0.06471826721571104,5439400984112493e-24
2497929274788163e-24,6423809467203644e-22,0.059902898917296554,0.3045170160196678,0.5770503147664346,27478830515988227e-23,2065090840123844e-20,0.00201031891313701,0.05649681402259921,1066785298170492e-21
6288064730214031e-24,0.08499584611468479,0.00021022378600393972,0.33197696902860996,0.5039450786701895,22822395814273318e-23,38914972626526994e-23,6153189136277079e-20,0.06238681502244978,0.016422911825001565
29471275266330377e-26,30615491166486935e-23,0.1355580005071816,0.2627989395802052,0.5157033347213794,7614807232117276e-24,50986446042033356e-25,10581017042954896e-21,0.057814822971275395,0.02811400203982235
5276034890726074e-25,2635143181869699e-21,0.07240772997620139,0.2796366168136383,0.5112958875934986,32149185267665284e-22,17582723857283042e-22,0.0730580085628052,0.06357914670380656,1500148835250969e-20
13955734681526905e-25,0.1045715932648018,3153360955472348e-21,0.30246323613380793,0.42236776358531497,17921135936821553e-23,20750828853017075e-23,0.09809161180074748,0.07250211566737608,1380718495307619e-22
2593389769692179e-24,829536282001748e-20,0.10299393612695008,0.2501173758213181,0.5443200282629075,6439377830166999e-23,8606901889444473e-23,33019653983095126e-22,0.05481311229543154,0.04774379710904731
45121967817150245e-25,8948504504009908e-21,0.03697019195668704,0.27965789457346907,0.5254714600686868,962283979094648e-21,49669216876076846e-22,0.09575478833843597,0.06211858077329984,12202067096360372e-21
13216627059280741e-24,0.0015609760409806398,4636818484253654e-20,0.24022724094098521,0.5134318669544834,31092547929351976e-22,3992871076217286e-21,0.18997734511166062,0.05474680664932907,22807762586812444e-22
62018349867829e-23,0.1590250081019329,20230729441384995e-22,0.25807999518501834,0.367979164821802,14097001442373657e-23,14159057528890923e-23,0.1426631183335846,0.07222930647664957,2110082729669168e-20
12327140818994866e-25,14181727755599319e-21,4376461182048572e-20,0.28669354381187784,0.6620540671375308,3025572170974143e-22,1638279979437559e-20,38976404286235817e-23,0.04628348231776454,0.004893884039350248
20904459571454706e-25,38091996762404574e-23,0.12521070674162518,0.23007320045385724,0.5378968168624105,1815832026096324e-22,11051378863405634e-23,36815252714144254e-22,0.05235473886568708,0.05446018044376475
5068209187600824e-25,0.1477818675635403,3295736136583755e-20,0.26906067171667647,0.31674242798716434,14702249285770638e-22,8263617837691434e-22,0.18496022437893145,0.0813085594194517,0.00011099447943906278
5183060266723628e-25,0.08640206276301318,0.0001355461166632553,0.27559373724264385,0.42108707697640935,2671297632317313e-22,18022323428107495e-23,0.1339817266143248,0.07116419294485687,0.011635209470782696
4235803754116807e-24,17507144401522392e-23,0.1316077812759019,0.24227529026239547,0.5238136847055865,21951574617136442e-23,37289777471570434e-23,0.001343170856291172,0.05480544815126474,0.046153853027803976
14484154408043407e-24,0.0003110219599049221,0.06980687380784789,0.25672327823161983,0.51863781994808,28277658258048834e-23,4919098840449971e-22,0.04864176494236254,0.058006004357812585,0.047872447581726686
7406390281606002e-25,0.049747230106447694,0.0696945426912197,0.30910463804373145,0.5050841426166913,24457765317125814e-24,32672393008479474e-24,9141513350767114e-21,0.06636000789146353,23926624952949326e-23
1210905971765844e-24,0.057074159627987876,0.08920174854103428,0.2705944553937648,0.41108591785589216,6702530267627284e-23,58431794893339256e-24,0.10258522918306126,0.06945117046116508,7192269096008736e-21
4821228844250167e-24,0.01778324125134409,0.22664439255825136,0.22616541069002596,0.404560189470317,16166299100737403e-22,45344246786410126e-23,0.058809632368154806,0.06597105091442514,6400785371596612e-20
10954496885965843e-25,0.050809583923386074,0.00015987221610410177,0.24633424048411512,0.3799182047433479,2702927416423811e-23,14418633970156767e-24,0.22479122563226459,0.06433952013156234,0.03364731032587056
9719965262260087e-27,4808358849039919e-21,0.11238151792798043,0.23938199833993218,0.4960986312571504,10289504674082976e-25,12694136949496628e-25,0.06896212444843176,0.058750099337073335,0.024420818022504082
6119550960569025e-26,6029401344804456e-21,11032701461683944e-23,0.23591146956647804,0.45031387632368786,24370289068630463e-25,3564740664650927e-24,0.22297775790506427,0.059446617327703,0.03134413308581683
17320716211987977e-25,0.08490627057442532,0.15827550620316505,0.24682125646044872,0.4435994211879451,3863135034160164e-22,1774694081509925e-22,24461409402403507e-22,0.06526462023397943,0.001129913684043369
33033398756050614e-25,2058693590599285e-20,34072357676052196e-21,0.23605074112600266,0.4623326206195875,14846875122042052e-22,8152938679598445e-22,0.22879989161673572,0.057029189792933185,0.015730594266442657
23152134367657858e-25,0.06906081992241786,0.16417286596705566,0.2390934002159262,0.46755914857091146,17676932866265956e-23,17765859370511855e-23,24007982451074964e-22,0.06010708500713711,3922775169734778e-21
9308359855529771e-25,0.12029154721422855,30344012182822967e-21,0.23926716646632143,0.34365057323927994,24542241982860524e-23,1536591174118678e-22,0.23141753998272369,0.06533631639185204,6112681039221286e-21
34666890079865494e-26,0.09626224253679297,0.07563212702842369,0.2639341194619083,0.47625304435053833,6809442038981482e-24,30137899250030235e-24,0.02841617766007145,0.059481136588350136,21115079657614425e-21
3406668233334412e-24,0.004475989911648886,0.1511366793463908,0.19435435389085354,0.4332913287485328,5988727301490322e-23,699746676029632e-22,0.14361688687176077,0.056856876892473956,0.016267751069625594
8491805826263727e-25,19697677730752647e-21,0.27473136589025227,0.1945550311367033,0.41493809623300937,2111307526418258e-22,7818984479292994e-23,0.04971812040026873,0.06555733360953525,0.00048006488268790117
17659994557566524e-25,18461281786661277e-21,0.29363036576287854,0.2043551194197169,0.4353027340007178,10650946036141855e-22,6770221461559152e-22,16535783236515064e-22,0.06667075623207937,19165841748181164e-21
5516722951474445e-25,4261871161661992e-21,0.2299460421520945,0.20055180548105456,0.3975690963540273,26226673649362417e-23,4345875447467516e-22,0.10671084879832196,0.06496449970661354,0.00025274823070229376
431554787626078e-23,14399245567381461e-22,0.3686387954875248,0.1838086954024403,0.375491973695579,15891310886746802e-23,8487458646887779e-23,31071045898847207e-23,0.0720574864599334,1050216273376051e-21
3835183756486988e-24,0.010224638917144218,0.32658895514372965,0.19915246231789954,0.33556900552632296,13504351785132123e-23,5070326606798624e-23,0.05026634998696996,0.0781975527932676,8457327025392352e-22
15929719597543255e-25,6482834137930423e-22,0.37352549502006555,0.18894180191025797,0.35899756438203784,46433455494190374e-24,26746529413224818e-24,10371387534347778e-23,0.07853379585314331,5160642015907869e-22
1179331144742363e-25,5901306549764953e-22,0.3789881643642334,0.18063287291730193,0.36227006602088585,40632044545457736e-24,22036408278981712e-23,6233168798638647e-24,0.07810778623610473,252983571298772e-21
32894765214004514e-26,6449361447091176e-22,0.38779255107880006,0.18606209002416638,0.3443371669323949,7174502831728156e-23,20852683086331283e-23,26699317985724486e-24,0.08180698132789088,25840046767814647e-23
17458530004165457e-25,0.06362832313544582,0.2947172024265994,0.2256902077444278,0.33426184271154374,25969479135755006e-24,10880023022624494e-24,4898813377772693e-23,0.08170224585981138,9053868492843488e-23
12731006664789235e-24,0.0007435551421426136,0.1502677568414882,0.21313905944141895,0.5102604965221127,10235427028692842e-22,6855908217028318e-22,0.059537867881310505,0.05097358121696683,0.015075961090029179
2545421755572319e-24,0.008886277999145268,0.06793983959927366,0.15050148882856293,0.6466184348782966,28269122622925465e-24,9504668281860847e-22,0.060742151283683515,0.04197682452254274,0.02333400160712177
14506214658203227e-24,0.0008057612213444275,0.20357250729735152,0.1314662434133425,0.6089650870688024,18671012097374613e-23,5525307299507693e-22,2694213858601697e-22,0.0549312861929622,0.0002580916379249013
13876117371858615e-24,0.003917723996770149,0.2272848750926322,0.1325961790652375,0.5794306386109355,4635528443811349e-22,2310384024480924e-22,6613380102206749e-22,0.05652790680257542,0.00024130662640556175
11870530148927515e-24,0.0098073824849682,0.2365767993088521,0.14620842492343775,0.5463716188076898,1635954130848997e-22,5634319195971628e-22,2943682067758043e-22,0.061005087175937084,29654033111068802e-21
4505917076563286e-24,0.004623501198343733,0.22375012154034638,0.16745188261834282,0.5434280333289135,7687428361307159e-23,1529933025218533e-22,8070940416094965e-23,0.05993540163277059,0.0008107445985170212
1611437758246822e-26,0.012368075538219671,0.2468990507193897,0.17518000834343192,0.49730170607092106,2361754281416889e-24,7473703042600608e-24,22300785787518106e-26,0.0682508738968423,2753567246096427e-22
13497261912938753e-26,0.023779758199844115,0.17353908660058834,0.23799384158405912,0.49502197838924317,6720837194132079e-24,313236953306517e-23,9284643187169236e-24,0.06965786586012616,7450093341769852e-21
14045831569392608e-24,0.17975803758870662,0.3743473932974723,0.1762976219327197,0.11359832759509621,9471456337348326e-21,407008380058347e-21,0.058065506225464254,0.09792260361705114,6172330356856828e-22
18164284741042842e-25,0.22860148716555181,0.5750993380168802,0.09589474379894944,1682523602139526e-23,5935338153706293e-24,37187231785728718e-25,6433002351944753e-24,0.100404388139584,8150305385082908e-24
548068319267085e-24,8499460307833238e-23,38667300256596554e-23,0.34855459749930756,0.5055136012512836,1057129000041379e-21,0.04936587476622247,16148459184819144e-23,0.09656418630866011,4934485283356212e-23
14446812894066387e-26,0.1311023385004967,18318995884410687e-24,0.32904563032783457,0.2115597246610549,66992657865942425e-25,1280990928634156e-24,0.22690313445884316,0.10138896867314581,176934854513415e-21
49615428812621786e-25,0.15229409930606602,0.7107546566658057,0.026462275630553343,2410121893015479e-22,1365405246830006e-23,3650690147277285e-23,8300657878655122e-23,0.11048857193683205,17319189442531697e-24
28678929056662304e-25,562319128998388e-22,0.011182404598565938,0.3566222470392455,0.4989583953888447,5500186677166321e-23,0.03242474553739252,23067407718391463e-23,0.10081180667994077,5598034214845012e-23
4687305333684436e-24,112707836274757e-19,0.42456544837280497,0.24163306140813243,0.2141287980818877,9435191792765284e-21,31091103621536286e-24,1322298965295254e-22,0.11965170638704412,11176641685855564e-23
1075253754188612e-23,0.0050970605725908676,397330616758901e-20,0.3301819194362053,0.3634327990232939,0.011465398055436837,0.024746744003927908,0.13968124346978328,0.12369769335770237,0.0016931580224194141
2447146908274706e-23,0.626442198044702,0.00300700662419379,0.25849253249906373,22923704106212337e-23,6102653568059027e-23,5249494086274074e-23,7392806580906611e-22,0.11205704610529055,11021519556623219e-23
3032154222722956e-23,0.24229846561408241,38137850109478124e-22,0.31347443379742784,0.09964248732373318,1461757939700837e-20,2648476077499145e-21,0.2124769194704682,0.1320809106711524,5672961109990418e-21
8271490730424983e-23,0.42953760977016686,0.07526448176474923,0.2451636001506186,11431530700251871e-21,5015829818623435e-22,14098970552875548e-23,0.12088411131947842,0.1291379116692969,128507406972053e-21
803239361093887e-23,0.19455930293766235,9794454765238989e-20,0.3218529961516988,0.20794352996281065,5994156776679526e-20,4483832661856122e-21,0.1317295267840644,0.1437465962410584,5669942460828559e-21
4722502325744746e-25,20579682387314763e-24,2681177723763017e-23,0.32423770617496633,0.4556079592983516,17920133927566666e-23,0.06816765174791609,2643578957736009e-21,0.1519838094341556,27006213155324457e-25
2706549791976154e-24,0.17398400275095946,0.10336947926209648,0.31713991570699995,0.23511254211002652,10664717767311029e-23,15618248595606406e-23,0.00984641928898311,0.1605470399587107,3353859769418813e-22
2615388509484415e-23,0.05717292554072462,0.5713492638739709,0.17366141695739248,12373517914917101e-21,5454673025320573e-22,9500831016628846e-23,884616964087954e-20,0.19779442369425349,8361660282986593e-23
3246087606963934e-24,0.1253860462967969,7664157013750146e-22,0.32605153874201226,0.16376328930933431,0.004217960957437942,4344566781194793e-23,0.2357898257433236,0.14479040442106528,1214227130219745e-22
10716038709241764e-24,0.1924299048811087,0.3879905499411229,0.2226005998061137,6758046577737373e-22,18234058298773525e-23,1563141984461398e-23,0.006962447064783127,0.1900155973943273,164198971800155e-22
3444369124330813e-23,0.2508775360714679,0.3902336288873093,0.18147699644602266,6694373049937066e-22,4781117463464354e-23,4913287170536161e-23,0.000880163474926381,0.17653083999876107,3429643020083427e-23
2821084557112953e-24,46199024009929274e-24,47075707341663564e-24,0.3024643805602836,0.37831548245699054,25428278304848677e-24,0.09314374912879195,0.06139327948238998,0.1646829634952903,23352160627573044e-24
6986181995397328e-25,0.2713688969724702,4360633005698984e-22,0.33096343170664677,0.20272119858289808,4485619595657443e-24,6171746364014357e-24,0.011636541560265137,0.18330948016112641,3597153722365475e-24
870904385265878e-23,0.010647279588440781,3805050853454865e-20,0.3390920406895516,0.39790325914817143,15381088726255768e-23,0.07371434658456917,2857211040268421e-21,0.17860194481450045,5893540339089911e-23
11099191199696478e-24,233011729159541e-21,0.07011219700592412,0.1605673014989141,7773174507823863e-22,0.028059159814845254,0.6685186225623766,14397197207998468e-23,0.0723664664631271,0.00037508725448748715
2345200225314916e-24,29478421724369284e-22,0.16726845494885664,0.026664369494354506,21939200245615473e-24,0.07613626875619807,0.7093240675516046,2913362598594695e-23,0.02060337103099824,46695779714681627e-23
552575897087145e-22,2920184497987911e-21,0.0731162709573423,0.23232074686638596,8590949986103831e-21,0.11233003984005979,0.4802807583379988,4756306579083538e-21,0.10193567516387644,18613567578693144e-23
1937543301799967e-24,0.18623913781813442,0.07958334209411878,0.025378106711641587,9969085795360436e-24,20609801850387664e-24,0.6658983570796926,8376548283798863e-24,0.04290095407490369,613275526569102e-22
0.0024696030600884562,0.15545758381108163,0.22680167180674746,0.2485070816968101,12280366946020654e-23,0.08818166974185801,0.0003394343604441654,10254449276741683e-23,0.27824222657769454,5035971347113134e-22
31248984673764125e-25,25973554811226577e-24,0.03885223570246123,0.421797941688239,7138233576596377e-22,0.12445409770746091,0.19594935571058106,6907113788030004e-22,0.2189448448709848,9068657082349731e-23
