23308280917399615e-26,7350265384972297e-24,0.35191323058240825,0.19870340344499351,0.387683130274158,3314060981570517e-20,4749736755630795e-24,28987498380982e-21,0.061667051426068265,2342051124826324e-24
39811160548445104e-26,14253250019238298e-24,0.32696681034068814,0.2090294068869501,0.4031201861379646,0.0010220815377636196,8566121698929406e-24,4372557528682523e-23,0.05986144375749854,4398648080024118e-24
1722089134545189e-25,6860390634406378e-24,0.3776764393781953,0.18174387036940493,0.37761444452683024,15101839685174802e-22,28845450812084694e-25,9528222493771572e-24,0.06296371454777623,15485872900257886e-25
4294505095725978e-24,14701525879551448e-23,0.31532562190045776,0.20363173630632914,0.4262701645005537,0.00015112307851104486,8853305900735504e-23,2428286458904639e-22,0.05462082366330183,47917093044033224e-24
2743772578837641e-25,72769108456222245e-25,0.30248713172483893,0.21103509077133398,0.42544557518821463,0.007313547567431506,418569300944228e-23,1946706453647925e-21,0.05371669499185608,13500089494545944e-25
1987981812810025e-24,6128111004751985e-23,0.32986889057591173,0.20618143174910952,0.3951964571335532,0.010028910217733963,622514462231022e-22,10992507907792138e-22,0.05872306282546001,22760822323236657e-24
1510406877346839e-26,5171712311534869e-25,0.30578893648528865,0.21378338433124683,0.41957896812702294,0.006037710216954611,39422645430243137e-26,1492494766572642e-24,0.05481099823969459,18060495350988192e-26
3025613847602728e-26,9863472825457276e-25,0.2977172915452821,0.2154553570556061,0.426902218686882,0.00660473573474688,7454025188075678e-25,15001051159038763e-25,0.05332039330732554,40809576761149514e-26
20526576048883945e-25,7876898087456259e-23,0.2946686983527186,0.21974781797108553,0.4255312981199807,0.0061969661146349456,53217475746407175e-24,10944014701476655e-23,0.053854948189973745,27773612191931118e-24
45832285230219854e-26,19778306436896238e-24,0.3202592859218034,0.21046799917921402,0.4164006593965643,8701697740942237e-21,12886300035986728e-24,42648646247006494e-24,0.05286327086621958,7166794647534091e-24
39496118297045266e-26,14650301163839964e-24,0.3405439485953334,0.19190791021615095,0.4170228357137153,0.00011934468355306177,12491911564623982e-24,44160734766820206e-24,0.05040588255109096,65423141612764835e-25
3467704030842316e-26,5066287013858368e-25,0.30514968616842025,0.2260263619819316,0.3981704685201948,0.016600875839150975,8658380662191326e-24,658181247874615e-22,0.05405253069285686,1779409857888502e-24
39535454533332583e-27,6027261001160725e-25,0.30654287851408124,0.22217357465989787,0.40522787284503975,0.01208012321679248,794650538762196e-23,7084882800340583e-24,0.053975533189603284,19009227317492683e-25
9168209104690237e-26,39367365453667285e-25,0.29979651479622504,0.21992527876727758,0.4291116441166668,0.00021768429064556154,28972980744693352e-25,6229798404407627e-24,0.05094886309591915,17776825216235906e-25
22103353870721355e-27,830807160998362e-24,0.3006494329773841,0.22320985505638524,0.4206492452183246,0.003153023285864319,6394020882264876e-25,15165950460683878e-25,0.05233844011814239,33502439271417714e-26
19070374566630206e-26,8830166049987094e-24,0.29277957504752167,0.22290320779134984,0.4229114520469006,0.009952433983133366,7906861373609787e-24,3840537593496402e-21,0.051449470420184176,32456866287352196e-25
2200262050049357e-24,8356409566722876e-23,0.3012305805527987,0.21764768937904377,0.4291022155818687,0.0003126065492450704,5966689500224184e-23,2071039451903495e-22,0.05170652188810356,335117549292957e-22
222576733709192e-24,756490618058383e-23,0.3418876718221105,0.20122538328086023,0.39891749073162713,0.0018319843477275712,6091288140112945e-24,11938621700233522e-24,0.056137441033111274,2967002090994245e-24
582575658081173e-24,23090593048240575e-24,0.30823467445421454,0.21394902173475325,0.42458239680055415,0.0008310027546678657,1503469995336337e-23,6580580036895939e-23,0.05240279124962552,8491420539354166e-24
10069623084177935e-26,3648254120583533e-24,0.3187335660205562,0.20118102256736586,0.42700333644844823,6990392780774281e-22,2213855411037004e-24,8980776537035168e-24,0.05308135960417947,13765079820885106e-25
20395997785260325e-27,73074697929787e-23,0.3361202005001828,0.19834584654247306,0.4031022370540101,0.005657228520446385,9539229187777543e-25,706239109559143e-23,0.056774478399112024,21647087754415036e-26
6242742258769732e-25,26283232175753214e-24,0.2917897001887534,0.21241107226941242,0.43550778540912416,0.010145905624007408,22927303775262434e-24,74010888121739025e-22,0.05013807951561838,6069522362530115e-24
2924378296787635e-26,1110298206717683e-24,0.29286101580681906,0.2208975884216069,0.42905679452047474,0.0025990491334964396,14846463102359575e-25,17518839050651867e-25,0.054585547372386176,36948048836126686e-26
3219543845697661e-25,11583783631759166e-24,0.27998657214738376,0.22512405223941234,0.4422334193178409,0.0002649018797485853,9142233201288951e-24,19357814205447677e-24,0.052391009598955166,4416449886165094e-24
45603736595079713e-26,3554825186750206e-23,0.28646176010579394,0.22153182157283188,0.43923360428228847,0.00016956859806910177,19940021954256494e-24,4878880074981149e-22,0.0526026958858053,5729616027473642e-24
9745644070248634e-25,49129601754923196e-24,0.2700520569358662,0.22464584185153394,0.45569928194279724,0.0004739417163085475,54705560417873466e-24,11939685355701697e-21,0.04911681857282691,14485986637544537e-24
843675835684216e-24,325075223361558e-22,0.2753447706463247,0.2216819369984674,0.4536101412076357,3254603268602646e-20,2101139992474832e-23,30665940183582116e-23,0.04933023160304246,12489797008525604e-24
6705969408369725e-26,21456313559822022e-25,0.2955799037116727,0.21067221573716133,0.44376688621567295,96185005563084e-19,16392774585959507e-25,4152100249286444e-24,0.04997136718310343,6499119737020267e-25
252438817913055e-23,1288566676366992e-22,0.2887530813755958,0.20072290313366395,0.4659738481219292,3229898990230845e-20,12627973125556235e-23,8405904226405935e-22,0.04451676121278747,47633743321590864e-24
11483360531813629e-26,34092918560555863e-25,0.26597568677311073,0.2198210297878307,0.46415650753735144,0.0015879357882111844,3352209955786488e-24,69202436744586264e-25,0.04845882470313299,1613565078948155e-24
1150784382813789e-25,4989608879602265e-24,0.26235284500601064,0.20768525532890547,0.47157512416340436,15550994164119326e-22,2826158848445248e-24,0.017278332316356924,0.04110687832576538,18293949631347434e-25
30263827775406856e-26,1053748996953666e-23,0.2932561836945034,0.22728942279687495,0.43203174043004067,0.00023466427947305786,10303829794914771e-24,28742030260726148e-24,0.04718793425091916,4665179094498597e-24
3730458557043344e-24,11723572200453004e-23,0.2834322957721981,0.2262596147768137,0.4359816560697798,0.006795762733473172,40564638281356656e-23,793419339470026e-21,0.04752932876154931,2185517621236279e-23
45423457265238553e-26,14616849664048697e-24,0.2556649682020374,0.23257062230631662,0.4539173676450407,0.006032060144276268,1381588817706124e-23,10147581197790317e-23,0.051814845916258484,54735389163257264e-25
15752924512037569e-26,4927239134499708e-24,0.26507896700723355,0.22596597741492963,0.4563558354585535,0.0012272864589537213,35235835973821176e-25,74353557573144274e-25,0.051371915606919547,2002567254444117e-24
4790775868962667e-25,30891637956162174e-24,0.20538322960969083,0.22046354866562554,0.5361771527811255,3309857613717645e-20,2320628339663003e-23,2092151312525111e-22,0.037942697503282656,9275371301313526e-24
37683859107995774e-26,17212965100385093e-24,0.2415653201900737,0.19069470578902756,0.5252452546309849,14029723338303789e-22,9155497395675689e-23,7552172033015571e-22,0.04249244342908013,8627102810004334e-24
17985803202006678e-25,5961846615168826e-23,0.22284451118893425,0.21025478922249063,0.5209542197221058,2706135036835134e-20,51352368744672874e-24,3016789688669204e-22,0.04591897844979953,25618218197787178e-24
20803268171478026e-27,5740840745328669e-25,0.2304505700636239,0.20326398814384575,0.5155425832600236,3936586664647266e-21,4334871741987323e-25,1052162088797859e-24,0.05073891959820769,2666845146492284e-25
37246512847613197e-26,10441404080463541e-24,0.21746046689981532,0.19994989691650034,0.533893976873749,8090633895590151e-22,9814079563071273e-24,1610262449804662e-23,0.048694808344282095,5171377692117945e-24
19092468569560935e-26,66525266589820786e-25,0.22346993208746257,0.1925774362115896,0.5276672195441058,1694302196941853e-20,6403822673830855e-24,34146144531056954e-24,0.056268418603541724,3137455273659027e-24
8722579821400645e-25,1833247233963517e-23,0.22458298306432614,0.1801370158289537,0.549217209608914,1855619567247375e-20,28943496228474677e-23,8471116551002052e-22,0.04604307719624327,2954421567711081e-24
11765724638072836e-25,17785941556788083e-23,0.18569363344571935,0.17871770723093128,0.5930231974861405,4579221068419493e-20,8655272376722486e-22,34002838734333604e-22,0.042515219997677954,11799964381369505e-24
3983474849668572e-24,11535425704482982e-23,0.1772561750390788,0.1872792434190726,0.5913458707818448,478228465013337e-19,2372774378511682e-22,8371306686129921e-23,0.044070340735977126,10689568153136843e-23
4009881887630873e-23,7338665923231132e-22,0.17065257154151167,0.17816430797101748,0.611489304022626,4155143536261783e-20,10706423745634422e-22,8788983237398155e-21,0.03964152698310909,10445980995277e-20
2187252818264882e-25,10818394846490513e-24,0.17998800251077787,0.20784481985964426,0.5643381329967528,10972747372914386e-21,2340587832763213e-23,10804543249000614e-23,0.04781792447027028,492729393453945e-23
20567072341323614e-25,8400171365159971e-23,0.13618206362844712,0.20990756051056111,0.6131176492633069,21515708197776803e-21,22951807107434291e-23,203370773197838e-19,0.040750511875016125,4636041107155772e-23
6050333998210562e-25,3048660170682608e-23,0.1486652358978062,0.2072038257684713,0.6011251232178455,42988096662123444e-21,6515302344638062e-23,4828762824433813e-23,0.04296266713805671,15348391849970856e-24
4547892385745237e-24,7673038179872965e-22,0.12924274567400323,0.21381786165069794,0.6150878623017949,25890474186268577e-22,10796478763852385e-22,6292758047383193e-21,0.041840720483374984,7665323523994445e-23
9324206402579339e-26,4345729402736401e-24,0.14729728359017902,0.21183828655368445,0.5961893896284816,21601057693614967e-23,7197477872731892e-24,0.0017548664202623216,0.04291994422395645,19363432197938515e-25
3397535483099996e-24,5468635189240679e-22,0.14403069710740435,0.2165584789326086,0.5968737907170938,21980288709155544e-22,15704779093554547e-22,26326566743317442e-22,0.04252998542636785,9639201678890561e-23
7909423813120694e-26,1448016940651888e-22,0.12170425129623515,0.22648219843213704,0.6118154660598806,9737690993523473e-21,29452128931269146e-23,2662726065514856e-22,0.039987627992403504,12966012015783694e-24
5166595540845753e-25,17958570244440257e-23,0.09663291326598179,0.23275196124439634,0.6232933697086042,6999197513654024e-22,40201967309372105e-24,11694134951875819e-23,0.04732071538662436,32287990819123418e-25
1548018858630649e-25,24915615284114295e-23,0.09126208299838084,0.22602741744080765,0.6356485481886051,2110042029242166e-21,29199663645039113e-23,2207536164363505e-21,0.0470570889206848,3565723428705948e-24
13258289615477175e-25,8353337710453274e-23,0.09427624200165362,0.23211238434406983,0.6262191810016038,8753456920997433e-22,18871156220238815e-23,5653310521958009e-22,0.04739045930731166,19087442395493308e-24
15020460446997192e-25,8145785806081565e-22,0.10088175945847178,0.22908332877133075,0.6270658945424586,51255137571068195e-22,739539520405349e-21,23364745334028601e-23,0.04296206216821771,4027816192112645e-23
22458400790424223e-25,33167444614629554e-22,0.11722385494751206,0.23159592677858765,0.6037536119765002,9163958633997182e-21,15876475797605303e-22,30361037420195214e-22,0.04740946616910402,3342848016820798e-23
12593353547195527e-26,520165610944586e-23,0.07175094347923143,0.23383201135727105,0.6436702799494677,6797283176079784e-23,7709749281886368e-24,61214417478220695e-22,0.0507405611175076,1646626142538527e-24
1989691464411354e-24,2903555017100521e-23,0.04516435897334971,0.2400570459383973,0.6697688675861146,5833175134926042e-22,17333232944092423e-23,0.0001257240762996399,0.04488317738652212,383645240791658e-22
14537888348085938e-25,16591637872101169e-23,0.06766663004602175,0.24441893758996258,0.6406991802167327,6957608765405918e-22,8538949197049494e-23,29663353348161725e-23,0.04721398809897266,1889688180174292e-23
8651283321533029e-24,5910054892759022e-22,0.08550627343401414,0.23697910602938663,0.630332529358487,1264112423222177e-21,1996565252281294e-22,9789828482409037e-22,0.04717902178816783,26981042757852487e-24
3259379382861183e-25,14230150870539227e-24,0.06220196861290405,0.23674877134403366,0.6546702946598294,20384342020156686e-24,10810405016079771e-24,0.0007162762755590279,0.045662638837136706,4518976773324889e-24
19708528793921245e-25,5362517810502898e-23,0.033775893617805704,0.2543907128063396,0.6666141654318043,107969817538855e-22,9084985809427758e-24,5230142208862906e-24,0.04521914633794994,10979486008065552e-25
4243822399944775e-24,20627324613786268e-22,0.0452368124850733,0.253264748790699,0.6536133767521872,30026989553816872e-22,18070694261764284e-22,15044655252225174e-21,0.047863005701001014,1348797034877088e-22
5600683907450699e-26,26149011100749134e-24,0.07567287751762275,0.2490023229282126,0.6252841848938484,5604642573158927e-24,232697633869983e-22,4789480643304831e-22,0.0500400781177377,25160891023207324e-25
29364619411361623e-26,55227162542068026e-24,0.046475175940051565,0.24627661311965235,0.6598017726486849,36513654277189594e-24,5922177866490415e-23,0.0030633127396733077,0.04438296076311172,13532594555521929e-24
17512205360840093e-24,11162952634035783e-22,0.03805663753151043,0.25324369865838114,0.661903421064268,5413115542033722e-22,17028155757735946e-22,0.0001386525374370202,0.04665396757143777,2447015493292476e-22
21158325693772395e-25,22487357424689064e-23,0.07807320352407367,0.24351343584952934,0.626294652146501,111726660654646e-21,14707205793694592e-23,4350217418478796e-22,0.052117766667640106,2100505459657316e-23
22480523496703659e-26,475492364130381e-22,0.02451290094662238,0.23506311437179206,0.6826646065073942,1811978358422014e-22,1623079439791572e-22,0.016782731115169373,0.040976199991389115,55788811089107575e-24
1845263731057176e-25,18534070916561582e-24,0.06099203243389576,0.24289091844924604,0.6287543933597238,5549355840156844e-23,8094570877719078e-23,0.01969739350064313,0.04766509016392142,16942032647850083e-24
7925456186146951e-25,1558433551292819e-22,0.044706786685762896,0.24309591223599789,0.6671542350943587,2843279556604759e-22,3252701428881246e-22,0.0007621806805563035,0.04428009452424116,24542281811864718e-24
19339253212587174e-26,7309347234185179e-24,0.03773434412698942,0.24782866483299457,0.6758625877046954,7126244451112118e-24,8201419709157986e-24,0.00017683366518701327,0.03839754239440517,4455926155285802e-24
7423710859873207e-25,186220174065674e-22,0.06724088238115743,0.2577844580657592,0.6332238392147981,13647623542150452e-24,10455382479350218e-24,26010842379092618e-22,0.04174815742127515,183653674030178e-22
12888176992257017e-25,3799285840007661e-23,0.05210764672575481,0.23977064584608276,0.6689556371578819,4284989925799421e-23,56365477530734776e-24,0.0013925389038312423,0.03777336350594883,2936373774518533e-23
5242635126410431e-25,13789999771245835e-24,0.023896360569672138,0.27872976702847,0.6536850584534458,13708861182131181e-24,7964728159154994e-24,0.0010033052776813871,0.04268546481926004,7859173937509635e-24
12974068788976703e-25,34006849064654637e-24,0.026766987769827152,0.2720197495849863,0.6581115056269682,11206687338139158e-24,16733591236462556e-24,8871342556996081e-20,0.04301296932347868,11024695842331795e-24
19808508356817345e-25,4106971618306771e-23,0.01605658041792924,0.26783559636578125,0.6761751330837199,12243769948568821e-24,3238901820610564e-23,29012441900735703e-21,0.03990358161899881,8388439601367862e-24
23071052231354038e-26,5065154306736991e-23,0.03429628116904734,0.2669536271382681,0.6586772682059715,6289805916039809e-23,27607760809176233e-24,19507336273881612e-22,0.04007070635199887,25012938067715097e-24
34831964972298485e-27,6729854952211948e-25,0.03497729897832987,0.2699018850580881,0.6543082852960413,8001250492920607e-25,491654121387515e-24,11499187792371598e-21,0.04080102892338929,557843550335567e-24
7251190450496456e-26,2155972921142044e-24,0.030348360214860592,0.2774809016717019,0.6511532205352616,1213775293950262e-24,11125311779139609e-25,3752461338166885e-20,0.040979987730219415,6794360101936667e-25
4729527843775545e-25,4752227295782388e-24,0.04922479905943344,0.2833537685406732,0.6275412106330094,4355342143925626e-24,2676511786617281e-24,6007126538815571e-21,0.03987420019962934,2183697030651582e-24
9522929924629403e-25,3878012942962779e-23,0.026230950024566206,0.27416423342461255,0.6455681602084531,26140767432326646e-24,1720567841067561e-23,0.015782818262488306,0.03825373561275042,193874706145746e-22
18981893550388094e-25,8112129420509242e-23,0.00013271296675338188,0.24753083563248643,0.7287267688170879,4495220371535568e-23,4577146009246198e-23,464972328207093e-21,0.023504513188590228,0.00010453067930736755
8522208174529311e-25,13130705224596559e-24,6485965002590996e-23,0.24438749615067576,0.7330732119389265,13795808356658117e-24,26978650585940356e-24,395278897708804e-22,0.022535247070335822,3885694748908815e-21
6025649473384481e-24,5899057937602292e-23,5278714321989403e-22,0.22495313368272268,0.6983086697478273,1640172286478259e-23,28445245683723775e-23,2216088575920965e-21,0.02575789476176465,0.050977191977267564
15623673540307401e-25,3144088767204273e-23,3365718804309974e-22,0.2864259986390942,0.6780627023503213,10009872740247643e-24,3176574861404987e-23,8479356467316294e-20,0.035425905672358565,18842299750759133e-23
15719348555498648e-24,10504456387901503e-22,0.3123805296888133,0.1932608458856572,0.4430337064168699,1662097530116472e-21,1828707872825069e-21,468344459902535e-20,0.051289144554276335,2653303949698687e-20
1693065790619778e-23,18372968409618141e-22,0.15479572967762453,0.26138584220180006,0.539434748499862,1561079965198621e-21,4507651584442058e-21,5232630213355629e-21,0.04436992975703726,5942746716315813e-22
13542151060367249e-24,20801708395645477e-22,388502181312169e-19,0.2878642545343661,0.6812641114845304,11308410638004362e-22,41471206690554205e-22,0.00019607829336328785,0.030604554587177965,24779210592350905e-21
26443919634711876e-25,14429924416773185e-24,15927300756439025e-23,0.29085081928759265,0.6766751703816154,3252477309524047e-23,10614940785351197e-22,10166817558346526e-22,0.032471620978229025,10230457037725335e-23
5407748326167457e-24,10437741914480086e-23,0.20614698422086092,0.2553970448457726,0.4891850712175981,1781335929536904e-22,8337114938278437e-22,966243850760866e-20,0.04926006951138118,4613559037619381e-23
14587941859019247e-26,25673536863590913e-24,0.08655559093012519,0.2824770524855454,0.593081446124992,26165468799309788e-24,433123374390403e-21,3365231936107221e-20,0.03785164561406206,12741772209722197e-23
6410694343691489e-26,2918321080074339e-24,0.1659609144537641,0.23925291434663618,0.5217196672602427,2361243058031324e-24,12165538157081197e-24,0.032550991898108034,0.04051548391745796,10615031651635945e-24
10495629385774654e-25,2543652380341375e-23,0.3762906797353888,0.17588352615658095,0.39720200275020884,1494675713510783e-23,8248725152351473e-24,9133231799452764e-23,0.05062363669133717,13652621518668156e-24
2343241115717928e-24,9098961298184223e-23,0.2857155883357228,0.20692060199512194,0.46324955847111143,7218678192307187e-23,4431063706877758e-23,9417664911641742e-22,0.04411270467498139,39492630474065656e-23
43907467235741443e-26,21633775842592957e-23,0.3246632242577579,0.2054942441338768,0.42165317253925444,1657136935112606e-23,18586131425082705e-23,6802728035818149e-22,0.048187671884147465,5902239048871368e-22
37021959079615044e-25,5995979352082659e-23,0.008767732856319219,0.29336751734532773,0.6710917788692368,8992936767407245e-23,0.0026860865331900666,0.00019481092117892016,0.023890825288603645,10945925342485482e-22
22888638206244394e-25,5243421108693835e-22,0.29923862445574695,0.19902325111687727,0.46078751942301255,7062416877885083e-23,10912098324901152e-22,18352308538443536e-22,0.040860787323486546,8629398468177696e-20
4541910063033379e-25,16608968054374542e-24,0.2586462246699343,0.2085941199341836,0.4952846389871935,9941987291522327e-24,17796845809903844e-24,2150068643789229e-23,0.03747492375667757,26349248034208477e-24
6919769310507106e-25,1734764931144573e-23,0.12800080244177042,0.23157862923045996,0.6162270419504802,22296796012776227e-24,4515781008492979e-21,11643043537811279e-23,0.024188661742783318,19208666177984463e-23
2869881697862058e-24,3904408366420798e-23,25655018209657222e-22,0.2487923137918109,0.6948015861146868,5746522968440162e-23,0.037850885063408245,6113778900476141e-22,0.01855160362929609,3351420483132595e-22
4952663421166539e-24,27357086878367336e-22,0.30954597409819373,0.17185566465530153,0.4843273020661216,13143643814103476e-23,9113866751566887e-22,35080723315852685e-23,0.03426438289316291,25419959370384887e-22
7390778735804139e-24,17056798111748718e-22,0.22038733734144764,0.19422879706389046,0.5558649591654922,15805190625283769e-22,11499191928570906e-22,8753672716998594e-20,0.02940558807213047,2133812039050299e-20
21770583539261774e-25,34039394917410775e-24,39570557088856005e-22,0.2714627840633346,0.7093271584634823,6270505236870111e-23,6366801761181216e-23,7896627150437343e-21,0.019197910540296046,13066283516866315e-23
5043558126372459e-24,22315968635841217e-23,0.10606268954314958,0.22201617272965948,0.6332962397859501,18329772376825688e-23,11720061466988905e-21,0.022496323418709368,0.01611314177991654,33011804697979406e-22
1028315769958533e-24,4351955408013745e-22,4445543627265547e-21,0.2969505355818185,0.6833435767072483,34608410937828684e-23,274281046165363e-21,11204983228437415e-22,0.019695374229722454,3890851085464187e-21
6563281261492138e-25,1198590100965919e-21,0.2720952771665805,0.20030669187490252,0.47327020739814535,10063183631687101e-22,23204942055813095e-23,0.017288661634289697,0.037029800809025376,6923502848755732e-21
88563853824936e-22,15754764128927032e-23,0.00047497126428762936,0.30962926280499686,0.6628998941810664,24114530074478687e-23,9570554095641483e-20,5678155267746172e-22,0.025461594815017946,0.0014375960287813768
13200298533769466e-25,3212149560959045e-22,0.02417416086971433,0.30356128563207607,0.6451518523873946,17329733085209137e-23,9105307053850636e-23,28264806429224246e-22,0.02710842302948892,8647152809042194e-22
5768291178388817e-24,2102019692283531e-21,0.37371609287979124,0.18903624086109508,0.3899267518101635,8089984063808274e-22,1516526878179151e-22,434143758937678e-20,0.047307775040484765,5729531793922157e-21
1500554353829291e-24,3323134005627489e-23,0.08613623388401315,0.2854547816093757,0.590201012846591,10250710390543874e-24,3762513179692848e-23,5789466619375268e-22,0.026106529850353596,0.012100780255924573
20567610098230144e-27,13473025758942029e-23,0.22141254623949486,0.23380623235665066,0.4829532619983152,1947881501115998e-24,13830236249373456e-25,0.02524530687790754,0.03657155901468819,1095543126337624e-20
5031498063711787e-24,18961092548128012e-22,0.1011030437506121,0.2698282700916493,0.5865979785095013,13293815021636412e-22,22127710617641543e-23,14212772246559389e-21,0.0420971524391744,0.0003558906374299389
10310928382445642e-25,13250779740430328e-22,0.20826014588499642,0.24556296502129413,0.46498603055536336,1736397140124482e-22,1314966488036793e-22,0.023541567892631926,0.057647474080718644,18531952271683385e-23
11638359528096343e-25,39293950299079775e-23,0.18726624989280424,0.24379119563753815,0.45704842560393366,11000350015033162e-23,2798702121002434e-22,5836999318094898e-22,0.06393541672375079,0.04795734630624355
2481329670234417e-25,33263311907734974e-23,0.06494999761147499,0.28843140075979107,0.5125060374893895,29388535068056076e-23,3875096692178013e-22,0.07196029865174394,0.06215105752873217,19368259446844618e-23
2312040552524714e-25,0.0985693975223256,0.10287271696216563,0.2891655335757039,0.38619474813779925,8545852207214302e-23,31653413434873e-21,0.04732036546040705,0.07587491743889285,2204413949726203e-21
2422367449062303e-23,5274351666213189e-21,0.21589784551817548,0.24179220453043748,0.4207410795911451,16311803450123734e-22,7368717345027385e-22,0.05051455588465276,0.07102172591244092,24933917373985356e-21
316019354967705e-23,11691502906104978e-23,0.03816876717513041,0.28560184553363394,0.5019588836197347,231246185341642e-21,7043626395531372e-22,0.11134838287155681,0.06292055555532493,5095605698992743e-22
10535113094856924e-25,305731704496026e-22,0.00035431596394377984,0.28502682510972216,0.5807888225356563,15345562990623015e-24,10963350400352203e-24,2771114702309293e-23,0.05044749938039933,0.08338245136406758
4456436947201439e-24,12875628310465425e-22,0.1470686874845501,0.26405493170123356,0.4935365571546042,16236239004113835e-23,8703835249985571e-23,0.002096502244006611,0.061458362449964145,0.031783417545763915
11921267567745016e-25,0.07202273551867377,0.05533563570467917,0.32368652633911443,0.4820052487502389,19230054528627894e-24,13173562092382028e-24,23592545559678393e-22,0.06694743983149132,2100533232204421e-23
25161761110278055e-26,2106434791447249e-23,0.06797906642596506,0.3039866050692717,0.5705730671311228,969595963951278e-23,11865071916358511e-21,0.000124444244125979,0.057324848078216334,7296746600270999e-23
2964232265813989e-24,0.09996343566969627,10267429783488964e-21,0.3356223925974751,0.48242442275606773,9041114126861414e-23,9745621947588727e-23,5204900965245985e-21,0.06469986010550308,0.017274225708727164
52187495204545336e-27,1976185017670668e-22,0.15653697828690927,0.2568498366956971,0.497869824476979,31344562598954037e-25,17450704366214854e-25,44584523545537075e-23,0.05939443013022318,0.029348282015663377
2670103586278579e-24,6770295482350276e-22,0.08881236535573153,0.2770341575576164,0.4971168306202848,1622066709074712e-21,5050497209759084e-22,0.07202894917320478,0.06500130631491442,35841622590514623e-22
9249431790765046e-25,0.12172072783168687,8529848840057013e-22,0.305821687231159,0.396084838829913,22301251881285444e-24,16881543549961832e-24,0.10085409697770538,0.07551772240549685,33631468404819276e-24
12421824745638015e-25,22805591655469717e-21,0.12488582072892333,0.24407144716247617,0.5232204424513517,20052276002723246e-24,20626292676220233e-24,1906973616327877e-22,0.05652590920454287,0.0512733422429204
4064094550573374e-24,2334468300641153e-21,0.04909476850771517,0.2782411243190248,0.5136619391737837,12261859151366366e-22,14025221651515015e-22,0.09556657948190746,0.06342869868125466,19225957313560637e-22
5746793991430775e-24,0.0023030023746313404,3611991263023585e-20,0.23671133108381776,0.49891330286354285,19332101922043095e-22,2270742208241024e-21,0.20667978001714843,0.05535093978532193,13142636642991964e-22
6830518551270948e-25,0.17990383843516358,11901197538049428e-22,0.25561295498254577,0.33818373673788105,11801089469030591e-23,9113036810598575e-23,0.1515763001500883,0.0747074048842155,14364866617687117e-21
7823525836405098e-24,20805537918602864e-21,9332499376440837e-20,0.28861967897006274,0.6633247074995012,4778921325507789e-22,19480968962639844e-21,19718858523484656e-22,0.04666917049395786,0.0012503739341121391
30382048016281524e-25,1319734432850309e-22,0.1502372239642734,0.2238252096226611,0.5165337983943895,6234861227290509e-23,4751038465473566e-23,4776069783195779e-22,0.054555892694059374,0.054847152847028985
2366878547014107e-24,0.1657783171889882,16555262131782446e-21,0.26794723780976715,0.28145814720461443,5356754990220889e-22,17126644073378017e-23,0.19969080275357357,0.08500581590765949,0.00010241456454430226
27922106406177647e-26,0.09760224898819378,9441434417085687e-20,0.2774438022179058,0.3984947442521102,10040593495610586e-23,7735696616239343e-23,0.14155167063753077,0.07409546219402781,0.01071747932393146
57175137858268186e-25,15546957479113882e-23,0.1594634509816806,0.23714962552890242,0.5014769014196926,12801622402170127e-23,13587607143844348e-23,4112915695006448e-20,0.05721588070164444,0.04465258713144772
31330865980947286e-25,7932721948289987e-21,0.09610310492180514,0.2540384889881705,0.5023227102057762,27422707002529325e-23,1250274023721047e-22,0.041448192723748216,0.05987977262364675,0.04619939542734839
3686535345448477e-25,0.04782778599746516,0.08341338068312683,0.3080523036386252,0.4928363947428299,4665355490632503e-23,4851359634152265e-23,17003899079294981e-22,0.06786794659261927,3924196405176531e-22
5663085608728613e-26,0.05653175392764096,0.11147525183493101,0.2661264196489764,0.38978909078625185,29448345469725953e-24,7771646957890937e-24,0.10453811600052028,0.07153916995663509,16056840756575115e-23
25610939303305896e-26,0.015988346065461054,0.2569878581585815,0.21984051118785047,0.38119353521516275,10763017927933665e-22,26480671597733403e-23,0.05766769977710899,0.06830737798773974,13330243483431316e-21
5525554534332098e-24,0.06259664975942474,0.001533642784357735,0.24740983105264228,0.34312921637159327,1384393746947061e-22,5935422486393002e-23,0.24900540958547626,0.06844519050173617,0.027879856623741116
4729454576605458e-24,21930997746135578e-21,0.13195129917936935,0.23814062363730082,0.4762589245892215,14341626307562902e-23,146994595949806e-21,0.0729343510719526,0.06146551380149116,0.01922706158252643
1516016320004299e-24,0.0003662582070466042,2868380662479674e-22,0.23571158131241768,0.42350507381638186,30415726045297136e-24,4072581094042226e-23,0.25126242269574317,0.06253781100740516,0.026616493465408696
29597448298350872e-25,0.09849363348659913,0.1664054406047164,0.2483405482582537,0.41870064688730274,3185094544170047e-23,15656410379867565e-24,15987069089219307e-23,0.06802495135741173,345690679359452e-19
33964027419908713e-25,5014108639432211e-21,62959988882493705e-22,0.2367132616129555,0.4375828969175448,6768145152546328e-22,11072825240959639e-23,0.2574922013864888,0.05977100865239206,0.008428530383934029
10135754698167688e-26,0.08249612223069822,0.16152144687394404,0.24214818082510056,0.45204009122943356,2135239935101377e-24,12392495291355053e-25,18155508305682394e-24,0.061793506735691124,6304737916786187e-22
2309763313662401e-25,0.13054675276380445,34795236241465363e-23,0.23490609337799404,0.3107411169366859,1108813412325974e-24,16567071956069022e-25,0.2561366599385644,0.06766899251777148,33516374751657964e-24
5311607066955141e-26,0.11039939803961667,0.06742796898612677,0.2692708420424628,0.46331812343942136,1733687855475679e-24,13673590728671623e-24,0.02874177614587479,0.060839954368523054,19215175652065645e-22
1873993221256661e-24,0.008517332875069353,0.16654272664104128,0.18875278699427434,0.4044172888727845,6326039737176288e-23,6968631748668794e-23,0.16124045033142725,0.06007667890145793,0.01045260056323997
447710272443326e-23,5589097017130729e-21,0.2881303546625217,0.18812392959339133,0.40101545481858114,2575629459260277e-22,24861453983263164e-24,0.055727983300094486,0.06685992711170874,0.00013647451505612788
3850293192956331e-25,23149338234041339e-23,0.3086877657600145,0.19945131486411014,0.4241411973672854,726876058798813e-23,1932189628634466e-24,1246135326872224e-23,0.06771944110144183,2736642930571963e-23
4098463516520268e-25,15588728638946353e-23,0.23635241270743476,0.19507809344202698,0.38242159203619147,8138568956001101e-24,2910901597367925e-23,0.12034981412230975,0.06569780017967794,0.00010009399079553404
24833225683375677e-27,524976941873563e-22,0.392784533056534,0.1752614232173771,0.3583750821801257,436562277550073e-23,219281223873415e-23,56795673260478625e-25,0.07357872691064603,16987481631897903e-23
14093851901991968e-25,0.012284201287320497,0.3434716793898408,0.1919837151061267,0.3145634216821256,25603512309464227e-24,12587880941030359e-24,0.057489309412380375,0.08020757774403095,55777324156637324e-24
5888115046933242e-27,16886889767176523e-23,0.39289317655974787,0.18250731561801434,0.3449376021228164,12588704693761693e-24,50215695843133456e-25,3717727073590748e-23,0.07966159122588139,9081153301117518e-23
16072286850996524e-26,7323064895240397e-22,0.39811591757534703,0.17261816274807848,0.35010196756115736,26380406103815474e-24,3771038582529541e-22,4989773092847322e-24,0.07916263854323359,17263110162982903e-23
20500431290788932e-26,11196449881759673e-22,0.4072490474815316,0.17906538673373748,0.3304647769566579,3614789525928186e-22,38255362197656096e-23,1696806465610464e-22,0.08321724769028005,1507574590167517e-21
5507828941639973e-23,0.07605664210548001,0.3006299284758133,0.22444606169084624,0.31581765956003516,3157039841666801e-21,16325903230333494e-22,6912573921511421e-21,0.0830357367966323,2216707003444918e-21
7145418587403382e-25,48780842128065094e-21,0.132694802408573,0.20803310427331045,0.5225427353145399,8420078252944986e-24,10279497489497784e-24,0.06812656877638996,0.0473243649676258,0.02122962400325634
4067399420136545e-24,0.00981631292308841,0.049685712749296056,0.14300750164271203,0.6576889059177115,3459990507795205e-23,36007057087019583e-22,0.07319801907359443,0.03876982622481193,0.02783008209586264
6295640622527166e-24,0.0008189296453582264,0.20625732581306547,0.1209425334159649,0.6179672152185907,33322540698077996e-23,39998135081642885e-22,7683733054172791e-23,0.05352021045376618,0.0004893692813817989
33933651430830553e-25,0.003935307357763198,0.23477840313181983,0.12206595450978472,0.583266419997093,7345473868925977e-23,5028740522638789e-23,11785126254121105e-23,0.05579656236889061,0.0001571076480996385
1958133891848026e-23,0.01253244508475794,0.24479790513440144,0.13878696364421428,0.5427868976124757,2711357918506097e-22,10910147376536636e-22,41834821973749293e-23,0.061036773990708906,57214453198648624e-21
2412245201336804e-24,0.005840720831347251,0.23013948715233412,0.16154649981849326,0.5424967162173759,3355289947610437e-23,9447610541837301e-23,3787602410180769e-23,0.05995978542186722,16622241344295993e-21
8334322719418262e-24,0.01361299260418684,0.2582376068354021,0.16797066472609307,0.4915049377118514,12337672644442158e-23,19350578366483335e-23,12638183947387422e-23,0.06867219322917549,1153294326970485e-21
2976998529956824e-26,0.024036160620968194,0.17685917375398613,0.23844380382556898,0.49033968340646156,9037655983566344e-24,3027633312353972e-24,3595650154878865e-24,0.07032049732472655,6653776503161919e-22
3393734417924109e-24,0.20258474857181782,0.4031407860572917,0.17064951579409104,0.05410462149731828,28915018344452503e-24,8991037553721478e-24,0.06758187717227236,0.10193839860940065,10997888456474335e-24
63977913307729155e-25,0.24294464348020914,0.5908779008037292,0.06806311503046443,30632561530211653e-23,19784651435488817e-23,9201555654117467e-24,3976517662987648e-23,0.0981137739079495,72409929943808425e-25
2990654021006039e-24,43543079747416556e-24,9615999049690674e-23,0.35242236321424536,0.5021319066695091,7175821731406551e-22,0.04878924514215929,48681453143194744e-24,0.09665553737570297,3864104998408211e-23
5717059253212003e-25,0.1317140025792945,8907294664188626e-23,0.3296008716222264,0.18325524860250011,26068789180945953e-24,3241089285858988e-23,0.2529224046774586,0.10250724333051045,8106367368435497e-23
16284346040712665e-24,0.16311017288535512,0.7306189359635006,0.0004954082072943069,3338446107810367e-23,11300450859588669e-24,885467723943594e-23,16679191291491028e-24,0.10577537338637007,2305433490243079e-23
24384529572329166e-25,3565596235971621e-23,0.00021543299112857135,0.36325056919755566,0.5026583202081708,331153718307271e-22,0.03273063507436504,18968181524701922e-23,0.10114474688003058,34757217560324515e-24
4572406250062013e-24,6784123488720776e-22,0.4514014888526671,0.2371284756479734,0.18921200921006842,7010256451883169e-22,2799219127680622e-23,4666452791637761e-23,0.12225652538949443,42232796339772715e-24
25714500432597476e-25,2575141169687111e-20,1697882055480328e-22,0.3343301720118746,0.33938861345574745,0.02135776968593185,0.024890230162840442,0.15489821424098535,0.12485247980234243,0.00025659686902962213
796018685616964e-23,0.6630159655887853,24371336989053444e-21,0.23160691604781644,5132945860716076e-22,30932958223355716e-24,27350917355156767e-24,7676739797681529e-21,0.10534445906095767,3168707118816292e-23
2065455593485594e-24,0.25324155747752397,15206521281559046e-23,0.3134193787925448,0.0635191243760263,3788651107629901e-22,5535376463779709e-23,0.23677914668682387,0.13304014899478545,5532273503959849e-23
12422322406654331e-24,0.45647377649961396,0.060629592209817625,0.2318914441427435,36422619128176093e-22,19448188884401237e-23,2977724028892012e-23,0.12764670912507262,0.12335458378114349,15298369544202996e-24
9350325952619127e-24,0.19897132363527592,1340607272020292e-21,0.3245941064378002,0.18684015419370184,11912758468514873e-22,3220379213018591e-22,0.14462199584936222,0.14496887238767936,6842247998310486e-22
6439333286433944e-25,7789666265209773e-24,9061374501585711e-24,0.32683246150514744,0.44640700770253,11323648936580023e-23,0.07222779179581222,7995950357745632e-22,0.15453180524507282,3424863806375285e-24
46892459893879896e-25,0.1796567294636768,0.1027628577821422,0.32051986059339765,0.22356061425594045,58382698940569066e-24,463015656418993e-22,0.010838616532800594,0.16266112691124682,850873624862301e-22
10122154471398656e-24,0.036169405121228834,0.612687658733266,0.15387688706823305,6082396075266958e-22,4031106416733831e-23,20187748469910752e-24,14483116556151185e-23,0.19726520595002495,19435436443384884e-24
7998920012581052e-24,0.10737831819501456,4446529239782084e-20,0.3290591203366551,0.13633786096739842,0.01567266127399429,8971846809080155e-23,0.26630440685316126,0.1452016652546701,1404109322154833e-21
28375574013137645e-25,0.18774313463353481,0.415206230992639,0.20713625288594745,4264089035038843e-23,1199801380537549e-23,63843628179963955e-25,0.0005151999224626194,0.18939911227110443,5433541896103191e-24
11926042641699102e-24,0.25776580215636286,0.4069955626239727,0.16240052704023458,2215837706483833e-23,7073901088888259e-24,5864965193650034e-24,2446123188519977e-20,0.17281359549396194,4430325981413462e-24
4529224719284246e-23,9919132028687568e-22,8489872923978496e-22,0.30120273417277266,0.3632360136412214,8451874683418581e-23,0.10228171491001464,0.06504243051016806,0.16823484019007157,2958642887932913e-22
13591218024194334e-24,0.288351297374389,10189478361671421e-21,0.3355306589372294,0.18252571289214095,6779420177017598e-23,8527032849113828e-23,0.0072104893707691815,0.1863714291020761,5618937936758869e-23
15623130669259011e-25,22266362834942382e-22,14503217906062545e-22,0.3403743141729092,0.39373638710588305,29403874416864892e-24,0.08448723296106116,10147925294829396e-23,0.18139824785746655,8502572429336082e-24
4083165902316962e-25,21628787086821998e-24,0.05879037519620633,0.1598209690916239,9119929716889791e-23,0.0208345414095157,0.6941112900646443,12424961217399792e-24,0.06644120965026147,14889266151051853e-22
31206651872445683e-25,7657976058083219e-23,0.16954931919309885,0.007428294331267345,11940445229619421e-24,0.07576648453099714,0.7399891299457341,8588645019661019e-24,0.007266654406952019,1736260474936191e-23
11992766349725973e-24,5584159459656872e-22,0.06432661402705181,0.24164342180955123,23558917491380335e-22,0.11643219921035085,0.4758600239762332,12859482201198431e-22,0.10173338419483956,1445314714569895e-22
5196409560526505e-24,0.17663958484380649,0.08235795611872841,0.015258325599033586,3223545933463759e-23,5884092753404124e-23,0.692434864491368,27402810318677058e-24,0.03330904885636478,9641531745354805e-23
0.007595634787826271,0.09011069569953313,0.2855438107963055,0.24449296768209042,8816406137273328e-23,0.08693171687922704,18918855584564931e-22,7235912109509044e-23,0.28532282240465706,2993419231416082e-22
9444269619147506e-25,10675671859135467e-24,0.02377292051667323,0.45813491503093123,5725674038420582e-22,0.1311897694161844,0.15340534637880607,43181154165474215e-23,0.2334957535337193,27912451285287026e-23
