45562808230168724e-24,8694170763456379e-22,0.44824887368740274,0.17867340418248864,0.295819549996673,0.00031437371503080947,3514421597451483e-22,26818082102098408e-21,0.07691506790699101,6460072267801351e-22
7273339953413364e-25,33160686324884424e-24,0.223910742098097,0.24941658822616358,0.37171324277799844,0.00045155703370924373,10786093701931354e-24,0.09037988959295115,0.06412792475890629,10838123413930473e-24
5201599896247253e-25,0.04248269992905846,0.5946268993034877,0.08212538700910947,0.1917197769673485,12662089778179243e-24,21802408942070252e-26,759239030265786e-23,0.0890452157226594,7569350965140448e-26
7362730592838887e-24,22767817230898277e-23,0.22903999909780862,0.21804335383215342,0.5089333415079317,12764760267718858e-21,854514192588985e-22,0.0037959446420580975,0.04017419388447537,8178298293514565e-23
4556813473518862e-24,17108106904092078e-23,0.0026760237667363303,0.22055381946345531,0.429064382153069,3486350056380286e-22,55880782433039585e-24,0.31286007537640353,0.03484505400217007,650845222733102e-22
39931541298150494e-25,24535046840831447e-23,0.2952692772382131,0.21110971751874671,0.3173241772199762,0.02575593604029602,7237018717801132e-22,0.08570852900063794,0.06483134789328181,42043376338203304e-24
16580019559479618e-25,9997065495308185e-23,0.22026570622790653,0.26999376068908504,0.4334440162633964,0.021912834462591103,8476731433669957e-22,16133847764122157e-22,0.05438105544519632,6422533084963454e-23
9377363837338296e-24,16794241631882853e-23,0.21343778469546923,0.2677430316809308,0.4668728410599603,0.0015183080085592257,13599858225755412e-23,19063920985422993e-23,0.05042735373544741,1768620348940027e-22
25879025621000453e-25,12583152928262487e-23,0.17165254964823068,0.2911745897755101,0.4855230841736247,0.0032831385493486426,19017607957151265e-23,10534453828678827e-23,0.04836598521990393,2286932892023508e-22
18498018831010125e-25,633285336433233e-20,0.33606697797759744,0.18393560442359355,0.43165396186884997,63524427773856075e-22,328914432740152e-21,1543957689831872e-22,0.04832689639138407,3388882443904626e-21
13007351349850608e-26,987629086773006e-23,0.4509273269150976,0.057607248525523354,0.456324020582246,11010689395943118e-24,7825350951143042e-25,9228579257900956e-25,0.03514137921660478,20380692157228476e-25
32594873016741435e-26,320902716446011e-21,0.03020633168459413,0.267449220375008,0.3626896770284728,0.021981927552094372,0.023798550737166486,0.24794049549117264,0.04593346791982385,7982980797304655e-24
15086795769775336e-24,6445298904725674e-22,0.13462324982350143,0.2656988146218986,0.34417606017596386,0.04978214511247572,12672101214004087e-22,0.15397541125408615,0.05174214544418923,2467410870257936e-22
703931708717806e-24,3267500633688606e-22,0.16506486877551935,0.27632403132476147,0.5204555758252699,0.00012088493050359597,2515712645636566e-22,19835612100360417e-23,0.03803353351855521,32824403978328934e-23
39073056566187805e-25,26434493817296446e-23,0.17488881454752833,0.29808195414034344,0.47124379709243186,0.008183036347168706,12358468206539477e-22,6472616502421584e-22,0.04759973936698491,5071447959791351e-22
8556191331405418e-25,2955932380334917e-23,0.05951552832264,0.27498803302180685,0.41292726310526423,0.012526056237124083,5526799637173616e-23,0.19870361702632225,0.04133938873106891,2787279408838235e-23
7992815770681028e-24,5927814155346621e-22,0.22444539754120577,0.2789470336936285,0.44359948863943166,4605477469856595e-21,39323444820981294e-24,1522317393710818e-22,0.05300264622266864,3609614295202283e-23
18234767541315072e-25,408747673665776e-22,0.4486671766881821,0.18305327357124443,0.2746214749872392,0.01861522026777164,9786307790608231e-23,18948528842846277e-24,0.07504267221725139,22758631836684306e-24
33129090916152544e-25,9729921169768273e-21,0.2347435603041386,0.2702272865756823,0.41275810335873286,0.02690208397530281,1285890160201286e-21,839433570201443e-19,0.055273805975281344,19732962487871504e-23
17354574701355908e-26,36373691460226613e-23,0.2847494996678103,0.21407913498428538,0.4517492982245904,3580477614476929e-21,24176164052208626e-24,7700786859893998e-23,0.04941797298698301,4856428245654025e-23
16804570966157807e-24,5955880762056175e-22,0.1257187006389423,0.2051277578580155,0.3735645224602799,28168255808470183e-21,0.21604568813983988,5890813982578226e-21,0.07950852846585975,1309747102470531e-22
18558624270269844e-25,7244733536965565e-22,0.028533494810591534,0.2756760131026401,0.44226536043396303,0.056896979234283905,0.0008124446054794702,0.1620772088126643,0.03373772251719607,5015324234157193e-23
1347518709865939e-24,5158738240028472e-23,10937154603717612e-21,0.264671150974418,0.4332747401107713,2926650407915777e-21,0.22521324845760596,3780392261365072e-23,0.07682685865193986,4726129190226504e-23
15353205292906406e-25,3767972676790111e-22,0.16595791050134692,0.2989904821512067,0.4617558978215762,0.021973713498201625,16980772717147392e-22,1541129913972891e-22,0.05131953475982009,23074501567674258e-23
6651916587261965e-24,18087588829681562e-23,0.2203681217185615,0.2819220161894,0.4386690322361685,0.003256520969857333,11054366689418626e-23,133091383688184e-21,0.05578377162752677,10609563976969427e-23
34699841907818527e-25,9800781805583508e-23,0.007915436489605805,0.29021958744142307,0.5293247929247382,7517822861795591e-21,1319445320200329e-22,0.1440681618821124,0.028464190168375477,7984761760882156e-23
13914933631818122e-24,1231832710283928e-21,0.06618853525609,0.27171726138225627,0.5092795221806937,0.0003195819829241368,34290143086073967e-23,0.11961961173478941,0.03287309469448554,8041199967306046e-22
14051481024689325e-24,2964713158338897e-22,0.23159109772567418,0.2220681710997166,0.41544727185107583,7111250579965598e-21,0.06859454409641323,5537268518124835e-22,0.062290799433879905,1402930816718603e-22
15121083595710334e-25,3979959994602133e-21,0.28409683712350847,0.15180886755023673,0.5364128432652043,150699903652989e-22,18499136062947415e-24,9281032291214876e-23,0.027677329855913178,14353650660973291e-24
7288696876652408e-24,10016482656614607e-22,0.11335989245266573,0.3002020894800741,0.5062841763930233,0.039099579984873914,11824765677442579e-21,3796810814977715e-21,0.041036285889909645,13452860058276584e-22
4259421022887549e-23,13411962378073077e-22,18727275670895683e-22,0.10556264953362027,0.4713781131346994,1862098907772289e-21,34915117518628753e-23,0.4228737606136105,0.00017945339600600272,5555539829825722e-22
47795017008738224e-27,39272912917637996e-24,0.21192298007590685,0.29768718590440985,0.4189538282019129,0.021633283959933556,7276977143781873e-24,5313536403212153e-23,0.04980262021001418,19147454030010733e-25
57847510360506936e-25,7273707615298769e-22,0.14342632583452383,0.2760914838413306,0.5067035802506009,0.04285621550465133,0.00011371504758696986,19169180301903941e-23,0.03080739490963836,35976424188251147e-23
4660454905120831e-25,12314521303126487e-24,0.10498900452843929,0.29533489857672124,0.4709118356559454,0.005708968031062807,10911991806541549e-24,0.07838841262212227,0.044666849118141706,77748380890374e-22
9647929735471047e-24,10685828241060923e-23,0.2110542743017058,0.27779350101209127,0.4404720151006856,0.015977866271541363,35193446963023355e-24,1465121360184672e-22,0.05470193050620505,11459603347815014e-23
26809332983427564e-25,11078049876442526e-23,6157240066446691e-22,0.22924449730045027,0.7035556293954642,26526447030930837e-23,15371600571235496e-23,0.0634744572526983,0.003724156404720544,11148076526246937e-23
11254371084550503e-25,4359053628687679e-23,0.06652891661463187,0.1228205948034859,0.7632069276148657,5243617990265058e-23,0.0467177680338241,6737540865890961e-22,0.0007249934659771565,28564333205029547e-24
1753086771872574e-24,1221167273836842e-22,0.003677929910615687,0.27528300390567084,0.609446096615747,0.008763333230877737,3202908771747417e-21,0.07929822559203364,0.02352784743804602,23652844162386975e-23
6721492788419017e-25,14715595287770775e-23,0.16815789079121138,0.26933625453939,0.453827777421959,0.05159815257272342,5988256819816401e-21,5727311822317256e-22,0.057073062887581585,15297120992454336e-23
16582711257843308e-25,418024659466704e-22,0.1339903797042329,0.2566103379626199,0.5634812782778877,0.0005879570618837347,26409888327511293e-23,10503883955332492e-23,0.04532958915106521,45243601262334984e-24
1657216658319263e-24,12439806485976059e-22,0.12246736220523727,0.2398763389520874,0.5432661908828155,0.0004211145100748758,6638473103720967e-21,0.04385399421124122,0.05010533537131817,17797562420644107e-22
10458303131753655e-25,56354094101588605e-24,0.10237183961591953,0.23937410569440462,0.5453810957749264,6997668282165406e-22,0.0599317453305141,5032835423560763e-23,0.05294039274771477,13341855416212235e-24
4216489808018315e-24,2191982209885398e-22,0.017932252173389944,0.25038495405678046,0.6693269641014055,0.003257966445423105,0.025766954300651325,0.00039186373998096333,0.032938676325453345,1454422392717857e-22
2568843827377924e-24,11201946681993344e-23,0.03465464581873567,0.2691223070347021,0.634584680137788,0.0045658005718212085,0.017043901235664464,6306909918998145e-23,0.0400284118973613,756467670783409e-22
32070780830705546e-25,1410890114799103e-22,887779563430455e-20,0.20207162282813115,0.762372195443576,13390328709315463e-23,19059765003257446e-21,0.02260117468052661,0.01292472464859815,2066639118219089e-21
15822029269569847e-25,8281752247897633e-23,4506030529233783e-20,0.27013260628167984,0.5771233528926248,13157474331537012e-23,0.049006132778877574,0.05891511977484002,0.0447774732648174,3872740856380683e-23
9207670284445502e-24,3470955962111087e-22,11810832577262243e-21,0.2260577637071076,0.5255201400382099,45701149333903304e-21,0.0002921652466989907,0.21355756663806308,0.03451410971038064,38637434736452193e-23
1205264415152722e-23,1039793265607077e-20,0.12203033333697322,0.2556919096861616,0.5723918896115929,0.0007385778395891419,3276378119927589e-20,18341816890721462e-22,0.04909967881476654,2602762672935636e-21
16017157045215417e-25,4771130329807099e-22,0.0004486941510371944,0.27310058521811953,0.58729753479953,4365299329827543e-21,13815618975815402e-21,0.10162801655187469,0.03750642133200914,8831452885858377e-23
56327271963948616e-24,24931564914225813e-22,60950185697828795e-22,0.14454589601307657,0.4380485273463228,3391013648608904e-21,2691541323691064e-21,0.38980454533824666,0.027585725934616875,5783104440140932e-22
322144056800091e-22,4793950928843582e-21,24115008869376054e-21,0.26831428107586386,0.5662636167521152,17053578230811486e-21,0.11075924269420072,11025331140912173e-21,0.054603619303624715,2220090658100895e-21
4500129459763659e-25,22254649777110596e-24,3651908476965906e-21,0.3155821488266527,0.6476967702020249,6245373471701853e-21,29007178949518888e-22,15230473562877302e-24,0.03670814448203319,1005544544018338e-22
18026702387163657e-24,6828546999129202e-22,9242755085240749e-20,0.32026229369514025,0.6122255988448451,0.000156414504406951,0.014867419351448679,3314054625258046e-22,0.05239439021603541,4235505500207464e-22
15817177269958793e-24,10125964774442697e-22,14112563653984574e-22,0.21566665328704437,0.572717848464693,57431670100385865e-22,0.08527247966570099,0.07223154206959827,0.05410253268204509,7609939012617237e-22
41599046063390975e-24,10312610410898916e-22,20844190624304975e-22,0.20992764800833963,0.5543961848056195,1014310843495611e-21,0.16716016346432455,7190784597409304e-21,0.06850429384658853,3475005477900675e-22
5634726782893014e-25,17980648487756062e-24,524398369903685e-21,0.24031595434908626,0.6606071970115494,1279870201376922e-23,0.0571440230597005,409548710824838e-23,0.04193225735087022,8392186294051114e-24
28533244741521884e-24,1102695613261278e-21,0.014176652059437836,0.29520141052335613,0.5704140009187603,13004011141851452e-22,0.06109563181288885,46199459456156724e-23,0.05910910412048748,3069408498513899e-22
7074759005558893e-24,1920240773388369e-22,26906652937545383e-23,0.20799587387243718,0.520217510990795,18988068732195765e-23,7036394509566757e-21,0.2330049252444194,0.038773955649976384,3980181142173752e-23
10098234721388131e-23,636344989097943e-20,15711402347682365e-21,0.1705449097061876,0.5238591994865134,7708037738769996e-21,5401156629003778e-21,0.2782739384821991,0.027280725231830706,594206435175837e-20
3296999503897984e-24,7052896318703408e-22,36635086940896245e-21,0.3311699177667265,0.615060706052117,9739866663453713e-21,63007959944698995e-22,12847185190142705e-23,0.053715772779368114,9059362443322917e-23
13919598303176682e-24,12653896469935736e-22,5925989985388258e-21,0.2714382075134477,0.5606029715002528,4471148827885215e-21,0.10295730804842325,3656604128734163e-20,0.06495302639772753,24405080190973505e-23
1843213071079827e-23,4133152249754927e-21,640789431797812e-20,0.167310413349718,0.45990446525311884,11486344911519706e-21,18795643571436864e-22,0.34844423925020274,0.024315359163584172,15975954076082998e-22
14503141942683868e-25,3705978415824169e-23,10616250950664449e-23,0.23781902476533223,0.7262188235884581,4615086606228015e-23,3840847324853096e-23,12055966756133012e-21,0.03594984601549662,204320409537552e-22
46127513733118406e-24,15407222908028864e-21,0.00012573683233319303,0.3327353230478084,0.6105726033827326,36696626553363136e-21,2330919235304631e-20,15454131753613314e-21,0.056468991044704486,64323913334634255e-22
23230217287721035e-25,871058760586436e-22,0.004605816449655655,0.3334934891390668,0.6066807053603234,618213872846655e-22,2951140345325726e-22,9526048122257217e-23,0.05521940846874261,38961423616196034e-24
3593829267569531e-23,5036859066356087e-22,11205197458341018e-22,0.2550521730107668,0.6212376504891064,6841081995247443e-22,0.002411819530305172,0.08133629122465667,0.03995942967248286,29182059197253205e-23
8963428417173722e-26,12006121463112005e-24,7137228320477552e-23,0.31904383796173186,0.6276925957150653,4106945744215795e-23,7402406057016998e-22,59381075924875144e-24,0.05326263153829459,10625772201926142e-24
5638222973381383e-25,3821154364401513e-21,0.00015691174457820554,0.3241268179677473,0.6210359233699413,10674107600696975e-22,8230987761012734e-22,7205579672774601e-23,0.05467395839783778,6042363404693538e-22
31666159541132486e-26,480622802058076e-23,1323409705118753e-23,0.1641343397142828,0.6849081237364778,7903093444677747e-24,8414334436893751e-22,0.12842504588156406,0.022531611049277457,11924907945319344e-24
1076580715273973e-23,32045822510788925e-23,8881516862985e-19,0.22866995476736143,0.560896804633441,4547674490095912e-22,921869232740365e-21,0.17607226341303853,0.03435794820645205,4329670200431819e-22
13202927272129917e-26,27092808341759247e-25,15635157921581013e-24,0.27625167557447483,0.6667238185295833,1061927075352154e-23,7570732976986219e-21,0.014036792681793477,0.04298011072614279,26587909922254092e-25
1363889301865376e-24,20801006752255384e-24,47920391534937686e-24,0.23626846561451317,0.6204974491868024,4312720313443446e-23,2923042328006149e-20,0.11043848027153505,0.032766237816854914,23473697089420052e-24
3718529641936089e-25,3302244755093241e-23,10656210805915863e-23,0.3637852796839703,0.5871132709147208,7055052081550203e-23,18272989365849769e-23,23490468776130795e-22,0.049098696260627135,10857005297646922e-24
3138938277001425e-23,6102498475758365e-22,29463943530007704e-22,0.2652392703929172,0.6021098680840987,24861312241085816e-22,0.07948971828288873,6303835588196763e-21,0.05314752117303762,12440666185788008e-22
33608401141310405e-25,1225885713767353e-22,8637819249140348e-21,0.3178790609073664,0.47042393881311917,3270091925680163e-21,3473924185216788e-23,0.16504865096534088,0.04663607284898997,20786583880717254e-23
9292607163883967e-26,20884239297299273e-23,6264962658461429e-22,0.33252343092265496,0.5407187082556244,28070653110628378e-24,11843227933570335e-22,0.07782808256934727,0.04892768590017547,44527127359305443e-24
321598374613337e-23,34054387135009636e-24,11279141365391291e-23,0.2589676444329431,0.6321263083722696,5936270309869981e-23,0.05121008591799202,0.009178826204253879,0.04851689782687441,27821300139035003e-24
10214431940408203e-23,27655712578899036e-21,0.0005314247158915741,0.3222579120033763,0.6334349125395383,48489191032305076e-21,8123704433812582e-21,3737574438337799e-20,0.043626199789311454,27804454647012536e-21
10541791529505573e-24,10084572442447028e-22,19582387703881765e-22,0.2878279924909963,0.5271147686531666,11567892608197865e-22,4179958636898075e-22,0.14508681434929419,0.03996481428855341,10581951627853117e-22
2185239256984321e-23,4922684677584083e-22,33297231492663475e-23,0.25279138500833453,0.5549418404404554,46452574715507466e-23,26235667490335427e-23,0.15830983545651675,0.03395512234101825,24277834854447643e-23
7885758017765607e-25,1440010047388995e-22,15957144953909264e-22,0.3703679552992253,0.5105842848057288,14104162045978113e-23,22170534516274017e-24,0.07065595577305972,0.0483898116516931,8875405948340022e-23
10221459668325877e-24,1031095395352334e-21,17184236196680978e-22,0.2411870257924582,0.37904421520682946,9809715555021811e-22,1344786789583679e-22,0.3385083094619175,0.04125590427803191,6700702112106844e-22
5204360766080163e-24,13719234169891007e-24,47267887571231486e-24,0.04978051262393333,0.814703401813513,22263775502300726e-24,11601979015993309e-24,5394941776412095e-23,19516361073190357e-23,0.13551573639223982
6233376761033031e-24,12280276568642715e-24,25296297611621827e-24,0.04812337988362744,0.7960726113029727,17537039553083758e-24,0.03961182855115126,44016736573311985e-24,53506865473039195e-22,0.11618672421191728
0.01521354551892491,3640825115100665e-23,6573031399982924e-23,38195424851357636e-23,0.2952997970546374,8961978777819823e-23,10064360674271378e-23,12463731506009316e-23,8092670271581419e-21,0.6894777657626425
14860662667236792e-24,9893801428250312e-23,18526644982933197e-23,0.22292500445215443,0.7391470393259132,1520435271875653e-22,923974721244248e-22,0.01503778372483496,0.02288906169437411,5672966299758023e-22
0.010589039373001216,9695450373757901e-21,0.5085468651549836,17307878445686183e-22,48303170863483736e-21,16020322283513667e-22,3193576191216957e-22,8875719515982337e-22,0.04011154002266594,0.44069001707844796
9020996311006223e-24,0.14049402487565762,0.0931619236490291,0.32878673163118544,0.3505166075978753,7079990763971412e-21,0.014535341567632505,11383313944659612e-23,0.07249812080918619,47024495475379196e-24
19578861612092046e-24,9134522184237973e-23,16174843999495055e-23,0.1646654850954254,0.8025823561665452,26559743778455915e-23,2132868892925994e-22,0.025977718966571688,0.00677247380196456,12144126290094069e-22
11268036391409005e-25,38613011312808596e-25,41570361320497104e-25,0.15033582341179938,0.6857080189761195,72991033635192716e-25,0.13208467805311747,2605434409636062e-23,0.03187143399545007,3064924451664315e-24
33163230927887593e-24,16821837820913286e-23,0.6697000386354689,0.02695827512880596,0.2251556509369327,34505861321468896e-23,0.01512124972970473,36053814151680016e-23,0.06306372157072128,15702018401702842e-23
23273343386709715e-24,18723351675098313e-23,453604522450418e-20,0.19507030578436302,0.6585772351711159,5388065080115884e-22,0.09441610742228673,0.020818834341463123,0.031095235908532373,16996013645061234e-21
1050031403452077e-23,0.13510299534412207,0.3567107531374172,0.07403374470861138,0.00018981782620305487,8354283137452776e-23,0.02619403705148576,0.3232546567483328,0.08451373380720772,1673333882742758e-22
2040932570296799e-23,0.16791673192033219,0.7614576974642774,13861339923115428e-23,20852807221098487e-23,19037826418049324e-23,27144961691259208e-24,2712636187334672e-22,0.07062463964055715,7463721170647512e-23
13708147295752442e-24,8994510777108613e-21,0.9267936446030471,7687896970685482e-23,33652444212067638e-22,31276913961180097e-22,12492253596555993e-23,45470908021236045e-23,0.07318817516366348,20225679639793436e-22
4989931895706613e-23,0.2239492461191965,0.61639454179692,2432688326187843e-21,24970020400436033e-23,2791668730624418e-22,12550755142147415e-23,1315616070871723e-22,0.07725522128050412,0.08239772227949793
3232532967066062e-24,6416120313181668e-23,7266242129815961e-22,0.19435775734541588,0.4631989537420854,5587955233715328e-21,0.2751535430857786,28275142413025813e-22,0.06727873165177001,18046874826342006e-22
0.015053545622202702,0.0767578941751005,0.277201138433151,9080668280889734e-22,2444616490341516e-21,5622355338797601e-23,1637110928696426e-22,15317240138509486e-23,0.03367334468716271,0.5973103512920284
30489884179350276e-23,0.044985002798821505,0.792244558315488,32068085144395988e-22,32422446081562147e-21,12334999685588996e-21,0.01863365301117893,25442462630383036e-22,0.07797500071869413,0.0661109717564355
21690159627224948e-24,6252386591531635e-23,5931973165752418e-22,0.024451152792915275,0.5792338187634907,8776722943173688e-23,0.35286190040656934,6838877501266896e-23,0.043452156361221544,1381084948869122e-22
3392696803939741e-23,25142115444746687e-24,22138487930433555e-23,4436178624635679e-20,0.4898545950937667,2405762623337034e-22,0.45691147147244326,16481885560339577e-23,0.05318874457964859,14121873649834994e-23
19544187604252628e-24,0.4965859020911493,0.4130002737534649,37747676417204342e-22,18594876909876275e-23,1025449502430528e-22,0.024763525177208,15430914467626568e-23,0.06564011276078727,5949102706997848e-21
46357082103827236e-26,30041456243577876e-23,0.9361976040801536,41143309551009116e-24,12592802647041676e-22,36467816602465784e-23,3513842694217438e-23,39997281338177124e-23,0.06379982048591508,17434282019036226e-23
34975209255228706e-24,10447615003464884e-23,5106705835894279e-22,0.2089596693724304,0.7862659145123603,4047635221378278e-20,24852815903106113e-23,8741093196019773e-22,0.0047315177928176485,6492108110420391e-22
19782237175552605e-24,8356205909206575e-23,0.28899204325234573,4361814985217151e-21,0.47990068917022144,3450438213454079e-22,0.13678836892679025,0.07200865870843974,0.02230416131466214,12684244105502172e-22
6079118339187715e-24,17771632446660285e-22,2967430023606034e-20,0.3857953181350128,0.5501574810473016,0.019109642346972957,6047341846233271e-22,3545436280550973e-21,0.04488380890770812,18141849940877608e-21
0.0028476540322039372,18282353105688784e-22,0.7306954510606314,25081086055347695e-22,28425083856999462e-22,21528948972415617e-22,18352476295317492e-23,0.05872762599696301,0.05076378659587627,0.15695596704236464
10576347619049525e-23,4099835560464991e-22,6174203345195241e-21,0.3636691958752963,0.33490255725494034,59371959326147286e-21,0.2111211513182134,7076223644622005e-22,0.09022400222352195,1632379598039271e-20
4746338672690592e-23,3546419598623079e-21,0.001119352224302414,0.44044411340974543,0.4940174972842442,0.004821416667063804,2016289169734206e-22,13023548318633415e-22,0.05959183722014407,6853277029413746e-22
2599070280313016e-22,0.13067963253418052,0.8071341028982548,18825026077683453e-22,11693006154158087e-22,20546601041311776e-22,13061932982407517e-23,18066238969214059e-22,0.06208676175560043,9219919837886526e-20
56528743881200885e-21,5590192464589751e-22,0.1534832180093287,0.2940421758008194,0.2877468704977292,0.0016738192833896312,1077440415931171e-21,2045353664143903e-21,0.06197982032704699,0.20101388552448002
6129055741365195e-23,0.32817145680790116,0.43384367891868847,0.07994075730274634,4603165083056792e-22,21396253994678234e-23,13213250614346673e-23,0.002320694413852087,0.06013528693777536,0.09558725791692471
0.002876314943739295,246526457049381e-21,0.48511686741561283,0.18699277605799386,0.051801314902044766,0.0002904852651399968,6947795408099498e-23,3979608535359707e-22,0.08447835559216219,0.18844317185802723
23358463108771976e-24,5122291510389384e-22,0.8728621069573292,0.030472863298599946,3309353729063749e-22,3081279017577449e-20,14296783794663751e-23,9148100118618638e-22,0.0966321961113387,9654192396075324e-23
0.024980791635204374,989850447399487e-22,0.0014177287867759344,0.0001835206324088956,2046340776081369e-20,11611074938133441e-23,7431030771116387e-23,2336907457721135e-22,2293361617709095e-20,0.9733740388247768
33754633154763195e-24,16017924538580038e-23,0.4128768712198459,0.2655110732625357,8233862461704553e-21,0.05880292198270173,1457625422560051e-21,0.14306035533340383,0.11973876852359142,12425615574250114e-23
16452571685236764e-24,0.6658785088965854,0.010264575032167014,0.20818333176422132,9896948221843534e-22,9204135699955764e-22,9058251277638163e-23,5120526351829477e-20,0.07991650772185643,0.03570385417816131
21964704860155006e-24,2881570925245382e-21,0.8215822796019729,2243426828382896e-20,6886302815053199e-21,998318045595495e-20,24264854230646597e-23,4145529413200101e-20,0.08755690631455208,0.09077690885362166
11076936361845327e-23,33014741098504876e-23,0.21410323302569337,0.25897009628826967,21329105305096076e-21,0.04171440602400438,35356088128072824e-22,0.3734229089539491,0.11176330435610617,7457210897335518e-22
0.015937949845942958,15423544499454413e-24,6019252366463459e-21,0.14369179769309426,0.13389584069781363,1592874095244005e-23,40321242640408615e-25,2916076929458955e-23,0.03030469324742456,0.6761636347181832
0.0048813294558773465,4332118316117727e-22,0.6116263869023646,0.005017900794055839,17264323879985727e-21,1615911871732878e-21,8756028881520765e-23,21378627964681513e-22,0.0724631919679131,0.30598965200912076
10369243347591047e-24,0.4615395214985396,0.06568138470766915,0.362733534973685,14814887065272166e-22,10903567277317501e-21,8733350800985416e-23,5067531774963501e-22,0.1100324340040347,13530592967878342e-23
10285070478461362e-24,15902387312310456e-23,0.1784193851897539,0.3101292250610742,0.25967693884296544,5759237325731262e-22,0.1348474046975547,42871231314227433e-23,0.11692575709641069,11516714548560559e-23
3582698864742138e-23,0.48800480509760114,7497635461401083e-22,0.30231294444220524,3346204863261654e-22,17323584427681322e-23,4868572790916414e-23,16871718178038938e-23,0.0957101117539163,0.11397062785760378
0.0019522233817205667,2028736763438687e-23,0.7035699721335009,9322771668147109e-22,58264651103910327e-24,16579389313726247e-24,4238659882073267e-24,11924064472860473e-24,0.0769009256403959,0.21757583527308264
3106703798147471e-22,9962432692097745e-22,0.7217088022692846,0.15284224794224838,0.00010754912609741568,0.013169839957426197,11430196462682797e-22,0.001195113100871818,0.11097258509092794,14125798465442752e-22
12919305831657095e-24,0.6232628460278317,406461749989965e-21,0.23930624616722265,18472916469866626e-23,10977633015710227e-23,51290359350369365e-24,0.040286280962135865,0.09714380217636304,5948964433690242e-23
0.008122620603986535,5960220526644421e-21,0.5175972804522375,841086808048056e-19,2751525376230076e-20,27428916182011952e-22,2448576906836187e-22,10563457714127071e-22,0.053964324645187606,0.4201941460483124
6686128172320498e-23,8073297399860017e-22,0.5457431166859539,0.22710968588985925,4258603898959449e-20,0.0344148018660975,7785770399571293e-22,0.07142150443879965,0.12126609215463495,5601576082187578e-22
13651133103624992e-24,6775624286849309e-21,4078381807443311e-21,0.013829805657965044,55016287051537016e-21,33241888042261365e-22,744594955793174e-22,0.9242993660794794,0.06180145766049316,88010836785338e-21
2409010584744758e-23,0.8197319628513107,7454573511804128e-22,13753674514161188e-21,3532177861029757e-22,1041346731977088e-22,8300815863375348e-23,0.1296899314412033,0.05053897078368508,24071343193052936e-21
3307645117073997e-24,3050158572154808e-22,15808939014719627e-22,0.26591961163188943,0.6947925778739973,727708934623508e-21,8736337620704247e-22,1416891450661204e-22,0.03928260851114423,15697337255821545e-22
8325337703557314e-23,4294930161630004e-22,0.7572285840783818,14787009153844558e-21,12689552951093225e-21,1116717540002691e-20,16298945213011933e-23,37515999104113155e-23,0.07485986647582557,0.16787185481235173
19279156898298194e-24,0.5444591293868629,35058833008878377e-23,8478050777571732e-22,12907840428765723e-23,8132766167644945e-23,3824605359317568e-23,0.3692944057524065,0.056069203388891965,0.03017579514714686
12531875446335174e-23,0.3578062121448498,0.015818058411258877,0.15882992208993224,85033130037976e-19,3425088431677964e-21,14118489074873525e-22,0.30095095280252415,0.09692301290547191,0.06965837607686838
7561275787107595e-23,12679430945850008e-22,0.8122363282058341,0.00028641710806827326,1534059453278788e-20,37151755871215442e-22,25287317257487185e-22,4095341824260853e-21,0.0814783581769393,0.10597187310963277
34287637746696577e-24,15208849525476286e-22,0.7495847310459282,0.08019644717220795,28631706498981595e-22,14747994270934532e-21,5309871293473283e-22,13114580401494711e-22,0.09843965324530092,0.07175815975388421
1452584869736349e-22,0.0020911818267016903,0.6493051129733657,0.22403370861373384,8671804325990258e-20,0.0019017883451172965,4334327434203409e-21,3518246698378756e-21,0.1225641835896809,9308775514880344e-21
3574046918017514e-23,2253607820875312e-21,0.8564331477045862,0.0026891437836396213,570176150856962e-21,8297257813623415e-21,1579992170977307e-22,0.06504214004151779,0.07582364506619867,6086169731015737e-22
7519639280182585e-23,30892597144330756e-21,0.9233102111449814,14464103888346767e-22,7302426200843978e-22,12571649861141095e-21,17296371682684642e-23,37221727539987716e-22,0.07663941554318758,7620789876513709e-22
4066959402375224e-22,39331752469771476e-21,26126699132416687e-23,3805232392970842e-22,21146841956939366e-24,35335274196164525e-24,18272604915274197e-25,0.8911673484636092,0.03723697558913808,0.07155523739923493
33006656170904367e-23,0.00018856194645409268,0.47837892273076704,0.17757114175519634,33232635430982256e-21,0.0010970698742312534,5414280884903274e-21,0.22889177438734487,0.11378266701909481,5088530402020362e-20
1706918226070163e-23,110153734740949e-20,6900624870071409e-22,3984484012300191e-21,8047627282647306e-22,8567346977416567e-22,3256518926484449e-22,0.9607328796472023,0.03925653739942532,2802651055258226e-21
18853017628875285e-23,0.5892323397288176,0.08559135783609954,0.23589819540689277,8008531193286442e-21,59497324651772225e-22,508614811719054e-21,20093517611900247e-22,0.08924990960854318,11532659238337663e-21
7223780546278211e-24,11869877191778827e-23,2385552579194165e-22,6064597945605208e-21,7367279454205503e-22,4577607558848548e-22,21009278075308722e-24,0.9606486509805792,0.039343077423864496,6270218189244266e-22
14605234039830843e-24,0.5914602093820946,23640499332852963e-22,0.3157307684116894,22085901106768253e-23,14980780963594014e-23,35643695864090844e-24,1923092835966184e-22,0.09280578575243413,2591780503158736e-22
3189054642273961e-23,0.10576240087142642,7346574448293631e-23,20025065305697657e-23,10253418830609251e-23,2317613862419477e-23,6535924207986017e-24,0.8767347441860687,0.01750225727984757,15980946507608862e-23
2243228129536535e-23,0.5558365385174676,17712656108994414e-21,0.34017064460365276,13807000493647236e-21,4215538678560538e-22,7418988828133011e-22,0.00030249367117408596,0.10365728387605697,3337900139350602e-22
10903672381634356e-22,0.0028102656408380265,0.005322602084340866,13719724142750289e-21,23676983990467647e-22,24908313191240994e-22,3094374407100204e-22,0.9057992813080147,0.05608485502838729,0.029963017879304558
8387036778043067e-23,19665243479842064e-21,0.6326924894579801,2269276872642924e-21,8713768753044115e-21,24436901874612393e-21,22898609030055185e-23,0.2816752755003418,0.08555257225505564,2426473918418475e-20
31096605904822485e-25,11793247854881598e-23,0.8965736143018992,6017877878353303e-20,14879517672203692e-22,6533187458212025e-23,36017059995513905e-25,7143510924118422e-24,0.10336450827640997,13572804973042851e-24
18709136823701697e-23,1538107067111438e-20,0.18963351068160808,0.00030238762348292316,31642566040523284e-21,43185174245452974e-21,36026951752927314e-22,0.7499922239927629,0.05888302054979353,0.0010948585548912091
6780458671142001e-21,43285834654100503e-21,0.9145693298609853,4917621650431173e-22,3617613940810633e-20,852823193396952e-19,17004490060002346e-22,3972171046376128e-21,0.08523454595432342,18435050331594275e-21
3095567378261549e-23,0.009392843219588838,0.6853619205929655,20315218171385236e-24,4106081132010111e-23,31558330847970356e-23,3669315163955915e-24,0.22600151163281892,0.07924324921522197,6375504026069947e-23
11184416999518337e-22,2456941347583441e-20,0.9073230596403616,18850450165753704e-22,337112718037778e-20,57199748466175775e-22,18121843756527752e-23,594049602784111e-21,0.09263701876019526,2482329155962409e-21
4162335079681841e-22,14618610395375196e-22,0.9043864212434791,8360946073194135e-22,13660398919299322e-22,1341272318792495e-21,5090950025109274e-21,34360604907507995e-23,0.09560231825433275,4044447415652169e-22
2257050095405528e-22,9979490619964218e-22,0.9037534512123803,10622861218202175e-22,37698372526106497e-22,3598540793158249e-21,36433579088469e-20,21825575420621134e-23,0.09623595435165147,35752619877404065e-23
27837140737424572e-24,0.3939862931654464,0.4528364511667978,0.06523710205552753,983391359324031e-21,6769297546377866e-22,52649559414985184e-24,12880267771004126e-23,0.08793813463402074,14936766827331194e-23
15786543824924452e-24,6399981560789385e-21,32891971312150672e-22,2642243795671767e-21,0.5916847305085565,13520730125039237e-23,2719438589512006e-23,0.39705576318276203,140108396955838e-20,0.0112455956143288
10880933824642149e-23,0.0007079474044850908,3071001175529358e-21,7644025012946246e-22,0.5436302909185595,6784972212815727e-22,39881250253331424e-21,0.45551636619516844,15244087157120529e-22,9936711256688523e-20
8798132303286684e-24,0.10331877779923969,0.002754632597364269,853215801262724e-21,0.8696170327519843,10032750521543844e-23,7562603572894768e-22,449030760488733e-22,4706024942419378e-21,0.0243030873215929
5834525063549591e-23,0.1902249659675878,0.14467602979527033,4965205128774729e-22,0.6598069688447868,18259357709350275e-23,7435296165636204e-23,3407240259964311e-22,0.005281991080769625,8891775284171951e-21
10856470576510924e-22,0.20916409893044854,0.35861525876602707,4292386867091129e-21,0.38844449694470207,16251286583525253e-22,43247311129052644e-23,5096727399225644e-22,0.043767403758190875,7962921961329685e-22
41060616218473116e-23,0.09579424486549763,0.33745094613891263,5182299354205286e-20,0.5235179868695956,17101909254331818e-21,5558073788703734e-21,31941508711600376e-23,0.043069040453055686,9256867508289357e-20
4842809230416081e-22,0.19502193251668723,0.5314371999737668,2107826586504171e-21,0.19765708528061482,2930570640132424e-22,6922979818324287e-23,3699517169850591e-23,0.07588067374302589,11709635878629034e-23
10055958152811547e-24,0.08537268695680914,0.2933861170282336,0.2898223947496963,0.23269439460633348,7821574638640069e-22,11516738603694846e-24,5780027095680781e-23,0.0987234016906433,14343785390545383e-23
0.0011303746885669406,0.8946109372660884,0.00031413077570904835,15820534082731732e-23,4317156424701899e-23,10101890646782619e-23,20090500567766162e-24,0.09822020569161262,0.005724002435846706,266557644963587e-22
0.002974047820933224,0.9970256882557295,29060923671746344e-24,4156779186831158e-23,3959622930870136e-23,36950533459103555e-24,20701060418677904e-24,2794607515292305e-23,4262377115872737e-24,6383763674177372e-23
11756501078917326e-25,7841619803938074e-24,28225185462589454e-24,0.6072431864763956,0.0683871207831962,0.13734622062277138,0.029505761772000365,15241520142177158e-24,0.15751765092342243,6938236500527109e-24
5089934192390307e-22,20373213734302083e-22,4588188692197105e-22,0.0011713876190474707,5422414482787349e-22,8184535090017666e-22,14893499038134656e-23,0.9616307650982322,0.03718238104438994,10951473624402214e-21
0.004486720681051937,0.9954566869006362,4070323841967073e-20,15653163702483068e-22,1271216398823118e-21,7100024014564598e-22,5171176152479059e-22,10553786290871787e-22,6666269377309406e-22,10103521547790329e-21
11714746199931294e-23,32073250130041316e-23,26373667181239075e-22,0.5841753432731402,0.2686568217704084,28435138930529673e-21,5920602665620189e-20,9885738161861067e-22,0.1470754880934452,6418772582085836e-22
8347390159148841e-23,4557905619956438e-23,0.8351593311014562,0.041246943101443306,6239143828254986e-23,5309244459528629e-22,1687534605854809e-23,20223592694222657e-24,0.12359293273137213,33597944566181905e-24
368402827694406e-21,15858339324745883e-23,22462423965017474e-23,0.25133518011314254,5608473494090308e-22,0.23469342568528445,9634307894348156e-22,0.41767530859388513,0.09629331255865459,4971604352620456e-22
0.0005908017126840942,0.9994089567512374,5562495937108731e-23,37958448531126966e-24,19750191890740277e-24,1926386285017357e-23,11851048509381626e-24,3060684091609356e-23,37891020953632915e-24,28588721416164796e-24
11380405652290475e-23,5898439001473469e-21,2273256418465676e-23,0.00035721893931470877,3562031893789368e-23,0.06732350243861801,2609085758021188e-23,0.9132067338579535,0.019077456457408576,28991619975836857e-21
0.0027330600386680473,0.9972651646244388,38816888379972005e-23,12074627111542877e-23,25719018475924287e-24,25863867450272067e-24,12748248849652823e-24,8650703702634148e-22,3024531494221691e-22,34568198559453085e-24
5874537788494612e-25,29120865216135756e-24,7064831343685982e-23,0.2311784931241271,5455034700167952e-23,0.16405506690785995,3050883944014918e-23,0.4700373990232241,0.11068434108513896,0.024044514443803025
13091214685844513e-24,1728873400177737e-23,21736594837449842e-24,0.43832705209066475,7539367355397387e-21,0.08102577023920615,0.22006676412218526,1042920600153944e-22,0.2605727002651094,17506876921799645e-24
2538292072368704e-23,0.28205570951136827,0.0015022105845089746,0.45961645838095444,2880451894008202e-22,2071604356872936e-22,29367076905190744e-24,23362228345161218e-21,0.18622428520509376,0.07057742413429788
0.00016800462051655808,7561315013348686e-22,0.9878903865117395,3218347736420864e-22,1819562274134633e-22,15582172895973216e-23,9346932570411741e-23,35240889283313554e-23,0.011939606850781683,1403943405869398e-22
6692552268919516e-22,7213690317104946e-23,1218674063301584e-22,0.0006289555390933833,1068443981913891e-22,0.13064532177022253,52355555303956234e-24,0.8554505549656171,0.012684525425846745,0.0005896198395127202
0.00760696222537864,0.3213638388873883,0.6688973861025891,19091699384499273e-22,4000193575712206e-22,1123171421786042e-20,16850607713228037e-23,4699080903125172e-21,0.002112047275654375,135701845018638e-20
0.005980037513001168,0.8835046302013243,0.11051528903828413,5083357758807522e-24,9113853449685352e-25,5621917906238683e-25,6784771274510204e-25,15920896560922708e-24,19493685692916412e-24,597134373637931e-24
0.022681274230251246,1742641688208787e-23,23397276324468388e-24,0.1278417112411963,11616510375182643e-23,4097212470400413e-23,0.5980642462099618,20489030356551745e-21,0.2513920577647208,23562603658259426e-24
13114367020018933e-22,0.5604409503185644,4953424724311119e-22,0.2664506603743546,6435427695365914e-22,974207553987934e-22,9052502246291764e-23,4233147343286794e-22,0.17310490411329896,4236113400194933e-22
0.014775346647889197,2533059993719593e-22,5328885448014591e-22,0.3012777501850913,8551012783963626e-21,44464216235870553e-23,0.42835946376154005,2651508094598673e-22,0.25557724529070874,1471144625923261e-22
31522338312361258e-25,3845348117021789e-23,35238621237117213e-23,0.025514656405402528,8030680248681673e-22,4987738197055253e-23,0.9744835954162542,15927150561776885e-23,16196675365059403e-24,3257728025678303e-22
13853309412361134e-23,9931314201664046e-22,0.09388487421096403,20477308356272415e-22,9385458945409375e-22,0.06547205746636096,0.8406385601450818,16833937750866038e-23,26682353393403536e-24,19521462117526747e-23
3071896179111357e-23,9607862960690133e-23,15295532858713542e-22,0.42082059690113255,4651269853734891e-21,0.35706755466693657,0.11096321191148144,12137644492457397e-22,0.11114091852319807,19661207026114312e-23
16180603840967788e-26,281036402007703e-21,0.05784931830550436,8465511569232675e-23,25507347089088893e-24,4003768412160931e-24,0.9421502605753274,9464441676984038e-24,10611690740048877e-25,15229223822945552e-24
0.04328722962930595,23220426717951296e-23,0.7106335181177666,11533740403206288e-22,8039518129676762e-23,8512142220135912e-22,7720651542481571e-23,3986886485463799e-23,0.24607651817320028,29981659197562675e-23
