15419852445780716e-24,1381349349039326e-21,0.3580621291713712,0.1970876070136963,0.3818323835022848,0.00040715874559468226,147868311397675e-20,10357220128213898e-21,0.0625971739088569,31550383110172994e-23
9864483681281068e-24,4552687630666638e-22,0.3244173000017004,0.21262034368578642,0.4001003823997867,0.002368350550951732,2544845088184743e-22,4763344854279108e-21,0.06048802889574473,11150326297748981e-23
13589239388177263e-26,18450786749767373e-23,0.39587783214529604,0.1739404235888259,0.36561108687738164,3622317254921119e-21,10322696931538088e-23,3347419558022988e-22,0.06456639695746554,15501077228063293e-24
13948958287362745e-24,4312986538183316e-21,0.30963413739056445,0.2045117301501627,0.4318192204313944,0.00037539216591718093,1853767199165448e-21,2448441224547094e-20,0.05362849913069896,35561644816516495e-23
9915934490326819e-24,18464490142834358e-22,0.2918594655599924,0.2131368054887163,0.42953669802310324,0.007965032205359678,9980866620148378e-22,0.004805381865085693,0.052693529561299635,2328451474146418e-22
484036267845987e-24,14975680160197374e-24,0.3309413813142321,0.20712569053281382,0.390726440582787,0.011846507735581692,11128530767210821e-24,45613130727646385e-23,0.05935949178582509,5330289768809426e-24
15640274399806148e-25,5277615584456767e-23,0.300328213146967,0.2174227540517926,0.42017360391818953,0.007277907361875167,4111298072989197e-23,11367692477894114e-23,0.05479729356623796,188248614032991e-22
4562311774237544e-24,1430032273002717e-22,0.2924368293195479,0.21864953422090855,0.42970598873890403,0.00623423981441654,10984300511486082e-23,20288347353675755e-23,0.05297288518254395,6243164442779909e-23
3900562630558727e-24,3094577839421177e-22,0.28620519437694864,0.22436584146723357,0.43015852082250106,0.0058279879998449306,24261246798419535e-23,4480780589179108e-22,0.05344139385059815,5743391458493324e-23
7604781583519046e-25,3452906450237844e-23,0.32238486361080254,0.20850977294187137,0.4163823229520144,53738443458127105e-21,18538263726515834e-24,348683570345227e-22,0.052669200872737215,12482889023710425e-24
23054206330749474e-25,20532120257328715e-23,0.34792280487510274,0.18290665387538438,0.41981578733200836,3444296216804682e-21,9977090729587169e-23,21667408392377846e-23,0.04935074555709629,3999256782074345e-23
4007947613810331e-24,517653155290261e-21,0.2967243480656789,0.2301744158592143,0.3961838142038961,0.020342234770179362,7502966854507037e-22,0.0025645879774655405,0.054009257071721946,7009392754436898e-23
40091061179501125e-25,5604777506382706e-22,0.30107077402306726,0.22618516828743696,0.4018976797942953,0.01658029387978695,9268901484087618e-22,13490800614620533e-21,0.0542510437832262,10254059449878292e-23
31769857264737977e-25,13035938044650652e-23,0.29074459824116583,0.22371311284012227,0.43495043865091476,0.0004898202939621959,8778382190937785e-23,20626782432524392e-23,0.050101549082162175,5330390994974424e-23
2358612599972819e-24,1587727306920413e-22,0.291789218312451,0.2283601837245931,0.42305918758131206,0.0047732092706712255,15390184195095863e-23,8157787533241589e-22,0.052017027272647884,4322728031797195e-23
4261055215308488e-24,3841905725425884e-22,0.2845381552833988,0.22775054659674837,0.4225643586171122,0.012416012368905641,5596516645090923e-22,0.0013076615690875983,0.05142222843990433,8902555592166565e-23
2836236682446679e-24,11608730144680409e-23,0.2963091487010499,0.2217035542798755,0.43003649173093234,0.00013621708507869897,8256601903279769e-23,28634135932100676e-23,0.051814053118636454,4725356153768381e-23
17416399614176031e-25,6131528930790805e-23,0.3479194387859428,0.2000715015654428,0.3902164195576843,0.004560196537926817,7322046766120765e-23,11668607928060448e-23,0.05723216737097595,23218515383600104e-24
44156888250039516e-25,19224406379443723e-23,0.30344510302130634,0.21762945849287876,0.4228715104869824,0.0034652020839461613,13420789508105885e-23,509352536041198e-20,0.05258323461948288,6690220334157302e-23
4341046292174245e-24,38381553539988103e-23,0.3162747056480894,0.2023175297048299,0.42845684055555433,0.00012687958963451487,4389380950706061e-22,26099050216272725e-22,0.05282053422300317,7327924184850298e-23
7421888007677989e-26,7339252571671216e-24,0.3406884859841682,0.19799997388937368,0.39423251665993,0.009175385788557219,141481943508997e-21,1179942963156611e-21,0.0579023049033964,39361679105958745e-25
10618286335418705e-25,4541788008189843e-23,0.2817993536604988,0.21772212862933746,0.43588099568442956,0.01479267391265986,38172346058677536e-24,8781717784029719e-22,0.04980386994253018,15346876270084117e-24
33540727463087535e-27,12790251693818724e-25,0.28885194176826146,0.22468056710613787,0.42460747136578564,0.006692948291489839,2261552578417505e-24,12486975172804528e-25,0.05516706620834048,43704956288639956e-26
63328416758279416e-25,7333832098165396e-22,0.2727663056661826,0.22997895144822883,0.44391048895488106,0.001019131391273311,7416015785367053e-22,37857334405500795e-22,0.05231973104675309,12444489557004263e-23
6997793889603999e-24,5130799697586884e-22,0.28153867135579214,0.22573781159202524,0.43939379635398246,0.0004981947578420834,46376118645829917e-23,19525890919539692e-22,0.05282847644244653,1130697523359306e-22
2075642011663756e-24,6329307009411219e-23,0.25873119095268254,0.23014341556803614,0.4622731583822468,0.0006890759444816421,11264716700732904e-23,6728246996750222e-22,0.04816227696613446,31345902695236103e-24
12616801858670723e-25,42669548478821054e-24,0.26576936429281245,0.22610608281943695,0.45934126975139367,0.00044290668179218723,4568422182696428e-23,11314733116216666e-23,0.048340155456580255,18235231018704177e-24
16177871412190925e-24,41954290228878186e-23,0.29781903813991106,0.21172826940309478,0.4393408989351972,0.000392356116830736,6150198123840349e-22,4528877524631198e-22,0.0507177580854146,1756912104365694e-22
32091815987177947e-25,17252887907462263e-23,0.28836625724334936,0.19751147155056875,0.47072042555911753,16508679505521442e-21,840387272167023e-22,6587233557078987e-22,0.04338437178040433,4667859186518202e-23
14637637068223812e-26,5141836813882885e-24,0.2553601152283984,0.22509642204781638,0.4662404173932997,0.005428948648063472,4621624024048383e-24,11327700391206724e-24,0.04787407324812863,21966473791421146e-25
3280231390339819e-26,8539010073762016e-25,0.23075209164919355,0.20404920900514006,0.48036640035426376,3780774246458444e-21,15521640787619663e-25,0.0485818447250109,0.03624667028581105,7683609890485621e-25
3611701674851249e-24,16442444328876794e-23,0.28792548274403884,0.2319643146116069,0.43127376893236796,0.0014686888076353374,11054563798686284e-23,5662169976705709e-22,0.04736684165286409,5845256799892593e-23
3819087094846038e-24,34479024891916104e-23,0.2744600470644975,0.22939534019973784,0.44081329030455246,0.008914755860741811,5590013489213197e-22,984871086486623e-21,0.04641460068206931,7340695642633735e-23
16319329912215717e-25,37650239149128716e-24,0.24890183893392764,0.23745126395281896,0.45483138366062126,0.0070787309565723475,3265106910959757e-23,8631993295703006e-22,0.05173582576265078,21601043208344383e-24
52326432807036134e-25,1660913233865121e-22,0.2626727278660074,0.22911855341760215,0.45331025620584936,0.003046241473722953,12845616800088763e-23,2695704614818654e-22,0.05185158119202006,7049397460989639e-23
12141080938306602e-24,5244314214397854e-22,0.1870958443197057,0.22374765347649705,0.5540689183109605,46630555961477247e-21,612466385377858e-21,11629969740853787e-21,0.035027926362275696,2479662697351182e-22
34950255709615673e-26,10708179825647675e-24,0.23427351636132418,0.1858721426775496,0.5403302492704025,5713709016004129e-23,9251258187542906e-23,3801447953427281e-22,0.03952354358145637,7607924070619294e-24
7046567735199122e-26,2335296359670825e-24,0.2123506775316063,0.21513179723769837,0.5275805872931556,1659233336878175e-20,2245661278262281e-24,1107436336614953e-23,0.04492032880376071,1074577601008286e-24
1872739045224223e-24,51034082460376156e-24,0.22737775559028117,0.2071972924948935,0.5136625508608461,0.0005923545248795747,4199827057494929e-23,7492892299237322e-23,0.051169852655288256,24037992196269357e-24
20325525866190586e-26,11378950454413578e-24,0.21164341013919835,0.2047792588041217,0.5351287929191908,7342208495166361e-23,22287779891843544e-24,37258260173571284e-24,0.04844838991097632,36761863439721115e-25
11720840188275381e-26,860953833929587e-23,0.2186160267881882,0.19590358025554716,0.529371867572437,41637559320663943e-23,11370591497843034e-24,1916831620103947e-22,0.05610789328345833,3944635304733443e-24
12678570691713766e-25,5314997965776989e-23,0.22074020296124072,0.18402231423301577,0.5492632904373226,15840110538084258e-22,1558655700671425e-22,2097462996245591e-22,0.045972164828602044,2350050942858873e-23
51387379208090035e-27,9749155918846303e-24,0.17623849193296523,0.1831756595785082,0.5990870221234258,4327517326681155e-21,17466706165943468e-24,50342808120390945e-24,0.04149441997388937,12638892420275663e-25
67578030562741295e-25,1111877460068111e-21,0.16884426006469766,0.19258813586928514,0.5949067237511092,69862374415191955e-22,2277853634583876e-21,17727430444469105e-22,0.04364844683751564,27800875330940463e-23
7853649862236682e-26,4137628646174973e-24,0.15972508834149385,0.17973525109113844,0.622690121646822,3445517736809403e-22,1255455009099694e-23,12530199924516738e-23,0.037849050463512966,18325300213009493e-25
41958844293075413e-26,887221580187565e-23,0.17701757432418727,0.21173105020270777,0.5629529653808113,1196173207481581e-20,7946587806854015e-24,5734909195589811e-22,0.04828585197732192,5653474199490027e-24
8316921098179075e-25,3477282893370832e-23,0.12847905526479203,0.2145124940648095,0.6140333888377613,11252290378599441e-21,23522452746573897e-23,0.002451484173887254,0.040512036702092004,17837233097991072e-24
8925066499496768e-26,34115351907005964e-24,0.14656543561223973,0.21026864646611626,0.5998686227666659,3679802423486845e-21,276208175224067e-22,3856435019994509e-23,0.04329351402266977,9398855268493318e-25
147720571506079e-23,9434852380472877e-23,0.12627359495077073,0.21841223941902377,0.6129003645148259,6154407950896502e-21,1353682805369661e-22,24718088661544187e-22,0.04240491188037421,3182399961180031e-23
15471085038408614e-25,13571699942983996e-23,0.12330504251045933,0.21058661662712008,0.5943919185299301,1803674076001493e-21,6034659324566002e-22,0.03153056455808139,0.04018326280766288,5056301474517154e-23
13428306251335882e-25,12839224684932073e-23,0.14251776755885295,0.22162946494100008,0.5924629737824553,12866564681826304e-22,11315008637350623e-22,7027698168575286e-22,0.04338651270396038,3035107436929814e-23
8598935204722502e-25,47619467519688354e-24,0.11095086601412159,0.23286154364773867,0.6167890002870765,8839273277409343e-22,5915395444035956e-23,40747142471846056e-24,0.03939754150222708,1624105847180351e-23
2761032076135349e-24,12942344562934824e-22,0.0893941875374204,0.2390436005487698,0.6241205694105183,21491430117865615e-21,14795024945274558e-22,981974226147191e-21,0.04741631177432969,808266280668477e-22
5033330356527849e-24,33222946296538512e-22,0.08433058760205588,0.22951390502722308,0.639359078669145,27447637331111927e-21,1138790674734674e-20,57409747930521355e-21,0.04669618467558341,6714093047474819e-22
6759982346141288e-25,31050815220911694e-24,0.08688399206863097,0.23541403212845952,0.6310382419884972,10340458180284931e-23,6609000921711631e-23,15037027988043712e-23,0.046663372001663865,10220033360710948e-24
1603483804688443e-24,7536699217961624e-22,0.09310008856443674,0.23187468708507528,0.6328870780796019,6997490681487101e-22,6750790962683833e-22,11166335232085372e-23,0.042135843865257115,6064070129647344e-23
10791152334610237e-27,5160020358679908e-25,0.11472416423529663,0.236056201613042,0.6014616890059147,6449107245280093e-25,40099495019045234e-26,44946278819839736e-26,0.04775794298021903,14337325835479622e-26
2073415846164481e-23,7629699347155494e-22,0.06534925524930667,0.2366556866257933,0.647507235685611,10379222192701172e-22,6178326493862322e-22,0.0002736673432448323,0.05021147759358856,23804335300648332e-23
7523081814763092e-25,3050730583945279e-23,0.023129646629683157,0.2417509609540303,0.6790302164829168,3619059763322757e-23,19723376148735615e-24,0.01446089863323467,0.041628178972726436,11153882593578455e-24
32513234225675196e-26,17118124699735937e-23,0.05867085957982304,0.2517419834525285,0.6424428640520533,5545685127460707e-22,628604174380208e-22,1396187392075576e-22,0.047143359209881934,5151689896016018e-24
5831858154651444e-24,3013241202961243e-21,0.07950644545287569,0.24079880919235264,0.6328350956026592,5059131491439705e-21,4012679751278975e-21,7852320655319061e-21,0.04683961286222774,9368507765102679e-23
6553937485935672e-24,5768301909463524e-22,0.04561560042534065,0.2341226179999953,0.6517247584689957,36548932895039067e-22,14791332180224463e-22,0.025907703025542825,0.04262349617288078,10649668380298521e-23
8487564187674277e-26,18207109316969414e-25,0.019704691147286072,0.2565882240499883,0.680474651687997,4799110896782452e-24,19431232629857596e-25,6644243418323471e-24,0.04323241648273215,133976397946161e-23
4683660311121129e-25,5439159316705539e-23,0.03299278285206848,0.2594125639921983,0.6605617807040775,4134071177075245e-23,6720631414239196e-23,21097840344943132e-23,0.047032489334740316,8731195635791923e-24
1319841540372302e-25,3526433828302912e-22,0.07188333147895616,0.2536479390581948,0.624035813603349,8803127628836665e-23,24961815135903566e-23,4642417204139414e-21,0.05042757240929297,10608188285473931e-24
5268532046739029e-25,2989471971944201e-22,0.025390079655029426,0.2501951609230941,0.6701974641823806,19217289545718018e-24,19122702995030675e-22,0.012052955020748,0.04216208998908012,19268033930291573e-24
2696694409254223e-25,42110533167389946e-23,0.024332544751058678,0.2613970846009723,0.6681992074844089,16172067950742676e-23,3018306513227455e-22,14896661648865174e-22,0.04606877068202986,1855282350101214e-23
2352159021802295e-24,5941518764261314e-21,0.072572697602339,0.2491830407331332,0.6258160400546029,1993991454087719e-21,18140057767420437e-22,20230843501445762e-21,0.052398196287734664,42610241366640974e-24
8057182342782846e-25,4698378719837574e-23,0.0011149983492257636,0.23513359158251038,0.6991413220251593,27181069026239277e-24,25682846173220994e-24,0.02766069306742452,0.03694927503619276,19286129978890906e-24
5862121905616014e-24,5941472651273673e-21,0.041477278964444954,0.24509476161816537,0.6367027966591924,34999200035445532e-22,3083957549072881e-21,0.031892356966540115,0.044819990951905864,2836341033968119e-22
6357961197110306e-25,25487069754507774e-24,0.027154322135017124,0.24849887335194654,0.680012502636646,25911433856543084e-24,345094931820643e-22,0.002005797530312826,0.04232840492621328,12875667283437141e-24
2621257321834086e-25,8250722670526378e-24,0.013557460584549865,0.2508089520736682,0.6899500948233873,1003935636760266e-23,6260682175465777e-24,0.010534485294950007,0.03514897560202299,68085601914012925e-25
25158859112557452e-27,45469202824130354e-25,0.053791637187491484,0.26696383102338206,0.6381464949292227,1754431868848392e-24,15455151618019214e-25,7385985382233435e-22,0.04109728876173269,1627384003537827e-24
5847114625856831e-25,19494829188439597e-24,0.03988815911398791,0.24531859667555722,0.676115551984572,2316216424574778e-23,10668849611214542e-23,0.002036391921939947,0.0366411359338744,14440255180323032e-24
49340371291058487e-27,1211771596942725e-24,0.01493291558505574,0.28219997811053044,0.6473969639826831,12346788820325016e-25,6677796142349766e-25,0.013480457443107708,0.0419896810230636,6918800925190583e-25
5131200636593364e-25,14575074733447987e-24,0.019594280052401557,0.27977115635599503,0.6576218921248318,1337734012796912e-23,11201420861089787e-24,6241510525340573e-21,0.04300638226789379,8018308546884101e-24
8660212706740562e-25,5131921514680666e-23,0.004806423413368088,0.27234928234979605,0.6842632896239285,1957309814004104e-23,8465618175468559e-23,3757820854497266e-20,0.03854325163137501,18358622957600755e-24
33887968222148266e-26,5255788856592119e-23,0.02749842643430229,0.2719194646138288,0.6608156803101971,23278988447417906e-24,8467246223713668e-24,16659729478730979e-22,0.03976467269546452,53406394111001175e-25
33967616769280623e-25,15865107258695935e-23,0.02571002007913854,0.2749687186884984,0.6544146513859147,12230670982317728e-23,5537916236628112e-23,0.00478190484844063,0.04012431260400973,52659641866127364e-24
23482618199661776e-25,25548090796716913e-23,0.016482553326033864,0.2808722061840152,0.6571727807580747,749383651553747e-22,4672141814906244e-23,0.006117474794761606,0.03935457240460836,3304382830740488e-23
2595593325227371e-25,5655128948092776e-23,0.04433890979778358,0.29176279502768354,0.6235159223146298,1454181688717542e-23,43582542318529155e-25,10827806960420506e-21,0.04037146676020054,25812254681830197e-25
3060382604235504e-25,18506749917171738e-23,0.0033436553316051566,0.27720464664635286,0.643036882257302,13105948138106295e-24,10570162343685445e-24,0.03990872333232966,0.036505867313899085,16069217400732746e-24
900259257370341e-23,15315739842272115e-23,7139991818323797e-21,0.23784427448787215,0.7397109762619533,1720466375970443e-22,11817774625749633e-23,7346513980750192e-22,0.02141574131822487,0.0010206809056890259
5879808671890594e-25,15456234346880696e-24,41105046599064607e-23,0.23450971029259224,0.7420070351349967,15457757014609277e-24,305578323501875e-21,5006713690912466e-22,0.020557828642208533,0.002924177128174228
15268924668255174e-24,848714425728021e-22,22510176594005614e-23,0.2053955527260689,0.6854237557469965,1461174295871737e-22,16395546244457196e-23,6230618441304101e-23,0.024225936065875107,0.0849540578397898
4161095504782488e-24,8028000120873632e-23,4998432417428669e-22,0.28333630525656095,0.6818847164140703,7719890990961877e-23,6999804374836035e-23,27770992699760163e-21,0.0347503126522919,16319736089042574e-23
3768791115197773e-25,3413902206902763e-22,0.38517463988980516,0.16702987696829746,0.3928664817954311,3735452537592757e-22,237966166800527e-21,767589434212798e-21,0.05492454492312471,27355553672229332e-22
3009689857250337e-26,6282784651275654e-23,0.16179463108864114,0.259774752450149,0.5335107927239083,4565468049425153e-23,4951702538410693e-23,8564325435749117e-23,0.04491956939319528,10671251882557258e-24
31417414221475644e-27,9036166830897251e-23,15113190051205638e-22,0.28049164551894984,0.6904470504062561,5358533989956347e-23,15111178432578888e-23,42509973916002135e-21,0.029015768435445274,12192562309954223e-22
6730229662748136e-25,968305016745661e-22,19246158723676345e-23,0.28388521836410574,0.6850953823973669,10038398483322404e-23,3817412323469781e-21,10761426938336437e-21,0.031004365356644865,6469349584526795e-23
1153684564282186e-24,969133212265817e-21,0.24087805706855273,0.2393605412399272,0.469449153330235,851659771368139e-20,10044043609963365e-21,3828970770133303e-20,0.050252961325438925,14664020722253971e-22
5144869047151345e-24,13628762639663808e-23,0.0806240786756268,0.27867591285969606,0.6041799024115444,16667296258766722e-23,12924484510373866e-22,0.0002095905541732411,0.03630832701947521,5879255164139058e-22
10504267620476597e-24,2538936971305673e-22,0.19341719861746795,0.2212551657752121,0.4889203584141817,18311715392708758e-23,4176901361130586e-22,0.05390677328280477,0.04249925491925063,38378581393366465e-23
30991354082517926e-24,23019549120968413e-22,0.4955388506986961,0.131857318408869,0.3153808392049891,10368588908343985e-22,8113125004523031e-23,33703690093598963e-22,0.0572158274227172,3429592159646239e-22
29736054556221744e-26,2718572342488625e-23,0.368289434512943,0.17590371672441132,0.40764364050712026,31180135719073856e-24,39421597196509885e-25,9114987248681686e-23,0.04816301995427409,3454601475714718e-23
3306864490868405e-25,6911902917683356e-20,0.42108441789111734,0.17447405368115937,0.34993426446970316,29172305651266285e-22,9824793058648936e-22,8356526832167897e-21,0.05442255439603248,33339730754763735e-22
2140129088193429e-26,3516613868790461e-25,5999949832860721e-23,0.28914451409649516,0.6616198864073246,98413110802005e-23,0.022616880988088662,21272263762986762e-23,0.026618435391594895,9037588009159621e-24
502365402528414e-23,6998531242602402e-21,0.3523344994217707,0.1759698104079862,0.41449653076121484,6317488143870581e-23,16243365433988584e-22,15042893020474513e-22,0.04433708503134046,0.012851879022091003
9383874826079893e-25,2980037807568844e-23,0.31605593228623546,0.18774193405747058,0.45577565743738246,18023701891527248e-24,23005525029307405e-24,29125770335312132e-24,0.04042635676472197,18560470911757368e-24
1710494283290512e-25,11655619248392706e-24,0.11179805772413165,0.221948202451044,0.6246100913198667,21877759602257424e-24,0.01766934442375902,8894939286398348e-23,0.023973993192985047,1882343885695805e-22
5182835124116564e-22,6352699982683818e-22,1179884225214773e-21,0.22511072421030395,0.6875783123451019,6533907491420362e-22,0.06733892573443938,71989822090133765e-22,0.019961351594407026,5251338435008975e-22
797922386029477e-24,0.004955400071362918,0.4087871874973705,0.13405570437377407,0.41305018837250806,11486724250989607e-24,36921817043788496e-24,26783872620086505e-24,0.03915140993680448,3375816369482871e-23
54677295657729466e-27,30824727678490545e-23,0.29511410819198175,0.16342326025323256,0.5097313285881605,21411550775487218e-23,35154882175355006e-24,14489032768229986e-21,0.03171499156955193,12647918973804676e-22
37762782954917015e-26,30759376939371614e-24,6467182610891812e-21,0.26721995135577137,0.7143182097427908,21631971574265265e-23,12234700705211924e-23,11953519389892842e-21,0.01844277007874999,27831690636334375e-23
3613757684631334e-26,19295874042162794e-24,0.1299381715214042,0.2030379700509057,0.6197290969516289,5314529062898902e-23,2007326283128875e-21,0.031541911075865625,0.015749470138574084,13004580311711282e-22
4003401109503492e-27,20030235975130488e-24,33705360528923315e-22,0.3027421248534178,0.6760428261607214,25393507959510512e-24,5297841685413639e-24,18649849753100896e-23,0.021211246482893888,1947444575630582e-22
32244875924393967e-26,1737405760944386e-23,0.36897150551975516,0.17053063221721296,0.39145764643473907,16080103892790592e-24,2297263137170433e-24,0.025448884698581243,0.04359110499178206,19006405561089608e-23
16986541308732373e-25,9786077513253971e-22,0.00034771697594737725,0.31668387358389877,0.64497111505553,41670891727357265e-22,0.00835305900495609,8768164844756424e-21,0.029116013757498237,0.0005143060636515935
11725148831460023e-25,14206151802614105e-22,0.022651431598801428,0.3115747538122627,0.6367329914262744,12524436248414323e-22,11825821928563767e-23,12492506635662691e-21,0.029024569952341085,968214131264337e-21
45973414399161077e-26,7985256089481935e-21,0.5067501384974736,0.15164389354982172,0.28300092151516826,152593191934849e-20,5109619826283962e-23,5267272044533265e-21,0.05858784188055201,2374542574232316e-21
18174266724096266e-25,5374976936995691e-23,0.08971767475859302,0.28578475728408176,0.5705267936657137,6646883958769587e-23,40418872077977084e-24,6100876672153409e-22,0.028393444096287322,0.025576557652767524
1354807098885246e-24,0.0027889966179758165,0.2974752043392726,0.21501308167400893,0.41159003566880636,11412290072605192e-23,3044545401228294e-23,0.02952986858292192,0.04354847406401948,54193129686593835e-21
8510425752874126e-25,6993933278893978e-21,0.1419283837001588,0.2646056233157074,0.5442659208354563,8829119664251889e-21,22622055032167077e-23,2449260775476902e-20,0.046576456450030064,0.0025830729665546346
7961572368050306e-26,4731468826740944e-23,0.28244888051376155,0.23441148359200126,0.39900886879490066,3652096019099259e-24,19404772639465963e-25,0.01881483242653513,0.0653158797633318,19226040043355146e-25
8915893478129308e-25,12483636723938596e-24,0.22974168694136302,0.22386989828554202,0.39750672160742473,7742271827078301e-24,6292929607489617e-24,3910545692744313e-24,0.06740222743356547,0.08147943441112239
4617005995527285e-25,36829258285983797e-22,0.09736657132801964,0.2865428106115943,0.46976736140201797,4457794321735043e-21,1467153864923113e-21,0.0793781884128338,0.0669342391244098,12207866119090646e-22
812559017978379e-24,0.15504522588898184,0.12847020900305595,0.29900319339456705,0.2866500553756229,7357351914889395e-22,35193560650690005e-24,0.044390977788372706,0.08641542834585343,241384623333702e-19
3780358552469679e-25,19478584147239605e-22,0.3090966000065858,0.2220208273452661,0.3410268989859995,1772848785298644e-22,9658360657363426e-24,0.04861706132070468,0.07922045827278029,16018888954228826e-21
11748715010825008e-25,26099177982637006e-22,0.05526742834257511,0.28523324300801634,0.46077667173873815,24940545940311826e-21,9086686575353158e-21,0.13132278700784702,0.06735888708339792,4344494237444032e-21
18755273271960782e-24,29509532199309977e-22,0.0023766536696561563,0.27588031669243085,0.5568806102067971,29485971989568696e-23,11398381300162771e-23,2416928228157449e-21,0.0510889645538245,0.1137676593970914
5252741125753556e-24,5492272444570506e-21,0.20680534280070245,0.24849819310403112,0.43792616043329463,28717592434282377e-23,52705661971929e-21,979192481445595e-19,0.06669749724206928,0.03996904976494246
28690434496433914e-26,0.10559660757085713,0.06743367994213109,0.3334261649422566,0.4194461189211087,12189633988126986e-22,8184217167892018e-23,4315888877454697e-20,0.07405243319045957,5354519608699211e-22
16366685711294133e-26,47768756412035734e-24,0.08482794213725255,0.3047419924365627,0.5476745827916765,7818716738314528e-23,0.002123483009807612,8054643464648278e-21,0.06062376016435146,5869725044888166e-23
31542714075695514e-26,0.14369630147272117,1712441688273697e-20,0.3510534336198892,0.41895436870567143,14239663081957845e-24,7656719163675737e-24,12280194159643696e-22,0.07213122213361833,0.014146299419983362
10773388386656483e-24,447367161906404e-19,0.2246527736247231,0.23551213963551848,0.4406981413585871,20527407048093435e-22,32124151684906056e-23,914300550441681e-19,0.06422014910850112,0.034778244746081585
7415784315581817e-25,8455186778328711e-22,0.1405887229035933,0.2695623721850472,0.4522956066518989,10163727598871172e-21,29579345067020757e-23,0.06802593660618599,0.0695135783418327,24775300525105607e-22
7269577260066282e-27,0.17411994873064832,19934728398974914e-22,0.3159888223748141,0.31122431170416237,2632079613073415e-23,807004488258646e-23,0.11382711865791473,0.08483774858264849,22078884809917894e-24
24427036936442128e-25,0.00035679458424053324,0.19467730955814924,0.2258201811660552,0.45501012094931303,4194742652799555e-22,15602776504463747e-23,7567221874922288e-21,0.06222508479903531,0.06190236377660181
14896136091276185e-25,25231054067821417e-22,0.08902232714024942,0.2778969486182437,0.46829835226228544,6061156935789256e-21,18573180264727434e-22,0.0960950644130101,0.06867479988766488,2064608563516338e-21
357163493010971e-24,9564209302440453e-20,6793857427040122e-22,0.22319611395312064,0.46244269764846774,4036440621228797e-23,21714024657457854e-24,0.2577394913646139,0.05652524745180183,6566767869767809e-23
22187293973516502e-25,0.24714010873810005,6904505394721475e-21,0.248583256738574,0.2416685681277807,5331782566756012e-22,15133420568372333e-23,0.1798079813795615,0.08274764105478619,4485272456513777e-20
18042982038882782e-26,54565718525824685e-22,11422721671324777e-21,0.2878797563023903,0.6658281132685546,5734857885089976e-22,2368666220080339e-21,6218573252738221e-22,0.046263624220567456,806272557511646e-20
28749883131683684e-26,781922591820957e-23,0.22927421283755214,0.2021162552971189,0.4540445622212094,22980007564701232e-24,55493707625210136e-25,16007227766821853e-22,0.05878304643759277,0.05578028584749357
39049123326344236e-25,0.2212947043854495,825660050635525e-20,0.2664668317914662,0.1664445309493856,338826138235386e-21,745167508007306e-22,0.24898265696530678,0.09680037201722039,2230043022645326e-21
30796912776493463e-25,0.1381348767738645,0.0002490867189408061,0.2842756611339511,0.32334836457453137,7486927015776545e-23,48437563258411544e-24,0.1672875936269895,0.08472818127943177,0.001976109506014499
2668276950371267e-23,6242818641665482e-22,0.23877610626152276,0.2221850240046672,0.43433228285056213,15734220255263215e-22,6449218825194725e-22,6015511107224439e-20,0.06398564039492624,0.040657922068655046
18243992839714766e-26,4826394608484761e-23,0.17663489817224629,0.24593034559063234,0.45153240252764165,5063609965583026e-24,31177496632183584e-25,0.0190363362169982,0.06576338383595264,0.041102577028786426
11863267071955337e-24,0.04575148699580752,0.12974143802521693,0.30114939284585474,0.44989254418848684,339521818501513e-21,16491383104101396e-23,4171203719608319e-21,0.07345786251964438,25879318218134705e-22
14191669896752024e-26,0.05537915398918508,0.18464158271791345,0.25090058061728476,0.32050492679072756,41247068466754733e-23,5607481132253276e-23,0.11038180123493767,0.07819022553311185,12604294312442788e-22
8375130155305141e-24,0.01271970720249131,0.35756970130940247,0.1992877102842362,0.3032276146253897,836375426199094e-21,1223019554332316e-22,0.051120806809014006,0.07607253750315048,9552137683195946e-22
6172239052946525e-24,0.10240261066194753,0.0004300647863976605,0.25283308726673015,0.22397621303376905,21249174820839912e-23,51585485847625904e-24,0.3283344745189454,0.08200472261873211,0.01001855686401577
12033049789239067e-25,0.0003762795424503678,0.19323468032208024,0.2346245601138719,0.4128667790123757,4894260694501035e-23,33057071481425544e-24,0.0857208628317776,0.07017448007675715,0.003002274897617142
8897055044222867e-25,0.004757445279616586,12376665906424814e-23,0.23457311441488243,0.3336976747680763,16753112651047894e-24,15959242238187248e-24,0.34243481006671045,0.07248661240072622,0.012050185701272968
3188232415434631e-25,0.1383366697197115,0.18571393694726734,0.2517485235271239,0.34829454626540063,5184774025985704e-23,7696499451089568e-24,1398643006585425e-22,0.07590193645034969,4187362779430525e-21
11156463874614917e-25,24361899514982986e-22,50929353382742244e-22,0.23196495576732973,0.361047639413833,4765571709567924e-22,9588999703982943e-23,0.34003632017371554,0.06678872719168309,0.0001542547653351949
18185333384422294e-25,0.12383289009416563,0.15335010293840615,0.25284011936569334,0.4033366220391578,55600289611875886e-24,1584845213955537e-23,8342242254453933e-22,0.06663833575798991,10223131083315982e-22
10909099430436995e-24,0.16406771022976926,0.00015989999057666997,0.22122023068590185,0.20360788837528104,5327487050000006e-21,9413778879056899e-22,0.335585330176289,0.07531527617660094,37384591544672736e-21
9612311463717819e-25,0.15471996190070467,0.037313725499142074,0.2852904033898613,0.4251761145303709,16500429968461516e-24,3459311555774448e-23,0.03204208834425737,0.0654570673228127,5869580335682797e-22
21119860103929303e-25,0.021802194226882544,0.1956368516139609,0.1746065568996588,0.32202138628706856,3130155899090187e-23,29531573897679127e-24,0.2171223553440287,0.06877427583526362,3631684803623043e-20
12122476123616518e-24,3571918075602628e-20,0.33235101724646565,0.16740191657809064,0.3562411542368122,5490478452928294e-22,11785840641075112e-23,0.07337170138056263,0.07055215810248319,4565424593484628e-20
256612115544275e-23,8448556705345869e-20,0.35575814659417426,0.1845808941042687,0.3885397173923817,2838812369360023e-21,378158653055766e-21,45901869180676363e-23,0.07101133763414612,21740152141940883e-21
12144755236686461e-24,4927197791551423e-21,0.2524232962179323,0.17845002240132612,0.33516392375729515,7565409490201387e-22,4571449327664642e-22,0.1657058676201061,0.06823300076158109,1773621333528365e-20
11564644164820035e-26,3573302633478215e-22,0.4665127728776547,0.15019092777227244,0.3053387498109495,4966872696692112e-23,4853771463039946e-24,47723994899476134e-24,0.07795673584075953,3540059279942239e-22
7868513003174748e-26,0.01552146099429922,0.4022796720187634,0.1714691950061157,0.2476829947024866,3925529744088418e-24,6437739974851755e-25,0.0764780140989965,0.08656864847951286,10052043569033677e-24
15234331349695275e-26,23442130098110057e-22,0.4578370091143951,0.15855306903965574,0.29996112274532166,33610409100779076e-24,2307705891586733e-24,3878127094121054e-22,0.08364600516233972,25842054892943097e-24
57358022237967346e-25,16063759427845098e-22,0.456369744062002,0.14874624718731375,0.31279132759196443,1713091113865173e-22,7058770839994915e-23,5711673766526092e-22,0.0820899746826062,2813001042249513e-22
17543185305845012e-26,5297778292132985e-23,0.4735461214293561,0.15626264680442453,0.28220029277970565,4463047162595191e-24,27970112402211465e-25,5986567895161469e-24,0.08799086601872741,65679515465399266e-25
29763900251995725e-26,0.10392481453094106,0.3265353757041544,0.21644308557380512,0.264965045196606,17767959161535185e-23,2550526561927166e-23,46150767682937575e-23,0.08813075128378628,26272052454723787e-23
1007047387951526e-24,29507522918810697e-22,0.07116821262307355,0.1966965939521473,0.5594451258002018,27415043201454274e-24,943263394486391e-23,0.10031642598711879,0.03603286346491727,0.03633778956552354
1947615762963276e-23,0.006936428556584759,0.007905791750145367,0.11612561783325381,0.691024175375066,19154778447407418e-23,13258472194803299e-22,0.10971457903273288,0.02957999224457197,0.03871187833647243
18577963385150633e-26,4156494661602928e-20,0.21709852867792595,0.08696761923233991,0.6462397274736198,13661470567190377e-24,5983154800810095e-23,1004898624698712e-23,0.049310426309844724,0.0003420496326390994
1872015961547282e-24,0.003573014132778979,0.2566029913384801,0.08899020367601426,0.5976594989599503,3144088168337823e-23,20730445678757836e-24,51761802073796005e-24,0.053148985076124845,25201011838394663e-21
6793616602934977e-25,0.011442221403678841,0.2801512975074665,0.10563871449240968,0.542521494294853,317781096471291e-22,48293404449710045e-24,359053037855749e-22,0.06024523429529485,9213499811706076e-22
1027779573565969e-23,0.00585105567595029,0.2505048090351135,0.13973444693741116,0.5443059676938579,8046844551396621e-22,5992554286256101e-21,17974290421852253e-23,0.059357443894010264,0.00023928950434570567
40615118291043434e-26,0.020358044239324576,0.2882593449038875,0.1454697347190283,0.4764411209835793,7629824460342923e-23,7171527730693417e-23,23394072736712995e-24,0.06947135294927573,23039115415251447e-23
18832952985678402e-24,0.028408520769127844,0.18399804973102138,0.2420291840439828,0.47333057158662417,12773702241127954e-22,17332624529492746e-23,2939904198358148e-21,0.07218611399102733,4315044458726462e-20
11143395015397007e-26,0.23915642224698813,0.46476177720821527,0.11924955701061002,27649911865865184e-22,15392938702599407e-23,11778136839019412e-25,0.07298724208138763,0.10384207955269252,16902799422601666e-25
3963786763715586e-23,0.30222677198009806,0.6061799524649473,0.00023665984906164235,9311244925367478e-23,55682433316069674e-24,33249362941398054e-24,4959627759726968e-23,0.09135625945019925,8497704627522312e-23
6388678543424177e-23,5318675845440612e-22,13681052724560537e-22,0.3695958917027007,0.4769222246223628,0.00017622811192117768,0.05163234553632731,5087424197809556e-22,0.10167054491154862,29251307867178306e-23
10444250324876606e-24,0.13571214756179825,4157670196441239e-22,0.3305952490979325,0.09175573142825036,404320422866e-18,970045361271906e-22,0.33556082146303096,0.10637477187862147,35103413272051867e-23
3733352604375297e-23,0.23849087186864582,0.6747266653799334,3945602558264017e-22,2444309514091693e-23,1272847751114369e-23,9024008916826442e-24,15436360290603732e-24,0.08678193444515155,3478056388557472e-23
1886756403805048e-24,17893756109483114e-24,9962431442076168e-23,0.380067214172651,0.4910419336646437,6693244817006232e-23,0.025389340173957085,6184551492213737e-23,0.10350124470168647,1910426813980933e-23
2979908383488153e-25,57605499145443844e-24,0.5397924966876315,0.22424485326703741,0.10535377634454732,31001950329467907e-23,29174427607324007e-25,5680231653031194e-24,0.13060849253496534,4645717017281861e-24
1230764557488681e-24,38698627436320986e-21,5895241994981898e-21,0.3483499217848598,0.25313648092237007,0.05018477758526396,0.014640120538075148,0.20711501800584797,0.12643911202163863,8997404174869309e-20
3034471606978858e-23,0.7750316578182673,12338569264993572e-23,0.14227432681836227,2158862493480849e-23,24542842105667803e-24,11488362764782918e-24,20382819010980897e-23,0.08269351732420835,8285838032877784e-23
5192658335697543e-24,0.2671350982913413,45888951288406357e-24,0.30404188378800284,15454375548934756e-21,20861430978415867e-23,8097404229586883e-24,0.2981512951325022,0.13065599772696648,28923630079654352e-25
14140420800725478e-24,0.542981349202597,0.019498248526599364,0.189314950428741,840997286779597e-22,32185322525523484e-24,23858593383969122e-24,0.1414087543924217,0.1067964830528619,6011403139285847e-23
28264840136395966e-25,0.21448102944041922,7402161748992294e-22,0.3313843817077574,0.11634956923737326,0.0010226421664089747,8387389844628612e-23,0.1866753047524544,0.15008590479242892,3409865110910159e-22
17883601984816817e-24,5873188695743807e-22,3493348356017293e-22,0.33524446698829913,0.4169602312480202,3528295587255318e-20,0.08514959977432568,49534000939165795e-22,0.16260438388960607,12720647516450154e-23
6125935852216054e-23,0.19743325484538804,0.1101549503081024,0.33032388908044347,0.18201901084287966,27560880076947855e-22,6836936619895967e-22,0.010327309912367105,0.16973556669704845,2517272762995516e-21
1476375657768681e-22,0.000502557929659208,0.7069838932950364,0.09891894252696362,7791793018335996e-21,22053133825394451e-23,1821537220664677e-22,2147349012126218e-21,0.19358394573354623,1710501379547855e-22
30422583869654315e-25,0.058801934495948005,1788203430877616e-22,0.33738356532900965,0.04023512336471306,0.053017905151214136,22704800689564288e-24,0.363667083548888,0.14689414219841174,4134441274842782e-23
17141740087359622e-24,0.1799278672685928,0.4755764724010861,0.160372362868682,9974208216213127e-23,6367673029622233e-23,2796325259444788e-23,2328194616766464e-21,0.18412073509349733,2564952438569108e-23
14105747216076866e-23,0.27476540405602873,0.46545347979760465,0.09755730909877929,12274359887015237e-23,429418598763521e-22,46483215463131456e-24,13301610217104128e-22,0.1622220800535668,4360687147272648e-23
49960615457348835e-24,27193065022706995e-23,3419472261740933e-22,0.3050200422699088,0.31367996355615874,289315659700119e-21,0.132303435463307,0.07145560054241991,0.1775397948851315,21012892186517946e-23
33280168209655866e-24,0.34340372528243124,20758812114651196e-21,0.34675150448356074,0.11319109648042332,1801847521039097e-22,4180214698698426e-22,0.0012916117111730942,0.1953405305032979,14124063471750746e-23
372395987639342e-22,416509914628203e-20,12934283979134297e-21,0.3465405299552526,0.3559786496645432,11676737294767031e-23,0.10723500890233756,4285791835729639e-21,0.19022420810136922,6419462274253347e-23
15010884493735085e-24,12812482071884703e-23,0.02058118697502307,0.1584955286133218,5530024575683493e-22,0.0007268700346830777,0.7728636000170529,1278223715684451e-22,0.0463462671090478,0.0009857232903409474
4794323393783765e-23,2357659874635136e-21,0.16529713013723893,18108081695996942e-21,16878299595204748e-23,0.0755696987078557,0.7590710291168788,11579395741227615e-23,408737335694017e-19,470042692071897e-21
4627333779333524e-24,4505558169187506e-23,0.031180990478671906,0.2712617373879992,2483281109526922e-22,0.13027910743685425,0.47162816558928794,8859162098446825e-23,0.09564954589312771,6661140527709254e-23
496753781139119e-22,0.1435879735608012,0.08351805640317006,16079319436546448e-21,25478419944642744e-23,284362029122797e-21,0.7668021974116389,21520929994804097e-23,0.006074196273954681,6930000799024697e-22
0.01766366241059377,1781200786048426e-20,0.3953110590974664,0.21870454411603027,14491277319080205e-23,0.07215408020376105,39830185277369155e-23,9075260924568305e-23,0.2961475141772638,6940197953991731e-22
22595099653652903e-25,12488059593285674e-24,3923221063307223e-21,0.5574119407726982,635079769799117e-22,0.15268692894334812,0.00548937482762655,9656823234779259e-23,0.28440758625540974,7115619442555059e-23
