6085662190269868e-25,56687089125306655e-25,0.20447823372909305,5217029030398754e-24,8248132704830605e-24,51111198604889935e-24,17174546449961915e-24,0.2015364056681811,0.04305299136220448,4503389308044236e-24,0.5509322767088106
12839694392867754e-23,13958024688453483e-24,20454363671267045e-24,6753063780634684e-23,10994017124920242e-24,6792441999328206e-23,7475474071071765e-23,14558610043834454e-23,137249985427238e-21,2422962061763701e-21,0.9999969101887043
33999886245845195e-25,6359263894387898e-24,5157020765597364e-24,7387829874492089e-24,4457507312656786e-24,6403296673267088e-23,2696489065794748e-23,0.3063790950595645,0.02343918093902968,21882253766664398e-24,0.6701815843597304
0.0017067353923447446,13469974694307493e-26,13541031009729214e-26,15516060857572417e-26,16702474476155904e-26,0.09674149051933127,4682784586481748e-25,35314295804962706e-26,468000971811969e-21,0.07700559812881168,0.8245457065448237
17035032005005737e-27,10560406529267186e-22,44022308174600544e-24,2638474717431802e-23,0.9343277391246437,5272066828099214e-25,2706847276852573e-24,6090736106245784e-25,7715759115549293e-26,0.06567112539468548,5082738568766659e-24
4191217042433341e-25,8290571544133949e-23,14391123367597062e-24,13252926887850856e-22,0.5711597811868543,6658868247048003e-24,5716825615217466e-22,9629909528572119e-23,27920014358974944e-25,10826209535238621e-24,0.4288381075480983
2775811605112766e-27,0.29491265189781013,13543643980773713e-26,0.5660769443577367,0.011950731304587792,12545176228171473e-25,9049389918709298e-26,16919939058251739e-25,0.12705966900346052,52913605695061886e-27,20776265436156014e-26
3862007539626638e-23,1251642499447275e-24,15084348683859617e-25,10154263912222403e-25,64053551939068065e-25,7169457713642695e-24,10299735105742665e-25,0.2518819661999559,0.005586623552479958,41980181027444957e-26,0.7425313528273991
6659952120175307e-25,5520448794978269e-24,0.5228068013669225,5492515333738402e-24,0.4477505409033488,12633914634380652e-24,4958190320499041e-24,4952884140090158e-24,0.02944239176717049,5152584954355423e-24,2265899966473028e-22
18106620145052873e-26,6987543448630649e-25,0.5459396266518636,0.32864778641599135,42517123105782536e-25,31996389432100305e-25,4841325496639873e-25,67299896074817805e-25,0.12541256842114748,16033506608936093e-25,15086980011500658e-25
2126888471273449e-25,0.044554686993758606,0.22085081809776577,0.40531822814280594,15021421033668929e-25,0.14556674140189083,0.010103862313576899,3851720767102829e-24,0.0900645235496558,28740517837830213e-25,0.08354113105864515
0.0020146782192891496,15415717507408393e-25,0.9191370001773409,20124730633814164e-24,15958158512568098e-25,14551447561286451e-25,8147661693928012e-25,127450564961038e-23,0.07884829163136622,8183662759585782e-25,23415327942902753e-25
46129514574041416e-26,7976501824197742e-25,0.6430965536571478,0.16244638962158076,0.10253579111432494,7239903672882467e-25,9981436011319863e-25,4149459005154256e-22,0.09192084622928105,409646835044706e-24,10410440440971606e-25
14736686624133323e-25,7454565702834131e-24,4075924415399981e-24,0.27420503064336543,1676025890919284e-23,0.00015515623424742359,20959462127022415e-24,9132939478482953e-24,0.05354858220369413,6152340929994047e-23,0.6720911095388239
24365864606450686e-25,3942828294576621e-22,1984801977789704e-22,0.40919535071973095,0.5683142897796676,39321017941059634e-24,467263446928744e-22,464078297925679e-22,0.018543508957834656,0.0039460673406811,5554729623405657e-23
17995227721184248e-23,10935898781410343e-23,7764634953325192e-24,1275426702412003e-23,1694209837042071e-22,616803536121458e-20,12547551406189885e-24,0.11445147631239158,1967423477856813e-20,9164622318742358e-24,0.8855221804541442
5573887530497722e-25,14693605941851624e-25,0.25350141787008107,36619330154938126e-25,0.5157720768226324,281750842172011e-23,183911903679379e-23,5412857583257922e-24,7779049772143243e-24,9357993343520192e-24,0.23072647241208377
0.0017898488135662885,26839337700317707e-26,13987535681187112e-26,0.19065646812556816,2574453413614906e-25,5682668101806556e-25,20912255510798316e-26,9469947692168972e-25,0.025192004115014377,0.10153459807439129,0.680827078481362
5584497255051052e-25,4875366159716903e-24,14470285595646574e-23,9714332415648714e-22,0.2988580753314073,4529795881821246e-22,5421595188628798e-21,10742243443236954e-23,323527635741983e-23,19262811605452054e-23,0.7011346277692327
2059331585730159e-23,0.23094415995242717,2411528259108126e-23,17437342534856806e-24,15255429706529665e-23,191769438736811e-22,15664725446012355e-24,294799906403543e-22,0.009792648130363612,72325110612511715e-25,0.7592629056631297
20679296049181047e-25,0.22767158490132566,6779815374811557e-23,0.4719775895127049,0.2158914482200777,27248466409122608e-24,3087562225027269e-23,4798453279951907e-23,0.08445915035696612,2463833214202908e-23,26707240879796075e-24
4630324555678885e-25,0.09640155790906349,712843382434756e-24,13853293505808202e-25,1246987871163616e-24,19584314743136997e-24,7310532944294751e-25,15472407181598532e-25,0.00218909267467308,523329596307383e-24,0.9014093232221186
2643781533737758e-20,44860579251452135e-26,5033199393384491e-25,8603552646469606e-25,6760569653610358e-23,11638115321113566e-23,15127164104794426e-25,3574383034890335e-24,8816149487179313e-23,6662703518813496e-25,0.9999732824706676
11535993025801951e-25,0.0011171749218408062,23030886248274184e-24,0.7398998487300772,0.08975610787575805,0.030176700023728287,10683807370250374e-23,19295051816391214e-24,0.139049864425604,11460770799667055e-24,14224460242735618e-23
21505233691069622e-25,16477731621508493e-24,0.41568752654786256,0.21381962927955067,0.3129446929396932,5200954293143023e-23,1888202050129627e-23,40663594715516003e-24,0.05754795669068871,13063012416192504e-24,1115390394484967e-22
0.0007557571646253201,4175102204596145e-24,0.24435140021315438,529281128542779e-22,6611290647517374e-23,13159702885379891e-22,24669102488196644e-24,53132372942933675e-24,0.01893827262538022,6362403275094177e-23,0.7359529893849222
21857645766527593e-26,0.10054713665416123,0.34118342218971176,0.4160501609829539,4683037211137274e-24,5847948435849151e-24,18846012143260985e-25,13669389739498511e-25,0.1422192531965245,72299194201228e-23,123464710745788e-22
46533420710970523e-26,6008004681517837e-24,0.34112732426045905,18881952475582432e-24,0.5086836806120503,18964494449634377e-23,3472552234976902e-23,7025978530831947e-24,8413643293168096e-24,61666799633918536e-25,0.15018872379583822
6637097539263256e-23,5084555405492191e-25,0.19178325978230235,19303448663246896e-22,3350191099536633e-24,0.04785342204667251,6878553167123847e-25,9194701219666405e-22,0.027829442010355525,5513968572981626e-25,0.732530954876812
16319189395065166e-24,0.026833684831236757,0.26698819546395264,27373230891376355e-22,16808685432763667e-23,0.0015007085429284794,9790131622210404e-22,8419778355254085e-23,0.052048060241790775,31864238907751594e-24,0.6526253341157693
7049946161870765e-24,26807407084048304e-24,2447059746600312e-23,0.3608860046937294,0.6391138289300021,17974229365818372e-24,20125517642322183e-24,16417869676996043e-24,1635892069924393e-23,2031267302658345e-23,1685936780046804e-23
24694600610818767e-27,2494267669066069e-24,24140740832225634e-25,0.1374401195957836,0.8625589115648798,7577978223770663e-25,9564548813981692e-22,10214464556386989e-25,14002354004265455e-26,2686562621152397e-24,2845481777144915e-24
11707630214087362e-25,11876447792307366e-24,0.6081761171597967,26010269130344106e-24,0.3357846471002198,6066597855002989e-24,5193010819989801e-24,6187781895552346e-24,0.05603572607075423,200871746151782e-23,34511555852914134e-22
0.00020647903381884562,34030908713176866e-24,0.877263404786426,4934198879703034e-22,26314808608367702e-21,6488235488292994e-23,1157319413013246e-23,3638487362963491e-23,0.12250302748970755,8178567549223258e-24,125412558497967e-21
13795778761765946e-22,26562414942624337e-24,0.7411069628716275,0.13521091039156988,15885619481759389e-23,5347600423062609e-23,21255209041807513e-24,39556614848772294e-24,0.1236709038188382,17350888950619182e-24,952628433562616e-20
21774138386561317e-26,1490963590148866e-23,14413105712440916e-24,0.24494187775920173,0.7550579772460729,18989001017589025e-24,11663686120771668e-24,6354050450883543e-23,9539309858523637e-25,36170192183183627e-25,18348781273338512e-24
23587285655775832e-24,9189008007486536e-22,0.6405159530931972,3366700159520193e-21,0.2889538728369281,54419078261259184e-24,3024087415491124e-23,963037256318528e-21,0.07052415431255744,1673297031140623e-23,6461387152063681e-22
3449632052758648e-20,19475427666395e-24,0.8097597862346994,0.05985321817932405,12080928729623822e-26,20851826270214566e-27,13216649014101056e-27,20632773977350628e-27,0.1303524989400695,12142906043400183e-27,1183099181097027e-25
4270242177023853e-25,66145144096293624e-25,7423505170856874e-24,16402809606063178e-25,0.770501223052521,3952666489234281e-24,0.038399182300423274,0.03366517905417476,3278587247995335e-24,2847786634017414e-24,0.1574343896041313
41438464634035176e-26,35875327159954036e-24,24669267490424833e-24,0.4597904786111707,0.48708545136139947,8540938703423826e-22,9852559134759942e-24,1325332253715719e-23,0.05312026206414538,5197160815912469e-24,2864607616122935e-21
0.001363483974367145,1483491629385923e-22,0.6263434441688851,21720909276935808e-24,16222233804789827e-23,1423658185743527e-22,10353246817419993e-24,5292787887686933e-23,0.08797294475081299,1033327277202598e-23,0.2843195788348544
1632598851481707e-26,8209215677156734e-24,9393693544637483e-25,0.17777873070133599,0.6411050223764603,1985252288816251e-21,74227034825267256e-25,26364819270405782e-25,0.02080190953461676,5125568156221102e-25,0.16031233239695528
5117279416480818e-24,1894369364143088e-23,0.4770213218664103,28198132992563797e-23,0.46271479155913625,21334529400775238e-24,15109210583619492e-24,28390990618236798e-24,0.060080087521189984,14635255070855494e-24,0.0001834135416701162
26476264040617533e-22,8324644939543632e-24,0.7472440567496009,4065164342671398e-21,0.14974026082195563,1778530465722569e-23,8685844666760532e-24,10418786055693793e-24,0.1030088782974109,6767905759015501e-24,39357770489708406e-24
10026120815071428e-25,2324359911575459e-23,0.3034793999928261,0.1356891143575015,0.5125912166194084,1675867075933729e-23,14682077328604672e-24,17819701642901035e-24,0.048239916153276205,19374808329620613e-24,2600054985556082e-22
0.00010961611159417417,6828198476318592e-24,17003812917394165e-25,2219892655053917e-24,4643845542476367e-24,0.042198333341876934,2830339746267962e-23,18160635264266025e-23,4836385816167594e-23,0.013604519167807045,0.9440872577127961
5387370246039898e-27,22014372405027876e-26,12966332535932805e-26,0.4545464856200776,0.5302514453812647,53143149850985745e-27,4001056973305393e-26,4897996363146868e-26,0.01520206840365344,4460615056867915e-26,5331635285749507e-26
6751248787755787e-24,1915107807180593e-21,684791996777821e-21,8011789120512792e-22,0.9514842522208437,1006697881530231e-21,0.04850981422004848,10692792026271227e-22,8214142524867982e-23,35500831886729894e-23,8798962404457288e-23
40860664536966303e-26,6625679345601654e-26,0.8450471587381833,10917320944121042e-23,5947946785041025e-25,21833940284145278e-26,7323042399227843e-26,18638013565729076e-26,0.1549526238210816,3551076677313486e-26,10668424409447826e-23
2188910442654824e-22,12795675844934693e-22,7071206534371226e-24,427346592467574e-23,14516071485646752e-24,124535767235316e-21,5960803224814862e-24,42485979699639133e-24,0.013743533610759976,2322082208668491e-24,0.9862547667653072
3919147539198646e-25,15081241560049372e-24,0.0036398019130743685,0.10720447769421952,0.8891556748487671,3726045273035255e-24,7079622532529931e-24,5081094460039205e-24,5183745531037767e-24,35411070278563157e-25,54600294772017625e-25
4617094790217231e-26,0.025765041969244912,0.2651857913535765,154656025453205e-23,0.36094954604151475,27440592039609183e-26,15137014484549733e-26,3900394712280833e-24,0.024414789056756404,12407024354988386e-26,0.32368482553594286
45548870013636077e-26,31640733550822875e-25,5963311865660183e-25,0.2188840219561383,0.7380923226279019,9699267532858397e-25,13187966691734864e-25,15273316487946315e-24,0.009107978972386336,0.03391564001869661,14646952948465457e-24
6258637411178708e-27,0.22583141791614178,13926470914794391e-24,0.14559735148596983,0.5478342264883999,19892997601330891e-26,38374176536417336e-26,182823948661458e-24,0.03516596205405226,0.04557097926401014,4809375542768379e-23
4107830231605921e-25,5411983872751449e-25,24627047480630355e-25,0.6313540360945467,0.29065125667633507,14564608638101993e-25,8359347737347498e-25,1265878736686518e-24,0.07799469725635359,29244807129606923e-26,2707139024654006e-24
0.00024205556205880922,13064726067325226e-25,13039832012222198e-26,28033045981350715e-27,33684550963814077e-25,53117509396419e-23,0.01935657524233024,57070281678423596e-27,7615022518245976e-23,30122013511408904e-24,0.9804012575017682
5123314250899953e-24,275275487295345e-21,8615591227886693e-23,21958882282322866e-23,0.6646945811607484,3726831075752552e-23,11001705362631684e-23,18613800086907952e-23,4075232063925131e-23,0.020193554731235505,0.315110903788804
0.0006945811610796737,6210603295180465e-24,0.2184954042866084,0.09884056344831482,748202411621985e-23,11236675322762059e-24,3709200183679923e-23,14630227582487863e-22,0.043797427442713255,3412440361761908e-23,0.6381704644928101
84762181922386e-23,7018624992924784e-23,0.09912572035194483,16255000290244716e-24,0.9008737924468264,1652168036658024e-23,176877870781063e-22,10723129283227596e-23,49484268984985194e-24,34338325607986525e-25,20555360499287766e-23
15103731445399733e-25,35102913123278415e-25,27188509651796153e-24,0.10404412753151991,20794866383097e-22,35399752674068123e-23,1718221524592171e-24,0.09851905740638559,0.021273419189959505,50990667742774355e-25,0.7761630007686676
13401679017899689e-25,2016397435261188e-24,477416536443982e-23,4386612359319602e-24,7480507895616055e-24,0.2114551489099869,26471296434803175e-25,41900675262425175e-22,45470065114123766e-23,163117244071762e-23,0.7885401820456921
4896827554963045e-25,14898372268816155e-24,0.5757838221370424,10320289623748157e-22,0.3132651867621123,6356703261687584e-23,1716021927074077e-23,8675350781805994e-23,0.11094749963661121,4885497781969974e-24,2305600062515274e-21
12626110724392263e-24,2560335195674822e-24,11554044785699417e-24,25047245921127936e-24,356254880539494e-23,0.0002941840724037023,486019898296389e-23,0.07700455434036863,5599089858838331e-24,0.004892812736574502,0.9178083830410697
0.0004756953617938827,4247986025011852e-24,5225127715099975e-24,6234687410109271e-24,5357533972038322e-24,141630037932161e-20,7663128213580808e-24,8480602515093509e-23,449271539606555e-23,0.014581489412479692,0.9849412808981431
0.001785923730362698,7698746694995245e-24,0.8689111850952995,5934568277383227e-24,7778781237662151e-24,7275546690603259e-24,194057163614633e-23,859273177516475e-23,0.12930279298023162,1800386152025672e-24,5717383833882104e-23
15087081864653467e-26,31031835289969044e-26,27653912154482573e-26,3397860851971907e-26,1449355987154199e-25,18281116612563555e-23,771608370939381e-25,0.2531669714388089,5309039965445998e-23,14528923530617142e-25,0.7468327902129073
2057396474198224e-24,17625787269709091e-25,21129297783725866e-25,31088866153831836e-24,1651229497597816e-24,17647566355461626e-24,0.12108665679469292,0.01101283886866369,0.028111479562082053,16675913680948969e-25,0.8397889667863982
3456719412420705e-26,25822697327370073e-24,3041744059247192e-23,5005874640422849e-25,0.9056225272181996,1084539402572295e-24,1490565830274063e-23,0.0943773773222809,2092719586632217e-23,1669895446849509e-24,9705821928255565e-26
13238930554269258e-25,0.08909217913433368,3452316082019682e-23,0.44852426701949305,0.3875244037211423,2126693796051073e-23,48783718699275545e-25,16409460175910505e-24,0.07485903538831418,7497434363467916e-24,2883795052157945e-23
6446877832202574e-25,15621271824712023e-23,3984247651112165e-23,878030087850357e-21,0.9999763004866608,23100543608026666e-25,35853672062453194e-25,28506048900945105e-25,2258891850700324e-20,2430821937945359e-23,2809525458374428e-24
3000104647583549e-24,1285266245594977e-23,1613058275817326e-22,13712427761737043e-25,3976507460398116e-24,0.16963905766330237,12691068805300722e-22,27155820029934574e-23,37290348185999015e-25,3915061376306517e-23,0.8303591762855692
6045834941432711e-24,0.1752898414789898,19266915439302286e-23,0.7045639288972897,1409633254140287e-22,7196543926631732e-23,9506018175738428e-23,4805197143387734e-23,0.12014523786391339,4282935132442219e-23,39417450895540555e-23
4537156958836869e-25,3740206452590214e-23,0.3518012758532266,10200479238759005e-22,0.6142479859877616,48623161085054284e-24,4720847521013668e-23,18142160356613076e-24,0.03394929952269874,2392387650525822e-23,24283474590484693e-23
13140628909837766e-24,3693745482163989e-23,4690343073060602e-23,3313713513033812e-23,4469212086364832e-23,22564001253569063e-23,46130880667597136e-24,0.4036733006841981,34777803610181487e-23,4343568446646246e-23,0.5963258615203962
16708219102494282e-24,16008484427504515e-24,0.7631794773592429,1667924107523679e-23,8852044897605442e-23,12160134931155116e-23,21467006900743837e-24,0.11026749818071113,0.12653824444457634,850683810068309e-23,1449053068413599e-20
9752935098399697e-21,7155799862353762e-24,14395750291577657e-24,0.014178199494590331,34453967549622565e-24,54048029165375825e-22,4621591291588804e-23,23591946831605704e-24,7539365042307151e-24,4245992569853644e-22,0.9858060848154581
18349698019689114e-26,23334617309976317e-24,13407764163825946e-23,1078437001808936e-23,0.3952502427357108,3624110696204647e-23,45611021432553145e-24,0.025114794559044466,6134559461156219e-24,6114784301495707e-23,0.5796346451908765
3167861179349715e-25,0.07578237876995544,2112844564897404e-23,0.12873074115079852,7470130612333538e-23,58534032833361144e-24,22967095253907313e-23,0.03126593053655873,0.027476704455943114,6646399505172667e-22,0.7367431960956294
8264424459544944e-25,14663478844783377e-25,3391399533307897e-25,20490882138610116e-26,2604531684750211e-25,0.12471722712665097,10497918894564849e-24,15445907165678372e-25,8530091048673686e-24,16979458707611311e-22,0.8752810512575103
2086329500356409e-22,10167232478436864e-21,4207432466596951e-23,7441458040933728e-24,2210199342556828e-24,0.09848078278106595,4269298278262762e-23,58822794268572407e-24,31674886906222643e-23,0.005658471937905651,0.8958498994249696
0.000731141570025284,1746076246040191e-23,0.24067429324470357,10953548579962858e-24,23774261848076074e-24,1679861331473414e-23,27582160935026475e-24,0.012455762415464564,0.032270238254809486,9075409225824061e-24,0.7138684588702702
2544839173823177e-24,4769233796819749e-22,4982242190641674e-22,0.8987547137608106,1568885317715489e-22,10685753259488594e-23,19787425687584312e-24,8275481078084796e-23,0.10124385929427757,23565395144972246e-24,59399020529977564e-24
5742148959014786e-24,3287104001286126e-23,4292493150209356e-23,0.8217587010834438,5760628937382151e-23,0.007192969532294225,1513012526976907e-23,2038499832888087e-23,0.12847007053902088,13824867830854645e-24,0.04257807036078772
0.0008329855587297189,14654662533774024e-25,3952315820893986e-24,6407209876217311e-25,2691822561035394e-24,7152706623287477e-24,0.10286917478612796,0.015237167393293467,0.00562018890757679,21636443416066913e-25,0.8754404652875953
0.007739184554310812,13736724609020009e-22,1407220306276484e-23,47375883043136595e-25,4724315840434453e-23,9498909468960126e-23,9999198292222488e-24,2415391952053461e-23,3860978156962058e-22,0.3382342515627871,0.6540246089174638
1814650613369364e-24,30045831800087416e-24,25261334045764304e-22,0.8595107523528434,49369583932711634e-25,0.003433379255101776,67800877680662326e-25,583847359123642e-23,0.13705309380488412,17514607354761694e-23,2389011447156307e-23
16738105012545866e-24,7058681658400818e-20,0.398705120261973,14514577828102789e-24,822253730355804e-21,9164524666146509e-23,40005309923560645e-23,0.06531753761492554,0.05575653306143344,1813224475756642e-23,0.48014885890807635
3601121591683638e-25,0.025954099160709496,6928935280151672e-25,8896128720692547e-25,2215967490088859e-23,10303750626369898e-22,5297881258858487e-25,0.3805580459180687,0.04066778914758436,4772662688647915e-25,0.5528190102892758
1599532506941977e-24,22324408649263254e-24,10780570187371494e-25,0.003642074202001147,3120011826262267e-22,0.047392627093211535,24640509265761068e-24,0.006604425107862898,6260714628711906e-25,18409597961191533e-25,0.9423605094861983
0.007501175341885657,712518542792728e-25,0.5033155446609942,0.09711172292402147,20104053809008328e-26,5712573314971351e-26,5864183020937286e-26,10928397625102494e-26,0.045287335915733466,0.3467842201654593,4948059632156783e-25
2751547840084443e-22,25279982796312786e-25,13459559283749107e-25,15666531468808751e-25,13576904963250883e-25,13885656697239536e-23,10258639645996374e-24,0.06899180491198001,10617394700941517e-24,12400087350000026e-24,0.9310077410022517
4325068224625292e-25,5300446610511601e-24,0.21918468754709153,23901845214670036e-24,0.7808152648589314,19107025502421323e-25,28612451031391028e-25,38364839028381915e-25,6022041975261496e-24,2006305276535445e-24,13224395155841585e-25
11891418678871435e-25,5166393951491834e-24,7362654066595292e-24,25370231912501216e-23,0.8670350124114521,35971538310612955e-25,5808891874508444e-24,3250286553425864e-23,25814670934792327e-25,0.13296447496476557,20071300057094614e-23
0.0020651701519638385,8086636908225719e-24,4668405870799894e-23,5431396977058887e-22,0.6302395803589076,8557699692185553e-24,8645320599011647e-24,1987076391511533e-23,0.0006951741610406758,0.36699938307931873,57264625939995203e-24
2774224166260445e-25,4432499818815163e-24,0.16700546985299716,0.3063479575899814,0.4476862229709208,2711861764737056e-24,214684140531472e-23,18283247623065897e-25,0.040701802058491214,0.03825853410183221,2028831928228434e-24
3042006142710265e-23,8199974317413096e-23,3271530436964439e-23,4274777186835906e-23,259054862369919e-22,0.1942724787139349,4753556826547572e-23,0.009672784870649466,1217781251033836e-22,3803784743921206e-23,0.7960543152754976
20626641131020322e-23,30334759568015953e-25,63148276016488475e-25,22880996147855034e-25,0.004847086702748422,2762256099496413e-23,4317758932160915e-24,8435337767171717e-24,31467045181854947e-25,4674807930948877e-24,0.995152647197267
22721049958690129e-26,3864108901673463e-24,26703272542353613e-23,18684254640370312e-23,0.9999995012648956,27027395147406786e-25,7222353293288328e-24,9479900836488245e-24,24384228321866903e-25,9978591002393568e-24,894596836232186e-23
1704935976448855e-25,1463541679631945e-25,1362004514378378e-23,2069612660448073e-25,30857577782211327e-26,0.2818863316432659,5459661995322454e-25,0.1372340551152867,0.01321368071922271,12846905694556993e-25,0.5676659162391198
12514893439336012e-22,9495741305193787e-23,1014876961270838e-24,10782347696869079e-25,27591340294759936e-26,18219252347495108e-25,0.024522655537556202,0.11211456642357726,0.016447232570645648,30864552466679224e-23,0.8469138861849896
0.00141005951420388,1078989023234543e-24,1609410795163465e-24,16861719926115274e-24,16602003091632676e-25,6291730233355368e-24,0.19485210451353957,0.1295221002677262,0.0329938362053092,20955779384030747e-25,0.6412218699015928
0.0002430637130828599,61354119414986444e-25,10395787324505751e-24,7495400407050951e-24,784256900603692e-23,0.07415521568508587,10732217162994483e-24,27642923743953633e-24,0.0011056894471008216,15078814162556104e-24,0.9244959458316034
1723814888002412e-24,6247257637150328e-24,0.6575766440054884,1058872304634246e-23,0.24283299490903706,6066682791571118e-24,17544529248910797e-25,2770376499064817e-22,0.028172686050766657,0.07141735423707794,17368461394164114e-24
951392045702229e-24,12065431963992128e-24,0.7265388940057473,8683781594523082e-24,6904313113267404e-22,0.08315500581125548,12219484364016506e-24,0.1253970379571066,0.06488326013310494,47655194392979084e-25,25072975650059393e-21
10413717576621637e-25,8218039466136244e-24,5160639124584163e-23,0.0356609759753905,0.9643386267630576,12115355565073304e-23,2738955422931697e-23,8516867431573335e-23,7176354292847458e-24,6730619070065166e-23,2819982432024611e-23
33399840106112155e-26,9641704217737323e-25,21145005903418382e-25,547543194784566e-23,19640519986878205e-25,0.10022675907122733,0.08625768584680486,0.23051822846160822,0.04934587133830112,8999595249993305e-25,0.5336514435299455
1435168670495644e-24,4668646736805254e-24,0.9320202636060573,6585227209743839e-24,6438993082939716e-22,10396531967054925e-24,5759594390457019e-24,4132661444794486e-24,0.0679788991303273,13109759697657432e-24,14730781786302e-20
22428400534549036e-25,43585603454195444e-25,1001558557189717e-22,0.0952813402229106,0.8281458892216668,9238260101525935e-24,3607424819427816e-24,26100344084752455e-24,14271359449290997e-23,0.07657236290667319,11923187272214393e-23
1575045581109348e-24,5191465094945861e-24,0.9419480727859749,0.00026478976448009194,1759387004184948e-23,47072757262737136e-25,33072857439443583e-25,601337002164765e-23,0.057787089966695064,2468044484879855e-24,662358170906009e-23
10061147721282628e-25,4748177327664737e-24,4775727187169775e-24,0.8337878070139675,41800464440802265e-25,30428785212221397e-25,0.00015661306549558584,0.0220372366609938,0.14401829499503369,3493222829809333e-24,27017641950474204e-24
552450868896713e-23,0.03569265911414395,14606442266988286e-24,0.19268212940388876,20634780919744474e-25,373895124818506e-23,0.18979971720332817,23440514608741577e-25,0.08026005404110467,6038119194392975e-24,0.5015654059219836
0.019207977602030517,24877226227428496e-24,24686745059696542e-24,1939402526315631e-20,3089672548410823e-23,1936251084727821e-23,10835979836100844e-24,3128270441673551e-23,27430562157608915e-23,0.7392664039914112,0.24150580813377354
41179141198939104e-27,13031288612510533e-25,0.20691855090274372,6177930120048817e-25,0.7930813527217254,391570753218003e-24,20807258315749655e-25,964188296093934e-24,879867200031111e-22,25213319130397726e-25,4697269886085278e-25
7478532221860779e-24,0.12075913329124933,10695846788262892e-24,7453550221714319e-24,47759057707321446e-24,378125412919938e-22,1682421563564958e-23,14949754910567321e-21,28958044580737962e-22,12256334550614159e-24,0.8792228808693047
27193845571469484e-26,1583648609552745e-24,34851702852318225e-24,10527764207238963e-24,0.9999999320590596,1179075190195631e-24,6071717666268952e-24,34119191232233638e-25,4334562800008872e-24,4185423174334263e-24,15232863880060847e-25
9899130261058403e-24,0.3336212904883055,770270961202855e-22,1893772058793491e-23,2959530883886195e-23,4876823865697836e-23,3288052426559873e-23,0.3994918889347356,0.0002847228789284879,574866258971664e-22,0.26660182310316655
954976872346448e-23,13414088607420262e-25,33027679571398338e-25,0.5603403046947177,4161940873310346e-24,173878613408802e-23,22744155888907174e-25,0.22133794182421007,0.08895383591566984,4993195304435066e-24,0.1293678902095541
10140272728128815e-27,22573264515948115e-26,830192790945595e-25,2391626825160812e-22,0.9999997600262701,4860124424815288e-26,6809741026655445e-26,46869254388304853e-27,3751257495986375e-26,22280498710717465e-26,7398511793918564e-26
8810191677340725e-25,3698161553200235e-24,0.4893625396786397,0.35279579196321303,7548457819173821e-24,7635084166639862e-23,746571488568943e-23,4823822250083594e-23,0.151150597424101,1004169647400648e-23,0.006690916710398274
24161558185124675e-25,0.11837698078381494,41337279243981224e-24,0.02754921048775121,0.8520448414904137,10594678921272864e-24,23612143662703943e-24,0.0020286786045248324,6242914393442639e-23,10220950257361114e-24,1380223068997722e-22
17527542899841113e-24,41138123049822296e-24,0.7619775852167388,0.11748834506400435,19765367669810922e-23,27998072816962623e-24,3162937557799684e-23,9523423128533293e-23,0.12053348272401274,3091508445697181e-23,14490057869413023e-23
15021720467472961e-25,52177043150696e-22,21704301768300785e-24,11733094982054358e-22,0.9487907751034558,7962096861636966e-24,0.051207944767038126,1818237337798464e-23,6030461029379007e-24,445462883404949e-23,4177524636434906e-23
7127792027595436e-24,11268171490168515e-23,0.20492040718879298,0.64276521387487,0.00014071273033842112,3383013783440697e-23,14614806909010216e-24,3183768539790926e-23,0.15217341705518023,2473426890564999e-23,2432495750043125e-23
8382372801469723e-25,14775796751856488e-25,11138869427735339e-25,12841402989292083e-25,9906027293884594e-25,0.11632809305874665,0.010971727785293194,17730465357468107e-25,0.003018647951821764,16344808170956736e-25,0.8696815220921096
4215964251868045e-24,23647329186333473e-24,0.8859957573658717,37503593574743045e-24,0.014886683619444497,5970227038820686e-23,17003695382758347e-24,15161440326048244e-24,0.09911652080585258,6716043760304062e-22,20937017154854421e-23
17829366886387138e-25,3203535811965903e-24,25320647346029353e-25,0.37377847911298995,8434959988011277e-24,1853775744156043e-21,0.01744032356940264,4530837351718011e-24,0.11360622148051198,1909636190240038e-24,0.49517309966738227
3597629310987122e-24,0.5487079513041996,2549031413776005e-21,0.3355187443179934,13633846218713737e-23,28480734840783978e-24,7292439919046962e-23,22179852168383106e-23,0.11577006771195159,2020534938499297e-22,2244116780091447e-23
18211585402450216e-24,15780759418553814e-24,12163576240417622e-24,0.40349739597521406,10459545209083035e-24,972519850905653e-22,9010820650555808e-23,0.5230176820917632,0.07348324714900878,24910886157657886e-24,1405897413475323e-21
16401017163985788e-25,10646482570854046e-24,0.6851695555059399,29165176805789603e-24,7894398860962666e-22,24244803560196797e-23,10813429036536634e-24,32545010952277335e-24,0.05851915267751534,6299086336007293e-24,0.25631016881959634
5062987007492645e-25,20813054008414933e-23,4294786717153975e-24,10895235717500753e-25,0.3473760874636859,2932180568709437e-23,0.00010943621599463144,0.2127718538775414,7289946615639716e-24,12624448607784268e-25,0.4397423705484171
2261812634649498e-24,21901342153802692e-22,32914444161197803e-25,0.8421817903065133,2540258745952148e-23,1924064327150276e-23,61748854634238424e-25,6832423634408583e-24,0.15781594587068248,59803719204166264e-25,4503610180286397e-24
0.00023067128538294376,6550637506710776e-24,7881496036173775e-24,868266466844031e-23,800085095284804e-23,5274570308061753e-22,13851307780663152e-23,14854151648326033e-24,3722163673864149e-23,0.00013188793215984087,0.999636691620911
3574982325796169e-23,3123438836260899e-22,11076850541215041e-23,0.8060680801404355,4009783849484664e-22,3693252176356274e-22,10801202881627345e-23,9554707836514327e-23,0.1939302155320934,7063521131170277e-23,2009673572923851e-22
694277318176242e-24,17707540797273836e-23,0.9360407558121293,4545717577910938e-24,9354851661356743e-24,18425988141977841e-25,1634975488162243e-24,272482261151927e-23,0.06395904048078913,3317425009126789e-24,2516641969316159e-24
3734530336924893e-24,1742747477452011e-24,8698838381844039e-25,5480762439310185e-25,10040555928345295e-25,44194625684054725e-25,11190689886938212e-25,0.7797780114982602,3815762954938032e-24,8110586278109656e-25,0.22022197043698763
15392628278519252e-23,4216304773500701e-24,7214552901360759e-24,15035707193766303e-24,4325814659558029e-24,0.08907406292408676,11006624915525085e-23,9916646104488465e-22,0.0063615873356088195,4679922821137186e-24,0.9045630586108595
8558218587365407e-23,24122865562978317e-22,441515368745631e-23,24864841800957833e-25,7768739428205384e-24,8030024404571927e-24,8278968479944572e-24,0.4658568480815493,7518576009275176e-25,473959201991576e-23,0.5341406175788873
32892576204419775e-26,1456423499396214e-22,0.6836582333957648,0.17687256199201465,12063841771838757e-23,1501391967447741e-23,1684513898678027e-23,2632180763883985e-23,0.13946884989084882,17902000158824154e-24,1327213887814448e-23
17969698444372368e-24,7955071684117105e-24,7638695620015172e-24,0.8244504203244698,13616339935659798e-24,9565692327151843e-22,0.029464127974637138,4648501855665382e-23,0.14608432463471946,5455893048185959e-24,7137553823187099e-23
5748876174562428e-23,4421232790286016e-22,27214654485433243e-22,0.5851371789035906,5121630621533523e-22,10803188802059975e-23,10788003785892377e-23,0.31124117430376996,0.10361697482272425,1024913424785083e-22,6203260558250389e-22
39098435276946965e-25,330023198230763e-22,7827842210088885e-24,0.5253367603158243,1261888193481e-20,42999832850361104e-23,6506425522433758e-23,0.37267620440587473,0.1019858406848935,5024488453366741e-22,1397230924880333e-22
13984648246470942e-24,821352285680471e-22,0.8161816896299267,9077512833251928e-23,27706422353662776e-23,8092216436592535e-23,0.047048779302138764,0.021314328576187855,0.11544905144884889,5366043744871023e-21,240118228289657e-21
1168906881075683e-26,3705802801100458e-25,0.08468220326782505,7086925273845548e-25,0.9153177776247094,7579325501647116e-26,1476378571618756e-25,6636056793368962e-26,6467143687589904e-26,17561054238505014e-24,10209034783373445e-26
25761953067901325e-25,25130044575486163e-24,27733459964001737e-24,33114886074771144e-24,0.9999084195163315,9139386670848043e-20,1854740211886828e-23,19363405532318464e-24,21761202169824194e-24,11853450406040713e-24,26537323065329032e-24
64691717223822435e-25,15755210647662833e-22,0.9059579881899706,29302519717163536e-24,14764373885146052e-23,40144651323069846e-23,12980913876732537e-23,10497337320673419e-23,0.09403603585381268,32969087949292477e-22,2838819035717329e-22
49806602635936405e-24,0.5646568620463728,6553668900132523e-23,637633539119653e-22,2462597349622103e-22,6452671083040282e-23,14424003347145863e-23,5120898565042304e-22,1704165434462797e-22,7524594564452669e-23,0.43534174606783643
5428107046698277e-22,2539090918722007e-23,12610439010502e-21,0.9789122513408033,3756031765174165e-24,5332366001996392e-24,27368493303108688e-25,334256473110357e-23,0.021087146364406152,2964807727823107e-24,3362424395790111e-24
8497956958039712e-26,0.6182570234176278,4514123017114889e-25,0.24406455667969734,0.13767841751000323,2330522215078602e-25,2281565465671772e-25,29126052234629525e-26,9030347960167178e-26,3595099385559063e-25,6532414504142961e-25
25141281836434196e-26,13177099695376702e-25,2022587228902847e-24,10849657313198738e-25,27692079831571766e-25,0.16807343029035002,282993581806045e-21,23591015740516216e-24,9419646408250108e-25,16757988648740582e-25,0.8319262530614571
34430837045749425e-23,18778857455265552e-23,10440884915858069e-23,4530237842083213e-23,3543089611731606e-22,13295425433892976e-23,21796828257391416e-23,0.999985620509628,118117780128497e-19,8159169627810741e-22,3647619830905505e-22
12347257059515117e-23,320392120315341e-22,21587560875598035e-24,11701103013312615e-24,25877497841399798e-24,22181462255051263e-21,0.0846656435558233,20494262167476303e-24,0.0721160506284848,9842331247829605e-23,0.8431957907579184
3727559989146422e-24,0.5165373831122312,25989913266916584e-24,0.4588025501505657,8770657472919545e-22,4356554635298494e-23,17391576547916786e-24,16303000503137608e-23,0.024658294123029383,15158158099116963e-24,6266856399384375e-22
14339733068119282e-23,12787999373399326e-23,4835889871944558e-22,12622971422038467e-22,20492391968683105e-23,625333095195674e-21,9568302612887182e-22,0.45450816695070184,8424737258369425e-22,8799787180451216e-23,0.5454870983269745
0.007382622933858744,12890076644467025e-21,16903168169663667e-25,0.6737316273525351,12421763331417725e-25,2779261278015955e-23,29031692328188645e-26,3306738368381531e-24,0.06561383093677153,0.25325899270580443,16699700030893523e-25
55864441771238574e-25,14078159590647585e-24,10298160107968565e-24,6751974513702255e-23,0.7949240908314996,9248656901712473e-24,15156920197986713e-23,7725794049986928e-24,2278032931534135e-22,0.20507519304177868,22229727192960545e-23
36717850204668846e-24,0.277098713425501,0.7228206811856274,8375399992945846e-23,37528030685337125e-23,34429611052797856e-24,27593153975084794e-24,26097870407497804e-22,773107274765287e-19,8145079161694803e-23,4565075776758698e-23
464344584377777e-23,8570454338246192e-22,1561669552430313e-23,0.10258390524577733,0.8232281856794152,10358181288853443e-24,16998655620947252e-24,14456823193454386e-24,5185904270924965e-23,0.07418688403242805,5406409978119979e-23
6747211196343811e-24,26078855672719478e-24,6051573099030321e-23,5835929026702723e-21,0.9083252098591158,23559774866456797e-24,10254979937087845e-23,22742718326860436e-24,19659180395349348e-24,0.0916685379677261,1543868037157666e-22
4507233762634473e-23,0.5285227700023248,7204762451583118e-23,0.00011590292973700405,27407793889271906e-24,3829311372618964e-23,2088037983770343e-22,8689161038297579e-20,1360777672716335e-22,8642573202804481e-22,0.4712730434977747
13141797547237154e-26,5864682858451181e-25,43132349361138096e-26,611921618751305e-24,24768007949923998e-25,28360121711102145e-26,3072727378537733e-25,0.9999999778841617,1534100153863297e-23,24298186209570255e-26,17027517818666218e-25
15284988186378424e-25,418791702928907e-23,2214756309396997e-24,19783011927825245e-25,0.7910368921804202,17328566565881672e-25,1379919744647966e-24,0.0722421414884453,0.001311989244977977,0.13540896204085995,20211081684388742e-25
12642322755186113e-24,0.26948515801597145,33598124116353567e-23,0.6606143027100075,0.00035904392527780823,13963417400916573e-23,2989865624291594e-23,0.06954010554506357,20883158824718564e-23,1351344575048114e-23,6493021788547061e-22
3743727223648636e-23,0.018751204325578474,17464834621226987e-23,23533813366765796e-24,5068780571568964e-23,0.17860089747547928,5385864888771247e-23,0.2509688379394331,0.02641870724487373,8078767143925529e-23,0.5252599320610709
6929948906500048e-23,6030592699786562e-23,6774092454540532e-23,14282230975729358e-23,0.1345217904387372,0.08600332790697604,12289553749704233e-22,18420414814753324e-22,49869756735820565e-22,13243546198066085e-23,0.7794663510776514
0.009939048755914247,2276977870625287e-24,10602433828253748e-23,12211034831676154e-25,9499649979149728e-24,0.006759319289292536,7857474571286012e-23,27971087380103702e-21,18729893975200724e-25,0.19591485391908608,0.7873586074785224
51374167813968954e-25,9689802347172176e-24,0.5831877208189888,0.3750826453841849,8254668033810462e-24,46299210709874785e-24,7771831970360886e-24,768994901700208e-23,0.04172949877228814,3318792408324532e-23,16993739293565585e-24
3189347822291e-22,15932253483650126e-25,0.5806101469574299,1295756189208369e-24,0.35268589827622815,10917919871107334e-25,10785992548737562e-25,11801247929769865e-25,0.0667035465676277,5818836560043833e-25,4010582043234394e-22
3119411001577518e-24,6132948094220213e-22,22645133904862144e-24,0.04476380625077966,9043556780818333e-24,26847555029975785e-24,13624443306013108e-24,0.903675772883815,0.05155967369437355,707044522027552e-23,5152498037769521e-23
6588910873737717e-24,10836916484386954e-24,0.9512593249570171,6431516005624556e-24,56014198825983614e-25,1139703132506402e-23,12415240998488466e-24,35685986748085904e-23,0.048740226082200085,1944555185253796e-23,19369646912285805e-24
956813007403124e-25,6665787704801143e-25,7392006141045266e-25,865325395211342e-20,0.9999913346179176,526682567884994e-24,5371940626696408e-25,7567349648471669e-24,7925868799096903e-25,43765619034637206e-26,7657396991808594e-25
13072182209860914e-25,2631857421875285e-24,11725229298362953e-24,23027490500715787e-25,0.5976992659860256,4034466766718022e-24,20165234040614546e-25,0.3879118737531451,6247822867398077e-23,0.014388717653447798,56093737135245564e-24
9408823534633892e-25,0.045942182111892875,5971802258278681e-24,26518688370659507e-25,0.9540570183246129,7320201160006142e-24,4784277150232381e-24,6625345004971882e-22,32770602945460354e-25,10344402709566589e-23,8620636461149735e-24
12815047896931381e-27,0.6615762313310193,2789072253440767e-26,0.15457807492103393,13896822121253633e-23,1804955097832121e-26,1755819856932985e-26,3563516293958942e-26,0.1838455545946991,4299341649078552e-26,3085345279844219e-26
