7272427052181159e-23,65792911666036175e-25,0.21554207281366258,9092852480818947e-24,1738619760278702e-23,2814843766622915e-23,2189241096715953e-23,0.29472927608962196,0.05321853579412569,50026513769922756e-25,0.436509954476483
29220359674989887e-24,16114450049014884e-25,22494428482038093e-25,11469488544226038e-23,6311874900281783e-25,6703072839115985e-23,6336750192293203e-23,11040886189797572e-23,2985703718410963e-22,398799736525511e-20,0.9999953242178502
35602697326149425e-25,3747140633293602e-24,44802340752252735e-25,7817247384212263e-24,38016986049651415e-25,10287471056797112e-24,1412162738214251e-23,0.41132249775129676,0.029717927587040695,72561141168715535e-25,0.5589595195898592
0.0032647024763643234,7014855407540986e-25,5362627853020428e-25,4882369441257267e-25,19206005037073717e-25,0.06967459614027932,7234783745963578e-24,4915229379137107e-24,21287223908440164e-23,0.13198159993152128,0.7950788727916059
19072371121586546e-26,36237048284769573e-23,28395989201594872e-24,13680513362694117e-24,0.9569338908896171,2664059383832848e-23,854379420863538e-23,9177372097668897e-25,1107725673552097e-24,0.04306565781802237,9443147930096695e-24
114981944053979e-25,8075077963411237e-25,10276578288617885e-25,685687164099327e-23,0.7636586946559069,28762691246463e-23,13414241402183516e-26,1074116182444118e-24,770363823930368e-25,2186278814380032e-25,0.2363412948489947
1578311738459714e-26,0.3027207230118143,6413277272121899e-25,0.5770538331571271,1742050138188197e-24,10533135271412404e-25,3345638654090382e-25,40312312034736084e-26,0.12022543878604346,2038287868822751e-25,6532605251321273e-25
10672198737919971e-23,10672370848875029e-25,14357868260680927e-25,7327468616421637e-25,43747565339847366e-25,7004680676978304e-24,7439553688889023e-25,0.3574437690566786,0.01196895742929965,30756863618679265e-26,0.6305871511253985
5154622285659546e-26,5104836123293301e-25,0.47918758250849874,41666932889737453e-26,0.5068514663908391,11179979314879417e-25,4866009701090327e-25,5248219440002986e-25,0.01396094607528872,6278693341954981e-25,12944414737097897e-25
128073202690719e-24,27447331560081694e-25,0.4657152837101721,0.40816087055945444,2322434381898382e-24,4940592016003225e-24,8458561865104215e-25,14694765964726066e-24,0.12612381850800233,6369890181501103e-25,909456159914485e-24
6122016618523713e-25,0.053071447072883284,5706310940113676e-23,0.49590985545260763,2431705736654357e-24,0.13101120094648847,0.1855361802139518,5621410432362515e-24,0.114094137421036,42772603266027186e-25,0.020377108888301028
0.002414101700882094,54765663603116764e-27,0.9260183344862595,4203466358405922e-25,509751587487331e-25,49699224629845884e-27,28239018003982654e-27,42455287239777896e-27,0.07156756304855542,3029513990739553e-26,8791343829698275e-26
150879649613368e-22,5261583257719569e-25,0.7756508712065839,0.12112447064847846,1968726756099322e-20,5285727330863746e-25,4999206542903591e-25,5600846834293329e-24,0.10320494770652312,13893514643803087e-26,7885168309484029e-25
7614365746035761e-25,17284423513666995e-25,32574717508285617e-26,0.36479144422862086,11539391926744753e-24,0.01806841371462018,9441993668631332e-24,13869973669379022e-25,0.0708299239105095,31987976897752217e-23,0.5463098730824651
3203405971436642e-24,29100454395092763e-22,25061606382184993e-22,0.4298532452916865,0.5047366336369336,8806317269329845e-23,16272499661487539e-23,39023301079572497e-23,0.028573224224294307,0.03683052433657462,3120799342141801e-22
28769716316837214e-24,25884617810788444e-24,7154492123213433e-24,15126027396647256e-24,296924957675011e-22,34618988695587384e-24,7501416122384756e-24,0.17321188233409612,10865317011800313e-21,8632773049369414e-24,0.8267770949683654
5118425679815766e-25,2601470257396606e-24,0.31476893118774085,6705258125144872e-24,0.6852284670452068,4561854699798965e-24,30409138737268557e-25,8220408788172947e-24,26499733940265298e-24,21041050311489516e-24,25285845271579184e-22
0.0021661017046396822,21956789172851914e-24,11867484748277103e-24,0.2774021336836902,20056336564764755e-24,3929621275551994e-23,17336339648677977e-24,411861503627449e-22,0.03743487815900656,0.13013275050400178,0.5528639842493487
11535699836583974e-27,8160117986822609e-26,12132097353196407e-25,22314358436411676e-25,0.4804434084033136,16799419267191569e-25,2081184093350477e-21,11828695517782186e-25,11539814963364508e-26,8588459017711957e-25,0.5195545030376829
8131400805254374e-26,0.3037967251351233,561164529897266e-23,5021658574768772e-24,15784902587644136e-24,9736400442117822e-22,6888639549211998e-24,15659233812685786e-23,0.012657279417765763,13589124038137556e-24,0.6835448182374846
12331088859634119e-27,0.32374601060190583,6293683418451168e-25,0.5552725569234979,11603605191475713e-22,5424661895326503e-25,28239990715132934e-26,2987139028632837e-25,0.12098026974006783,32998052771673027e-26,27796059934795164e-26
26411144442113986e-24,0.1371452761891399,11078249935959672e-25,43735386474920506e-25,4115075151533706e-24,1158524973449848e-21,12917473423155192e-25,5460929046781238e-24,0.001698028351797492,8730586320376244e-25,0.8611554933007638
3405613629587929e-20,29166330792525097e-26,23950075784169173e-26,6738314684999771e-25,3739797651589274e-23,20802401675974053e-23,5981545936267336e-24,5819301306016633e-24,2850356362258206e-23,5531766611071509e-24,0.9999656514005377
2687793582158191e-25,3050564841958509e-23,30489108613228075e-25,0.8143372891879882,444942374091182e-22,0.025593552797772593,24188413911448923e-24,32354658269943297e-25,0.16006903986100168,2901006470601592e-24,9454497727844985e-24
18649926948148876e-25,10841049516470931e-24,0.43286063172893713,0.16970457738065955,0.35424145178355304,7980206320737021e-24,4407238757758467e-24,72061174142550876e-25,0.04319328484113814,59954816587857506e-25,15970629044979258e-24
0.0007926336814175005,31710630427644727e-27,0.2664902669527098,7730921126595072e-26,9970571811063451e-26,5366248806214119e-23,15311593452010349e-26,9322142919166109e-26,0.021170180114580005,5598685653914636e-23,0.7115468091470288
8748193832475924e-24,0.23309109239739792,0.07137699372141926,0.5470634002345358,27306079998484344e-22,2059360211802418e-21,19485241987452924e-24,9810980200244935e-23,0.1484611482158408,2010749028484266e-23,24290147699919514e-22
1608716398961571e-24,2385485974747083e-24,0.4386674025044251,3778807062492038e-24,0.5613320240658747,9454758200617077e-24,31064183199485465e-25,24000380740279272e-25,23834977654940933e-24,3713502593916867e-24,5231472617299725e-22
26377070158886666e-25,29538129519133815e-25,0.3534292724488374,17806488971443337e-24,24636383946409496e-24,0.02546122077450247,4538345010409709e-24,35094510680850675e-24,0.05218718376758795,4021650759886342e-24,0.5689222313204437
31509490500441622e-25,0.04321217507980247,0.3395640885692728,10595787374691017e-21,42621084588762075e-24,5827397201910243e-20,12526762985048427e-23,1305677393591768e-23,0.0676836120483727,6428209791314048e-24,0.5494710640183452
21536757062043425e-27,17340310742833212e-25,16768878560943298e-25,0.36223673213908936,0.6377632578664576,14035409796622424e-25,11970988826554924e-25,1206468765275469e-24,1585371192498289e-24,10003634634364108e-25,5167175764853925e-25
21667420061749522e-27,13984774061155385e-25,141996676951112e-23,0.08740456839789235,0.9125954032573856,7040462709004188e-25,19706461464500622e-24,10169397353948573e-25,10059872776507645e-26,2803337483115757e-24,1172379009192429e-24
8623025586167282e-26,4394316129546107e-24,0.6112942286761784,40721699646793014e-25,0.3366212439925244,7565085930157603e-25,5855706615603709e-25,6842126390547632e-25,0.0520845093978532,11428001337441877e-26,7240236643657332e-24
0.0002788858153077793,1883225850031404e-24,0.8804150433452226,12563582999595358e-24,15318549684832e-21,12047349657168577e-24,5042008477170057e-25,4757239961533525e-24,0.11930600470006301,3636866879622922e-25,18702006385148634e-24
8373650260412607e-20,4258666053086504e-26,0.838625749738414,0.03995723758503034,9495184421773014e-26,5905030676056556e-26,3469405294815862e-26,6510849265236383e-26,0.12133327562153336,3165580567332016e-26,2249506896278561e-25
37118760281207566e-26,6652549352047386e-24,602627354175575e-23,0.2668141537244106,0.733185750114084,9338086008734863e-24,5671837279418663e-24,45124194147388064e-24,49908610009265814e-25,8557442732122238e-24,9431532305051529e-24
1175271844875408e-25,25649461710126984e-24,0.6258177276033043,7189858421692943e-23,0.31164470459440585,1534587761834566e-24,424761850402271e-24,28778693738674716e-24,0.06253743795170766,2508019164209329e-25,11968126956593852e-25
0.0001889762627287308,23858589753367915e-27,0.868909609943085,14658058116071452e-23,16392126542154462e-26,5793263129714406e-26,1843456101996452e-26,38186759690737735e-27,0.1309012667738477,1514934148237409e-26,13718128576628272e-26
467184097809788e-24,1402200260216177e-23,2304993355464184e-23,19519721743340183e-22,0.9147509433572638,10018491458060726e-24,0.03802878723789027,0.04720605641586995,16571480869028663e-24,22395488529536338e-24,12174494318139531e-21
2116804117948645e-24,35057948703000095e-24,5111285279729968e-23,0.5600842779215319,0.36666901967776994,6112396596236265e-22,21412572920678217e-24,284502872285837e-22,0.07324582130248986,21825864195741224e-24,10988221732233645e-23
0.00157500231114104,299722914139212e-24,0.8530085526524099,8668582928182822e-26,4765169987689631e-25,22068684833752188e-26,4995368077000679e-26,13040108138352837e-26,0.1255781091635401,5157407299078379e-26,0.019838334553840074
3095442296139852e-25,4338366717241424e-21,9580476352859252e-24,0.21519086481403638,0.7597785041601556,0.0012911457274756768,3209565868755634e-23,25503117316960352e-24,0.023734885999525935,7606267368064996e-24,18583797547125206e-23
15610602973710886e-24,13316545897439643e-24,0.609085713936025,16964915029949796e-22,0.3038368455474907,14233362691038974e-24,10626380898418658e-24,18184965613145e-21,0.08707054913225454,1135136766640946e-23,5111569497399785e-21
0.001139736312742747,5856541678454888e-24,0.8766165357307758,7380947782886537e-23,9996148759151662e-22,11146099421598819e-24,5250852492900957e-24,5914802805662303e-24,0.1222426108326886,458016358051865e-23,10951009328814626e-24
4761123178229809e-25,9688971910475506e-25,0.3466722615828398,0.16933614161441304,0.42128271347282464,14183382625356667e-26,20181419535039239e-26,19416093975023874e-26,0.06270888084757313,14910910533347886e-26,3503735228436363e-25
3321799638480476e-21,33415395539284187e-25,8347574961100948e-25,11218950594402108e-25,24257895623094927e-25,0.05023707831605746,16228894867065004e-24,7121618800887703e-23,41228218394839115e-24,0.010023565296762443,0.9397358981902588
137652503641307e-23,17030081353219056e-24,12277096753075926e-24,0.476117550931144,0.5176825062829848,6097803235959774e-24,4634463597548127e-24,5404266154374771e-24,0.006199886453314055,44028029193066286e-25,51097380779052465e-25
13952387238306121e-25,10996914522462297e-23,18105518551078142e-24,16447344069000117e-24,0.9403786733937811,5053146928445431e-23,0.059621040965698056,4648303853282352e-23,2501145488259543e-24,11439921347502129e-24,28767992715235872e-24
37618361761370784e-26,2444397362053884e-22,0.8417097363813292,506874670277028e-21,6847362442002532e-23,26171903332268258e-24,6808953961858275e-23,6887754257665362e-23,0.15828925044208972,17831460464655643e-24,18906412142870327e-24
2673403723081977e-25,14670878097633855e-24,6055915596317922e-25,113076044662317e-23,8232910753619609e-25,33790024263666607e-25,8735385106045036e-25,3281497120988903e-21,0.014655175357963821,10422792952031184e-25,0.985341520352235
9073927676301948e-26,3413310739103842e-24,48042334428416395e-24,13501963886883035e-23,0.999999807238418,6831608310234471e-25,2165837568192254e-24,9691495623809854e-25,8048715768332965e-25,6780357621642122e-25,8944573568103242e-25
2694158460508495e-25,15103683166507015e-23,0.39494571081819513,7718632196518696e-23,0.4343148209598423,21077751189395848e-26,5754978449649095e-25,12999283163465253e-25,0.03813194883625426,390521818012119e-24,0.13260728841642183
7539080191496978e-25,4667455389771469e-24,25161832104182402e-25,0.19612037280395136,0.7465386345323098,289650914846482e-23,36441083628245553e-25,8692138820304168e-24,0.00273514231342871,0.05460581880084775,8382358056428756e-24
20349107508695986e-25,0.37335568497219246,4589580140698469e-23,0.1945014876785218,0.3026343886386928,13774299932027172e-24,19225113520545687e-24,10559373341424117e-24,0.06668608148966221,0.06282218638592403,7934555076728277e-23
10414430586068397e-25,1794305176681958e-24,2306209719644206e-24,0.6996528566258488,0.21002414518631946,19347715096094453e-25,9283465497331488e-25,13415738262670603e-25,0.09032298420828519,18159286262314936e-25,2816918217357401e-24
0.00019887064140620408,4426359163213794e-25,46039104661466597e-26,35156122063218853e-26,14590439727157858e-25,6141064430022503e-25,0.01647856897036797,5171418929648036e-25,4766023994720673e-23,42979352938095034e-25,0.9833225045851699
17260078759769339e-26,5481796468386903e-24,5344309886474223e-24,3574579842656139e-23,0.8764595542278533,19751432229465085e-25,3117931010304741e-24,773136144703317e-23,17342032656364336e-25,0.027976885818625688,0.09556349865038204
0.001044391195873375,28951628498736104e-26,0.22979838074868164,0.17726667455204154,3474148015687344e-25,7731789964072739e-25,1405682478307823e-24,7457155095452187e-24,0.0503148546627245,10446607774823089e-25,0.5415756875230703
11532282925789612e-27,2243028714065475e-24,0.1691415476057279,40924898812249756e-26,0.8308584303942826,7157608051796671e-25,6146931501118479e-25,6518669995293065e-24,9380498322403241e-24,44707536641889393e-26,16630932972974203e-25
5399778749798631e-24,17363404381130526e-24,18100422296228591e-22,0.0822612589963768,35701604821561426e-24,4268498492008868e-21,3760010660654381e-23,0.18853434574431582,0.01991264291073101,30813592714245765e-24,0.7092855469294843
29252564912952397e-25,17615302432333742e-25,6236086599329251e-24,7550567842600422e-23,842471235470824e-23,0.2830113257015662,265737367090065e-23,39299422196014495e-22,35750448058836996e-24,14292989603054207e-25,0.7169846096658311
12358786593056235e-26,44110672816845426e-26,0.7732967876573,597724927275814e-24,0.07437782075048263,1858455784600212e-25,17317032669760895e-26,24189185716741666e-26,0.15232538937020484,6133988350445406e-26,39877809204414994e-26
14017225235868e-20,28088867567577033e-24,18738214580167487e-22,7951369245235438e-20,5345057847197827e-23,7362179351441916e-21,15138273491833045e-23,0.10630005518126792,27960318390827602e-24,15285939287285863e-21,0.8935955081314297
0.00017495516857967184,37233053025515935e-26,4963366156016799e-25,6120528793308752e-25,5451411034155673e-25,27371787032597547e-22,7125748675127789e-25,2806863746344049e-24,40799207127564886e-26,0.004437295079179903,0.9953850066202453
0.0018891006760121927,757897792755816e-23,0.8720747582866105,3833838860620839e-24,5158676041412939e-24,22302728341303804e-25,26468871046180295e-25,3923304460285452e-24,0.12603610623907352,28688695844874408e-25,65731202664684925e-25
1910768821813893e-25,7877415150933312e-24,7323928022244882e-24,2719507500791262e-24,7013169831601822e-24,32710880008105805e-23,46056729938106906e-25,0.2766244817834481,3266211100283452e-22,10648379345036226e-24,0.7233748241074129
18703426965990945e-25,987348530106075e-24,1257499367811894e-24,5721335250723499e-24,9829597172968735e-25,5788165306071188e-24,0.16069282082326758,0.012111305573021503,0.035697500609750306,1036470235593013e-24,0.7914983553499181
6215069169356209e-24,1920149855806348e-22,2767404181761135e-22,5514061485528967e-23,0.8518226349267078,18574659696457594e-24,11349430202006847e-23,0.14817580191571994,7314428414125527e-22,20079664743527272e-24,1494553712555778e-22
6567483299806293e-24,0.19852126463263842,835225848501567e-22,0.6108296783644216,0.07539667989027381,16497605122269487e-23,23967881994657514e-24,45526540361935015e-24,0.11525197318473865,3289807593346243e-23,46469324355711064e-24
15113918272059036e-25,0.0037567863042855974,4079864986720307e-23,43182166485255794e-24,0.9948556066774884,6231782704775675e-24,8435453150181851e-24,7193049772554289e-24,0.001387473220027256,19419849540480573e-24,7018825885532605e-24
30458970397115845e-27,2340319547862921e-25,34488423432903594e-25,5998131591412536e-26,14531621404656295e-26,0.22355612520385604,9444306165456729e-23,20653718303051134e-25,12631797959131873e-26,7757356956518258e-25,0.7764437734671404
9388736625569256e-25,0.17476118620215178,5330021718772815e-23,0.7081931422463926,753026234379599e-22,36593133717253704e-24,21009882193904737e-24,10684567592726535e-24,0.11704530142337133,53462071866677546e-25,16695260079868288e-23
195235763813673e-23,16924337204007758e-25,0.5038336660728516,2772087504791685e-24,0.43705596260406404,11819334334568143e-25,8449383184822892e-25,2566135727911274e-25,0.05911036210769487,19273387271450122e-26,321653386280594e-24
11893534352772696e-25,12689692654508484e-24,1323170307713257e-23,9227288535610001e-24,13880084345944087e-24,10393578388708815e-23,128996150728263e-22,0.537439902043394,4851850623971249e-23,9988383367254278e-24,0.46255987239621477
10971577691854988e-23,674725793483721e-22,0.7633800806609996,7314199154411867e-23,14885851970484969e-22,15741719508785204e-21,10506048604652295e-23,0.11150039554955654,0.12509876750507168,3796635538452895e-23,31326229692213544e-22
56919176478623205e-25,16798239963183144e-26,40995550049759123e-26,13015116035846848e-23,12275417574661932e-25,23549629248874077e-23,10958163227985211e-24,13056103227680588e-25,7281194916650254e-25,40191623638651336e-23,0.999999211947275
2597691926934007e-26,18100049724552356e-26,3884794926056494e-25,20614403131299644e-26,0.7686239216151114,197787395194512e-24,27948761144307297e-26,17748462361645708e-22,10290428845143758e-25,2756415407054704e-25,0.2313743009557257
9838336775660548e-24,0.08338135378575598,855573212348536e-22,0.1216603231413236,24624071318614995e-23,6540770537504084e-22,5408538133345867e-22,0.044410943915282886,0.025209615733994696,5147637492616004e-22,0.7253357120926552
11662816339140436e-25,7687201865325652e-25,6495493342907254e-25,6342984520074657e-25,6955008987168276e-25,0.17312558394317976,13734247762176556e-25,11778265857646452e-25,18078064410885127e-25,6218874626202674e-24,0.8268744015645366
9106822220050707e-20,13257652555156041e-25,8067899292358842e-26,6016102117955616e-26,2904235144970936e-26,0.15185688512056478,5218431840397148e-26,1328736219905549e-25,6677212610390113e-23,0.017160846130952,0.8308911320734501
0.0004957156013360795,29039656568648287e-25,0.32843135130846773,2244524575557298e-24,4036105988704165e-24,19235301717735704e-25,3007451159351716e-24,0.07004536398997147,0.0474292148296804,14715320438689725e-25,0.5535983386834343
10856917313056885e-24,43452135986961305e-22,4796156478336635e-22,0.9097782701604276,3694074113432238e-23,2798411197730362e-22,14638353969116162e-24,4594920617579474e-23,0.09021648073235927,159986266475942e-22,20052976488393817e-24
13663442464181013e-25,31154871414649414e-24,14622335714250005e-24,0.8706984951116158,36683406130834564e-24,5682676295506051e-21,33382023063164072e-25,6409955122514804e-24,0.1292956698828364,2528831603255811e-24,5622480027748096e-23
0.0010115709767385833,7346739795925228e-25,39488226860284124e-25,3925018057835267e-25,2556809132132226e-24,3789575513931659e-24,0.12954108562708322,0.0478212887363642,0.007498101067261456,1236635140794987e-24,0.8141279409335387
0.009891324434438171,0.0046646924056324085,960695277217919e-24,2913364013829505e-25,4570482477741718e-24,2977189755218359e-24,5571460786812973e-25,13250603529934364e-25,9219440329817007e-24,0.4337278893811321,0.5517160738774481
15097915441807324e-25,9641482707972665e-24,4536435724081698e-23,0.8651660544594155,2736462004116838e-24,12049101477991063e-23,35542919004824253e-25,33575997681688054e-25,0.13483372950269715,20542299967751897e-24,8833648410814442e-24
15170507367303207e-26,0.14058652046073494,0.055647720134333,3126360773908335e-25,7049360548841041e-24,6352798527421859e-25,13689082630138267e-24,0.18119925071828005,0.05458826498225309,8841442978523359e-25,0.5679782209821831
20507214373382415e-25,0.06991795569046251,8686978461409435e-24,10749351091623145e-24,0.0011615417410585699,3336513082276569e-22,64345868348337916e-25,0.4546898007509434,0.056711870311806835,5519443230710589e-24,0.4175184644133202
5729218294044319e-24,30858656762610386e-24,6547823278719798e-24,0.024837558628475507,16525653256359392e-23,0.07865001927343336,24082342576829344e-24,0.00011344134801670306,10178131737571302e-24,875994470683342e-23,0.8963987293374278
0.017656739631048444,3982297747477361e-25,0.22420429741259548,0.047382961423005354,17499289925678216e-25,3323727764472288e-25,3178997292658943e-25,6883484433279698e-25,0.006124488287890069,0.7046315078374937,19209726807296603e-25
11671861605836364e-22,8905110007035179e-24,23299553052076668e-25,20541496805070747e-25,22728981017672074e-25,9362779813279173e-22,9770016592831041e-23,0.08042554794922617,9633279818202823e-23,22691148147401481e-23,0.9195719120800794
497882018362911e-24,36090775104034764e-25,0.08617865522442551,4835867173462314e-24,0.9138213253739841,13715975957632584e-25,16615761783799266e-25,2018280026984321e-24,23805654961494267e-25,13744225975521694e-25,16523634798196143e-25
8327051247867535e-25,3928226879921099e-24,2834259790710521e-24,3032203173288629e-23,0.8846480695325151,21703731386900534e-25,2968993072707488e-24,6329962825455523e-24,22880959238258816e-25,0.11535186591906928,12872295821778973e-24
0.009345371807242778,15246871229653197e-25,7165222291457112e-24,13395435832664739e-24,0.4007777768515025,15715516641362149e-25,13154469550572548e-25,28815980131028154e-25,0.009713644124564661,0.5801631688945983,1046820197853587e-23
1575439526007252e-25,37180661701917445e-26,0.06292354768651008,0.3158851121863863,0.4708320336187502,25953185144860584e-26,22646469357178663e-26,21788717091774527e-26,0.03440115324092878,0.11595815173867353,29536462070239587e-26
23538197907630714e-25,5195608183496969e-24,2768796196325061e-24,36630227492653686e-25,20359893484242324e-25,0.2829131165806793,26839877755318507e-25,15277422730891344e-24,4097497558429166e-23,2741496078701564e-24,0.717086805724114
547162406825469e-21,16466781012904081e-25,4291898138149747e-24,1580251433409503e-24,7204548343893788e-20,5193148715198615e-24,2333014835770026e-24,4368114232170109e-24,2323810927832572e-24,20808383006479904e-25,0.9999273835363994
13162385519977065e-27,917059584788989e-25,7066570294844514e-24,4330149237775381e-24,0.999999987087045,5666874926236126e-26,2034675124103499e-25,33219298161331477e-26,1188252119927621e-25,45540574053083595e-26,2448013710151011e-25
22994860100378986e-26,1778943137384784e-25,28295562590744074e-25,2624546306417166e-25,404764909470565e-24,0.38510317149251116,5373917525640664e-25,0.23709748312081813,0.021736123126479653,980899064745271e-24,0.3560632168372291
56047582624941324e-24,8876915764746662e-23,2188449368658339e-24,4004000386490494e-24,7524965162913223e-25,30360619892268276e-25,0.0058685356598305255,0.26083244236643643,0.026007870734198153,1509194257678816e-23,0.7072909813497282
0.0017083701175196258,8715282366487148e-26,14612275808976555e-26,32356193515954993e-25,14740616941799956e-26,4349162298945601e-24,0.1827555124142902,0.23806023027177237,0.033902748547180825,3188863438602391e-25,0.5435731303648871
0.00025894701173557246,7866518937133138e-24,14146856137374551e-24,9903039146000762e-24,10556135865498635e-24,0.10941755076942351,11433712978952594e-24,28872270236727122e-24,0.0003851922911503903,14815121866149216e-24,0.8899382123340349
0.0006773332803850401,15050664762462047e-24,0.8403517739951466,22723219512210125e-25,7796148374871272e-24,4037032257814338e-24,858726999195587e-24,3572495782753948e-23,0.04964121415022637,0.10932960813278787,4702140358992961e-24
27413564167741357e-26,12103012619475617e-25,0.7208763949845328,4864513944476959e-25,2538588786045413e-23,0.1120754486961287,10160787751766598e-25,0.11395206536521578,0.05309605151496281,2393533923284721e-25,10832201154200854e-24
9621711313411047e-26,3464329723102749e-24,3653617367084948e-23,27171507075899703e-22,0.9999964068085672,6571877995355431e-22,20538809009583878e-24,7616614773432793e-23,25448909795232984e-26,6348637054769723e-23,18315418464567207e-24
6425677734478463e-25,240091057147163e-23,4839412920451573e-24,10019787577868615e-24,3936866208908071e-24,0.17165732093217653,0.00010111431394547966,0.493914585913861,0.06268805914755478,21108216334124265e-25,0.2716388957410647
33963564625534234e-26,34959737109449828e-25,0.9395981214333737,13859641410719514e-24,1703751747651088e-22,772766994563038e-23,623521631393719e-23,59959047433736826e-25,0.060401428009851425,23587337164858224e-24,21900872107496127e-23
3344119100962504e-24,8538524778250472e-24,4410749103461431e-23,0.05595033535128102,0.8189508952068074,12857679523489888e-24,5136854237856197e-24,8726221579730686e-24,8562287637968596e-24,0.12509864272413598,3544462968485887e-23
3717965801611043e-24,14084346234862106e-24,0.8994228307340291,0.01659762838711808,0.03667981338434916,10708135926789668e-24,6703910273584895e-24,13070666799940236e-24,0.047299664475230846,4712009608040876e-24,10022697633462678e-24
5564915323090838e-24,1503557287577186e-23,18719239825438098e-24,0.8285202873992266,18004505156061915e-24,11709768350077125e-24,15922772029672858e-21,0.03096060007422269,0.14050304459284851,14159963771338841e-24,6196824226602361e-23
10373788345219854e-26,0.14530660167367893,4387173392748114e-23,0.2873296240390117,17595153758216082e-26,23894903508791233e-25,0.20275907116113548,42637498265857907e-26,0.1161280090390571,2610805298729148e-24,0.24847664450902887
0.024980777325760446,13112142640982453e-25,1876103166182464e-24,0.0002028118287104863,2087130903027257e-24,1217352479435683e-24,749341822787736e-24,21036903868275035e-25,581603127991875e-23,0.9605002050561949,0.014316190627673277
33953129539457636e-27,25827218354483004e-25,28935546751476023e-21,38109474165579654e-25,0.9999710479486817,25718035979542716e-26,6550564466342509e-24,6031411578859396e-25,235038914983443e-24,2089004651477684e-24,34205926861172645e-26
1752772748506577e-26,0.1491308947885997,16240174844800394e-26,9786387503388577e-26,8252705446520145e-25,16673438615905033e-26,2217807442875956e-25,0.021761963402078605,7664899645263003e-22,20328842577053192e-26,0.8291063736244764
1945059893752761e-26,15006484288922493e-25,2301006159439919e-22,2997408734943778e-23,0.9999996990831712,12391065580739201e-25,25875977743767384e-24,3429739807892221e-24,3625285427766709e-25,7737547575127203e-24,6770667629297501e-25
58641964967967995e-25,0.35657811216276775,3371906161264405e-23,923060409274018e-23,1364619615874198e-23,23542578677035968e-24,14368803892669469e-24,0.5051913888509448,0.0008261408004398924,25916717716141342e-24,0.13740423189814782
0.0009798834188244946,10168309319658678e-25,15227059781141398e-25,0.608231875765177,1480545557528692e-24,8013223928799604e-25,11348500972101813e-25,0.3216181703195233,0.06916997549899338,2037640481357236e-24,8700417809268731e-23
36947725373667555e-25,8224326921225965e-22,43632858611258645e-24,1847114973669195e-20,0.9999799466258295,23305142693176263e-24,3731204327004957e-23,21262123764011058e-24,2233805982504024e-23,5681509797258243e-22,4009636513429929e-23
4353754367753807e-23,3483913019697659e-23,0.5531185022513827,0.30026971283796194,13244077738327288e-23,17587842118887108e-22,3087505150897301e-23,11748152785246216e-23,0.14660015191524212,2432554287550557e-23,9490711836252289e-21
1424339078652216e-24,0.25238649025804777,12964436903533595e-24,6942856637099596e-21,0.614682154592696,4921332717184393e-24,10120793533128948e-24,0.13292422074107144,10239954603714315e-23,7713909112493334e-24,520077404698116e-22
19468435732609638e-25,1051857910645441e-23,0.8698388157992734,0.025604100894881764,1434046979615397e-23,9929557563976842e-24,7938501144991095e-24,8690786590392605e-24,0.10455701387474002,8626055607124763e-24,744057254446807e-23
4377396778998335e-26,335600417554846e-24,1449309217202314e-24,1843924125953857e-23,0.9575184291160241,17417670145210218e-25,0.04248154397722757,17210510824411268e-25,39547828714084525e-26,12874209683512976e-25,1492820042984018e-24
1161136556734305e-24,11516544828379267e-24,0.20008012870139508,0.6521896138036357,2596698177435394e-23,5393292406826114e-24,8866823913775136e-25,4022364725363445e-24,0.14773020638650514,10137874401117614e-25,1149208345351022e-24
5269509419643216e-24,4864020644904128e-25,16687479939978838e-26,16365585400196365e-26,14440455881692502e-26,0.11747990197492994,0.057171386537591545,7231012592355668e-25,0.01842561971543335,11330156263608425e-25,0.8069230836850818
17921568349247475e-26,255191465422849e-24,0.5078788294691409,4335335565185556e-25,0.2900109159505721,3344363565524644e-24,3104198873913064e-25,37332671231671537e-26,0.05283766890561769,0.14927257158603793,9192584469755203e-24
2504980839908865e-24,8231840171190447e-24,47030237774764015e-25,0.5304981268839364,19988663695868406e-24,2654718565690489e-21,7660235336443574e-20,11638268163660894e-24,0.1394094599951715,3522551333317537e-24,0.33001310546192264
19272799673026005e-25,0.6705264566343772,1765391315719524e-21,0.222485969471987,21107687458314475e-24,1495096871231625e-23,7172769319209317e-23,7591858559356465e-23,0.10698476525479042,8468374932501327e-22,10778025917111295e-24
11383741175629957e-24,446079902081352e-23,49924192915238395e-25,0.32763159902813693,4238901543855557e-24,7581065466697649e-24,9410572949666063e-24,0.6194429372047044,0.05292538807719923,6773347166229255e-24,2684902368681408e-23
5329381740350775e-25,6633934832757614e-24,0.6349509882438462,17992336131079852e-24,0.2502176598753433,10605302577946162e-23,56984616126221184e-25,55994507184773095e-24,0.03967924114558429,10046183161556961e-24,0.07515190778387543
33997979760798747e-26,3516370159042732e-23,2569844219401259e-24,6774528130386284e-25,0.46837046798439436,15323097060843848e-22,0.03986158992804183,0.14675754744740377,10675163028735768e-24,7370132826639896e-25,0.34500881216770196
22187049228339123e-26,1197845621207147e-23,2358388421654568e-25,0.8528287426194037,9095036143348085e-25,41664034368966744e-26,30381177135852404e-26,4092757125707605e-25,0.14717124224348857,33174002682363003e-26,33447884025853165e-26
0.00029725039488645404,14637110510264257e-25,1931442657675345e-24,2062555284325459e-24,21549230374152125e-25,27649675663442885e-23,24448416515572446e-24,4114226262953761e-24,10224981935742719e-24,15549033003336537e-22,0.9997008718047998
3181430710658848e-25,42647527604646374e-24,8123211878692071e-24,0.81269408666274,14615635050206928e-24,28167075748053016e-24,1265650994661988e-23,7265397626914141e-24,0.18730579065596803,3977087731980761e-24,4910702916394584e-24
17635912044385147e-24,0.00014445663684432906,0.9367556123255572,33907811679540956e-23,11328015808448196e-23,36809177006480916e-24,3089852362008395e-23,5239191255956551e-23,0.06309922858355678,6883666032270196e-23,43521028926215816e-24
14586285957542316e-25,7748452761209077e-25,2033351022790856e-25,1051470517495545e-25,4562183850665091e-25,19270578394924842e-25,17006080579782842e-26,0.9999996665620682,10907956714743163e-24,22481856896640897e-26,31721018269091714e-23
2527368217227335e-25,7892833275696657e-26,814237277664533e-25,1826622204213826e-25,8354113704849179e-26,0.11612783301242921,1658664465491953e-25,6470226945221698e-25,0.006162070520406197,6343824592059358e-26,0.8777100949115301
2497568933291866e-24,4174441775861418e-23,1372961137749619e-24,12287211641456655e-25,26426174117123743e-25,18074981268852088e-25,3186012447383933e-24,0.5363182425723773,99904995936426e-23,10788395527859346e-25,0.46368170086995314
44894895023121586e-27,15517901322219518e-24,0.6846929359912758,0.16446069120030954,2495836958937976e-24,32835226549281823e-25,26045839611460583e-25,727305189778895e-24,0.15084634378105669,4178300369490121e-24,17494487947509852e-26
3659807851026854e-23,10304144335670823e-24,6994425079420876e-24,0.8392513908495827,6709699336861938e-24,6307187575975605e-22,0.027177697078530457,335772099865145e-22,0.13357017564182125,4601273430629949e-24,6926900264773977e-24
9032475807098415e-25,27983340525129625e-25,799522015550012e-22,0.5722489879188407,2720534197124623e-24,11156620233163153e-25,12251007009159702e-25,0.3251876368923223,0.10256328109573543,1159934868258816e-24,4218050888833958e-24
7222683083724468e-25,15340116604478208e-25,2296121010573749e-25,0.5809941931773469,6375103957719671e-25,8199601549844995e-24,8295868246436118e-25,0.33764295918470494,0.08136281858755447,13890682459787126e-24,3007135357505034e-24
493041957388919e-23,10990251152419047e-23,0.5795904518012974,56733523884287124e-24,3123114231500917e-22,18478953983259842e-23,0.13438557945164423,0.15406828729837574,0.13194732090046188,7282212537315495e-21,4096681842287373e-22
3361075938513399e-25,1609329569828853e-23,5062278681925206e-22,31041311947868973e-25,0.9999978509041633,34914337635105194e-25,43725442178349e-22,15253525922716304e-25,9037234487862693e-25,1611445512631664e-21,15959829616164913e-25
16123231806272566e-25,29796832413022647e-24,27227673355815925e-24,8116693164670687e-23,0.9255293505392633,0.07447043327458201,19845209070394785e-24,13979669063465678e-24,789762218123563e-23,7695984750073708e-24,2696401093110098e-23
4921095603867942e-26,9200131998344797e-24,0.901178002961478,4676788368295598e-25,14218795712773038e-25,4189859136052819e-24,2436189389569994e-24,1474683293440873e-24,0.0988214934687854,4828734323086565e-22,145647322058504e-23
14564056800939415e-24,0.6356055295870687,21429941854898917e-24,34336881572766316e-24,10321664480083571e-23,14130373394491154e-24,4869145643103938e-23,25199180102476607e-23,1723632191117134e-22,27561445261406402e-24,0.36439378212711077
13494844356547877e-22,15852884775934236e-23,14845590145865013e-23,0.9999903337592659,7818333649161025e-23,10068435103941523e-23,7478981324789643e-23,8743911779335257e-23,75036502151796305e-22,7753543330587124e-23,8749003577936282e-23
7153974147824796e-24,0.7471072603016726,157676971488183e-22,0.23478534950213686,0.018107264825638274,10734188153812887e-24,10557049476497285e-24,10508218974063035e-24,39713051795440573e-24,12550924241041324e-24,18388401772382032e-24
8837648072273096e-25,17460088495387326e-25,23314366771135484e-25,13762956699681046e-25,4518245147328282e-24,0.2592533053066878,396549724662865e-23,15669221958304873e-24,5297541501427889e-24,19900363609744243e-25,0.74074665691567
12297033059878376e-23,10479341841690357e-23,17610600957923076e-24,13264061284718811e-25,42232705852340185e-23,48589855163518854e-24,743263965280665e-22,0.9999944756350029,3973528580891402e-21,36814625523891125e-23,39074664719257446e-23
8499694284838074e-24,61025400812350496e-25,5192900140476437e-24,32866010432214742e-25,6491509940144177e-24,5773917332383273e-22,0.0874262757076675,7852232944522526e-24,0.08413736824512277,6036663497702643e-23,0.8284356808633628
26511906873945165e-25,0.5607938136428094,14315172812973324e-24,0.4392017650319367,24549125928640913e-23,2901070930421257e-23,9267392683514235e-24,12098327509600884e-24,40692147815874174e-22,10593043129440628e-24,2868338640762901e-23
35286662204364113e-23,302667037657267e-22,7439162370093944e-23,516075533611275e-21,4462755836945246e-23,5548976440657446e-23,7236355509336492e-23,0.6724671129409805,15826793555744195e-21,23261657935219136e-24,0.32751589092235217
0.006793670752107671,27189619159823835e-23,25562093684142418e-24,0.6965273036784237,18131118594542057e-24,12615657002402732e-23,8772241900764715e-24,6432656859569052e-23,0.05394609235393319,0.2427323900661795,28304571087694135e-24
8203258534996743e-25,8293403273802963e-24,29142137212477875e-25,622700899360318e-23,0.9007386128062098,4720179802326753e-24,11192363711408583e-23,21420071108051237e-25,42791586684943555e-25,0.09926123857778987,7296053658494684e-24
30988813800630997e-25,0.5438051861444184,0.4561832188853009,10142902239902973e-24,14092299757105435e-24,421574265770053e-23,3452470041166444e-24,1152058462154876e-20,24943176526217832e-24,9280354611523842e-24,5160795430487594e-24
12738732993848056e-25,10494005904728497e-24,3961903379157687e-24,1935450611822813e-21,0.8137245392336223,27829186112917397e-25,4015442404937906e-24,3479701797713239e-24,67505130776497724e-25,0.1862734872755593,52818325794271084e-25
11014817691977155e-26,13465327333913692e-25,636021056367473e-23,5436551335473444e-22,0.9438833657682233,1179942031284966e-24,6982091989830123e-23,9025017897785837e-25,37238613961638337e-26,0.056115997613677755,128720539898991e-22
1367499683555931e-25,0.7611139696071795,12010589351774562e-26,0.08392698873832913,4931799196941109e-26,6408499621979493e-26,1349237492573727e-25,7897733378269174e-23,11248609905226093e-23,239654854114245e-24,0.1549588494462374
2039839338012662e-25,96620437532899e-24,2516240115889729e-26,5230415265078588e-26,4478669332299006e-25,9182385485695577e-26,3764933647241396e-26,0.9999999908178888,67143283765609525e-25,1233440618280321e-24,28003228158957534e-26
9643283611961998e-25,6491795404437858e-25,30549268128649363e-26,2499087293312753e-25,0.5676205009460065,2484765400131541e-25,18060118687012238e-26,0.27627617203882704,8389588347641069e-20,0.15601942826697357,2689083525976002e-25
10757023732336135e-25,0.24744202029622467,497926858739429e-21,0.7524953710041129,5211190145205802e-22,25488056968109074e-23,15540286779536674e-25,6096815958624201e-20,19706728074069144e-23,8270673402717064e-25,1660891025832572e-22
14713169118344173e-25,2020453191806752e-23,20680808628425513e-24,46269891564829235e-26,8835838752724096e-25,0.2673316042967814,33085451923323408e-25,0.40487433068194106,0.02526273073566817,5570870570608929e-24,0.3025312817032704
1698572485156675e-22,16729225749232524e-24,14556518303798757e-24,26193705547468302e-24,3198101311553038e-22,0.1166964722888517,23838619638127147e-24,35218018577558975e-24,15989132861316172e-22,14676615085948512e-24,0.8833013079177702
0.008560794765522134,31533860226411104e-26,3159276730578097e-23,17927655962443747e-26,8502496430233026e-25,0.03998808350950036,3539314434821654e-24,0.03752252660018858,25888322178252264e-26,0.18064881523374907,0.7332797431552106
17625446205348557e-25,14381358783759748e-24,0.5549168155711192,0.3933960362062237,8455634684832705e-24,0.017437959636851144,11167152666470992e-24,8281493130207051e-24,0.03424911884858068,10444148424991044e-24,15244815528639952e-24
16543546419191907e-25,10275623091330812e-24,0.8611777092857634,2551181256872765e-23,0.04875660808341171,20829748776107273e-24,6263686663434779e-24,661586089642048e-23,0.09006234422228346,29503950612770767e-25,3264307532639492e-21
5910418697349727e-24,12252270828136627e-22,6622952073129239e-23,46964680078127615e-22,28969434288662276e-24,10060546081864585e-23,9923407134233479e-23,0.9743385509970671,0.025655091251287787,4191595701534442e-23,9319304228179746e-23
3610808550318745e-26,2095477477101528e-25,0.7838014483550486,7147924589965827e-26,6080277419903201e-26,2125335802292983e-25,2582025283673929e-25,0.16167910784899658,0.05451944066639886,2030759662612301e-24,24964616269404383e-26
5219731680906354e-24,7364825186742212e-23,4456296285897576e-23,20120566502778055e-22,0.9999968254088598,5288145702349831e-23,40760869068081045e-24,828503202640878e-21,52569550113667595e-24,26966837028276286e-24,37421628815208175e-24
2607252053888031e-22,38847085654853167e-23,27488038165734453e-21,44172310431821874e-23,0.43739860099023686,14220261892280062e-22,20035723950418982e-23,0.5625520083898176,2362362943773589e-21,26724173478949627e-23,16559674486502866e-21
591196497957863e-24,7761341972640644e-21,16340279884880852e-23,3251404467629294e-23,0.9999888355401778,6555298951054146e-22,1245437955940589e-22,13862150141085718e-22,5381698441491825e-23,7767633520775738e-22,2097409458270062e-22
15657005623147327e-25,0.775842449655376,10002227224365252e-25,0.04449015376741912,1147118529882301e-22,6631192979875464e-25,6035836796185588e-25,12501401325771663e-25,0.1796672739551897,12431421120515986e-25,15843423308142954e-25
