6667707542513313e-24,6235338929350267e-24,0.16372318367726627,245317525454002e-23,1020664380517722e-23,3278598328886238e-22,8262138292419142e-23,0.07940317009738426,0.027343412385444302,24212071763891077e-25,0.729529795375099
8011862443388383e-23,42776898395219525e-25,47832768252184665e-25,11313007399140628e-24,28972590110397006e-25,10384811729966895e-23,2312532264280652e-22,18843720744903137e-24,1196382815768532e-23,49965437057526065e-24,0.9999994807358126
9029196985937474e-26,6564863580928321e-26,2901330585555438e-26,5399023854681031e-26,16025382658833207e-27,5117175049876164e-24,11323315520330837e-24,0.1885108376708594,0.01840826541727263,6781386285891312e-25,0.7930808795381298
0.0010574557592001783,21396998944175896e-25,1891118352528424e-24,223847049123186e-23,22378517416144415e-25,0.06002983495468915,7738797862688133e-24,6639061458855608e-24,0.001274973716419282,0.05006881292760736,0.8875688997570894
20768790593057323e-26,5288030068399018e-23,63441696834186075e-22,0.02859315066241737,0.9157586615163558,10284491701717426e-24,11584397072124502e-24,7421405312942633e-24,20557171169059433e-25,0.05564153360089127,2256162500697073e-22
29695827686831857e-27,25718526200607784e-25,18071527069301307e-25,13593768713332792e-23,0.3424996824764717,5408466844290004e-25,11567876782205751e-23,3071446248915277e-23,11523796127082913e-26,7147465663117448e-25,0.6575000294131191
41820311505622345e-25,0.19704464778216862,8260556343637678e-23,0.5388863387769703,0.15629468863488383,12316820451871727e-23,457228626521192e-22,1227040623940298e-22,0.10777376054174194,3508897738974265e-23,15079234087729326e-23
14100507281195735e-26,11719851958199957e-26,14789883522146123e-26,7649005985034139e-26,19534257657258684e-26,32133019130450476e-26,12555084109363437e-26,0.15375171847242358,0.0021529707944739724,19809732253218393e-26,0.8440953094102068
556587133637259e-22,1627518052691836e-23,0.24248302200686725,6168748310423354e-24,0.18289194214033724,15470357183321182e-23,10945319910911026e-24,26212725928126353e-24,0.012584434369996584,7751064003976497e-24,0.5620403237678612
8412454249747812e-24,4260504919361926e-23,0.5459849728225568,0.32806694663386965,3533087273614667e-22,10831143516509812e-23,24751362552298646e-24,5120821854758773e-23,0.12594677970641485,20456691027657187e-24,6917833351368112e-22
36114973576337692e-25,17153866151909991e-22,0.4068696769248606,0.22996957598473866,1120940759180564e-23,0.03504216894528834,389335842475814e-22,1483755769075319e-22,0.08149898071435904,4837499060143431e-24,0.24661767509148882
0.00124617744758135,5798316479810434e-25,0.9070862187439493,993881558862715e-22,6978770952047839e-25,6725094847314003e-25,3425050678164186e-25,5680519790275558e-25,0.09166750017911517,31848897388802926e-26,10619348688744978e-25
26839184157353045e-27,7288045327050125e-25,0.4433368186942135,0.19568278357967023,0.2989046626144864,11007726354554175e-25,8294543525698074e-25,22501070111012882e-23,0.06207549807585739,16734577217467502e-26,9355933886578576e-24
7791175288163249e-25,14254300293427029e-25,2478526777668155e-25,0.19732948488752083,22506917224098125e-25,0.011620102089979994,3193040137101496e-23,24380702556272916e-25,0.03615648058572209,1308321176862534e-23,0.7548938802820075
16340853235528784e-27,5239769067200413e-25,0.09208730279718597,0.3879561645099176,0.48169743194320597,5611014358844589e-24,33509739319535814e-25,16615626825410858e-25,0.038259053802574,3472918311664104e-23,11383671479274497e-25
21578387987169408e-23,13880901147687449e-24,55166884026032456e-25,1686117746166799e-23,18058594547077378e-24,13772384465158307e-21,945694664700468e-23,0.051947702719956246,8761797424966431e-22,7160554480716599e-24,0.9480373619970931
12545926781746488e-26,4535799972710323e-25,0.13742972092153455,9269300123490288e-25,0.4055899199727554,146061056156326e-23,8162908423140128e-25,2142723934833599e-24,5779081675189872e-25,9607128516812602e-24,0.45698034299507745
0.001412692890931233,5006331129751625e-24,23723535957485e-22,0.08736691161545204,51928890043900724e-25,21501746303014928e-24,7081541346125786e-24,2040937930786861e-23,0.010887520463553596,0.07121454694987754,0.829118266515946
1863199904335539e-25,2173610933737905e-24,1116653187102599e-22,12321158844491765e-23,0.22166067893144434,3971890268542717e-22,12183836545195855e-23,7781650506780284e-23,15093732713293165e-25,26506541531269642e-24,0.7783384589729813
2721247541191082e-23,0.14779841332065566,28578236559539022e-24,3059864314987594e-23,9512004822502789e-23,7906041668316192e-23,22942909241632596e-24,2415041528557099e-22,0.00828036312152583,2285384330452972e-23,0.8439206756871006
6069497456496551e-26,0.15125449891705814,23817182164597036e-25,0.43400310763321986,0.35195869002501023,12458002247388935e-25,7526590663727447e-25,8083630829457506e-25,0.06278369595541637,6688097954780119e-25,15509695035866753e-25
359589394691988e-23,0.05197271609340718,6131069128322986e-24,7587041312045926e-24,6564040314830051e-24,13537688758864113e-21,75519032848061e-22,11255783511302345e-24,0.002057095625475841,446199879587944e-23,0.9459566034446482
19433571707507458e-21,3596473707942921e-25,3720177896670259e-25,5592571170690369e-25,3965385463618603e-24,6858531438786811e-22,11058959244329053e-25,9916262928313996e-25,52042145565818624e-25,6489087907795885e-25,0.9999798673681956
11045928296642989e-26,7703250279218822e-23,5012626036433124e-24,0.6115468873202771,0.26802266430039534,8890324997053037e-22,4719204485989736e-24,23961372572543197e-25,0.09817978127472786,13736555359159413e-25,0.0222496874270453
35078890453010575e-26,2412149085689552e-24,0.4914312872998312,0.23980727222652762,0.18013735745690637,4404473629687403e-24,11156283328772998e-25,22389575662265175e-25,0.088445750119683,8051573885579681e-25,0.00017832198901865078
0.0004468878792519269,13676885629943012e-26,0.16043146137664455,20586322690316076e-26,6812995817893218e-25,6820203708246607e-22,9214711082601757e-24,5656395270688977e-24,0.013123778736566019,5786026642377649e-24,0.825997168306102
3168414015146549e-25,35393367748620474e-23,0.4679346368365945,0.24207068691706163,38325316353609206e-25,4860530473734379e-24,34794943564303454e-25,2332541442951169e-24,0.11215995598153397,16719898077081753e-25,0.1778343498427175
27877169256390146e-26,1618848250620387e-24,0.20473795804265268,26388862387679054e-25,0.35229039435784837,14121626514972625e-25,1743276746633642e-24,1529142990296049e-24,13995103128938866e-25,18846594677767117e-25,0.44297163512118864
1725339310921161e-24,17039951836367724e-23,5568909450387122e-22,5779584053045104e-21,1114444455046148e-21,0.035925156569141636,2910357037780564e-22,0.015728685628433256,0.003893129368022936,4643598409672034e-23,0.9444452171200233
4945759227374622e-25,16435018359881406e-23,0.2559361128091198,0.004787236209752643,25335059409044794e-26,4570900359169686e-24,3518294374936593e-25,12778985145006207e-26,0.04437146098043974,5576612713346931e-26,0.6949050197964646
4540542427253603e-25,45267307006658e-21,5317437658648475e-23,0.3300110315696133,0.6699887119624169,2007711581286419e-23,355572405058786e-22,1990715216323523e-23,1991270593715539e-23,3092297692440423e-23,31194901169520774e-24
3571320777977414e-26,10065410465028562e-25,13335362583253305e-25,0.1419575671985357,0.8580421962314111,8318339594828908e-25,22708775237519192e-23,10486392787498467e-25,3513793892456986e-25,1450553557709717e-24,34228147083115595e-25
2740892288370557e-24,34383689452211894e-24,0.4149421552261172,14558353142675765e-24,0.28209374105215407,8468413114463039e-24,48126381314021685e-25,12020942073015087e-24,0.034036288697568626,7629811582325065e-25,0.26892773776992346
1877390174237188e-24,11898793687145006e-24,0.710119136257085,3249981461167907e-21,0.10698770659006314,167863086290058e-22,6320779646369505e-24,1583599880397419e-23,0.09188151336565742,4628540724964045e-24,0.09100833654678676
8603056731929355e-24,1125970371315312e-24,0.5852225136630325,0.16780825739302335,33003006187136726e-24,31515877971021133e-24,10518150865957903e-25,4774768808537517e-24,0.10781340529759374,731994950109357e-24,0.13915574284089186
16762116990824624e-25,2998481706406704e-22,39438695253956685e-23,0.2189047195356965,0.7810845578606721,24717146027879514e-23,2019124595058177e-22,33093496307387945e-23,27271375082579535e-25,12567209871783303e-24,9231377484541787e-21
4453039655144333e-24,5988762859227388e-24,0.5706279704401261,17692829678352096e-21,0.3679238036736369,12230861604449167e-24,9488197949673368e-24,5238607110752289e-23,0.06143028676372861,55752083200315555e-25,15617162149197765e-23
6379141158336421e-21,1166499106457386e-24,0.7641411457852181,0.1051085588606613,8483310111157639e-23,4244684564064003e-24,6966808140092768e-25,12851579514338757e-25,0.13074169201705596,3924022697943108e-25,2131576970225852e-21
16510559292882642e-25,5776395565724625e-23,39891999657561226e-24,5699210617689902e-22,0.44120701805252777,4334436143919511e-23,0.02666443351278616,0.026468090713710063,29198596944915835e-22,4010528177032494e-23,0.5056567851843016
23024274662974841e-26,6778554855043345e-24,2074672055902029e-23,0.29966204848976363,0.3853960537084461,14003683661200919e-24,480074110508855e-23,6486325528175822e-24,0.03088394259004278,52331788563412985e-25,0.2840579105451142
0.0007911364253432042,11807367033946642e-23,0.3679242135963325,10695483777216028e-24,12215710037782575e-22,13284079336313984e-23,9125033666970165e-24,5670531275265275e-23,0.05206429126852164,6584536073430967e-24,0.5792188031140332
31963507043263666e-27,0.0027382088449138427,2418648371691276e-24,0.12797269009889894,0.39323515669978165,10298073206845942e-23,25677770443673382e-24,3873717633569558e-24,0.021371404443623294,9440840761386521e-25,0.4546824039858948
12064463808426403e-25,14398593948384147e-24,0.4506448680109476,148724799175843e-21,0.2514545353229559,1719796261486941e-23,18137023045971896e-24,3975043527854923e-23,0.06244259630054288,7680489882077295e-24,0.23545780935717467
34664813307516215e-25,637211765904875e-23,0.6070349607065122,0.002103588181225238,0.3121145036057741,10774363371425556e-24,6623365088367064e-24,7515937300589344e-24,0.07874687753302068,4889412811755687e-24,3033783486099689e-23
11343726263388717e-26,8479646830517572e-24,0.2678833793336913,0.1730925717293304,0.5102395943732078,10024428815840114e-24,3185477169917319e-24,10127613633325921e-24,0.048784331454621306,21099382026527886e-25,8907456535116258e-23
22659195257300033e-25,21830770387073905e-24,16207730130945029e-25,1955060195629551e-24,4104542524060425e-24,0.0289718988211796,3929651518429263e-21,30020572838438428e-22,30743355799015555e-23,0.00046786591393860804,0.9705529643454559
5605547128815823e-25,7686842284847443e-24,6647579995858801e-24,0.36933561251874014,0.6212709943256869,3233018348996603e-24,2441388537095557e-24,29999509524857444e-25,0.009393363502701433,24754562455459208e-25,3612584493161572e-24
21415954963006617e-25,13989893043833644e-23,601824955585475e-22,36224467982459707e-22,0.9757586011851992,5070535159077904e-23,0.02422734486982207,7685190568062102e-23,6635797483501877e-24,8097798519809541e-23,10014104067633176e-21
990754637544413e-23,3781919477052871e-24,0.755056997937383,48526843933198406e-21,6687152806209898e-24,4694052310992599e-24,32910920693416664e-25,4266614745052772e-24,0.13245537294080542,15630610364505757e-25,0.11243906808707692
2908678781080884e-24,8760144527274362e-23,24762313518116333e-25,59710988183602525e-25,4381948947128911e-24,1109561132732733e-20,47151178682143565e-25,145001878172232e-21,0.005554711971762937,58624055552781825e-25,0.9944339334981049
6432962678466679e-26,15074567083094923e-24,8574024087482086e-23,0.19165944095049736,0.8083404449870041,7419663064217027e-25,3259405708256872e-24,12011572549459445e-25,5931075834942752e-24,8453300605475872e-25,12040250852887534e-25
33318086039388768e-25,0.00023054873818654896,0.17159624628572837,5160925861997488e-23,0.3801888158464035,29409568478910673e-24,19405137881997092e-24,9418348016847476e-23,0.007112297833723761,2540515131921733e-23,0.4408718679510854
856769976598578e-25,161651176263631e-23,9414248281750353e-25,0.13997525890366025,0.8600243102981497,8290746842321353e-25,13872881117512077e-25,15590785984751013e-24,3581042543022853e-22,4809149943541145e-23,4126222118468183e-24
4818191854534417e-25,0.13821453473346282,16686765717826394e-22,0.167948039309569,0.6666321837956026,6813681697803237e-24,10489356329888512e-24,6073392711602401e-24,0.026357839828756464,0.0007080939358046313,0.0001376158620051694
34568119350819676e-27,13213723820078509e-25,21653527480873966e-24,0.5157122275515774,0.4249958690136917,5849462196965094e-24,14095733461166116e-25,40860769372306126e-25,0.05929183413309924,18576865366110041e-25,3308909587159488e-23
0.00017006985094289472,3718459849267875e-24,2231570651149906e-24,8439584630067947e-25,10632414738758213e-24,18312122028230977e-25,0.013603695017329899,13562663214732575e-25,13737755368647915e-21,11158525057725777e-22,0.9862113609099701
9548620461118913e-25,19202287857760384e-23,3018874547825797e-23,8884236652908775e-23,0.38924317262926006,8917818256887599e-24,4883838965931656e-23,5990450937869526e-22,15607351037799737e-25,0.014572917895981983,0.5961829391039586
0.00043949225376363384,7003557769777172e-24,0.20583372328338845,0.028665515147882965,9834430948994994e-24,16470380440657697e-24,19309583414306435e-24,4644695177522713e-23,0.036761176224715655,16209782292127265e-24,0.7282999778155725
4879384564094605e-25,933677635299723e-23,0.020628403551817196,53729954128201015e-25,0.9793715489384893,4530603027985405e-24,5563254170142135e-24,10773629399662668e-24,17441071122913e-22,5344366145179517e-24,4356399415465248e-24
3018904872029516e-25,20478655753956547e-25,759495604796489e-24,0.11106900773031383,3970136780422487e-25,1306050551012531e-21,6537720432944154e-25,0.03177856067897002,0.01811762433443409,26525494054221517e-25,0.8390334943931674
15588933191590796e-26,7349131991492134e-25,17855364583431576e-25,2198868815531239e-24,13408782424571918e-25,0.11936954867764125,12222676361366443e-25,45536988600680775e-24,27662204226647672e-24,5329755277066985e-25,0.8806303701518544
14801619352916221e-26,1484708480432339e-23,0.401811731074468,7089605901419152e-22,0.5243425301683745,1512813044111215e-23,9455683729916604e-24,19133675484112182e-24,0.0738448735817917,20937898050004933e-25,11061447452055261e-23
14347731076252865e-25,21689059008080753e-25,19792248806018814e-24,9946053343532448e-23,2759540657962837e-24,0.00016099098534705006,5689736098684409e-24,0.06738923470965189,20946300993703595e-25,9735322293571298e-21,0.9324399055823361
0.0002995944310580652,1412677169345769e-24,1579786049775722e-24,16801761689342386e-25,14481588498076004e-25,6851371913361428e-22,26222736541371345e-25,35501862273795034e-24,14010666132481232e-25,0.009251004438775683,0.9904486703469746
0.001894998184426037,21381997918930128e-26,0.8321320611926276,24327745305557295e-26,2754318914424968e-25,3145160496068529e-25,946965154425081e-25,2511211547912036e-25,0.1224727537547468,8411925766400031e-26,0.04350018538601071
3778975819992875e-24,1630803526763508e-23,11961395968601538e-24,6876986625456214e-24,1565321827771546e-23,1056937299376329e-21,7602105371654606e-24,0.18430862882446297,50933393249524e-20,9206344959895331e-23,0.8156896506596465
9333126260959749e-24,12112208360355849e-24,14867511426465168e-24,4715297430502412e-23,9083842296802012e-24,41383982910410344e-24,0.07146281408236682,0.010679969102352601,0.016971800883045483,10160654932934016e-24,0.9008852718379728
10226063296847797e-26,34593562494435787e-25,4282748249968188e-23,11538204455168301e-24,0.9311103421969062,3129123034731736e-25,6390731105144315e-24,0.06888955718170865,3934930919068811e-24,17143285765585023e-25,3034174045536296e-23
7231494997620654e-25,3535380345778762e-20,1610175011738574e-22,0.33211114812124043,0.6213434118077075,2142981646668897e-23,15421792505754218e-24,472109809088822e-22,0.04650980150630033,29385721186714295e-24,9572325910473878e-24
4559653270528421e-24,5327474478767323e-22,11671997639256746e-22,0.11421450203810489,0.8732649709253901,29582429926932084e-24,7651008782483548e-23,5298461000231667e-23,0.012518478848246964,15086150004353009e-23,337436963162119e-22
16501765146803216e-25,11754623385863607e-24,7401294830575561e-23,4849404279853124e-24,1155853974396394e-23,0.1023233454172911,7502666560784213e-21,8976519844635373e-22,4079268846658412e-24,36782369958428904e-24,0.89766810957684
5617486950703076e-26,0.1500596271338326,4064608594557239e-24,0.5546324322260238,2799382155454243e-24,15362562610366253e-25,149840436896971e-23,10821800298936726e-25,0.0966695531908798,23343225538608976e-26,0.19863837617885197
14659900976742227e-26,8447465025886904e-25,0.2149312505250783,16298221971273158e-25,0.770562928072981,8345869017188511e-25,9411653970909495e-25,7231468058810157e-25,0.014505813787384574,7397315238247314e-25,17542212818900615e-25
18844514531257944e-26,16219687858480014e-26,7807413693693091e-26,4001367018954736e-26,7883216670589401e-26,27925792614995625e-23,32640487639148853e-26,0.22732358319589485,137393174381572e-22,1914735459388735e-25,0.7726761227413773
5198317674909304e-24,40036598737649575e-25,0.5363840441828466,349758342472699e-23,22288629384936346e-24,11432199664163516e-23,478103727224235e-23,0.04686556254106827,0.08947632163223189,19737898913437435e-25,0.3272739155768192
0.00016754421380621716,5934267126652894e-26,12048351557016694e-26,0.050438223420185356,3819086711841099e-25,243744397714152e-22,22161690482913227e-26,3556499515433967e-25,2252643703572263e-24,0.00010051519436361938,0.9492936894055308
19198417104397403e-23,43819039878272324e-23,3925909338197298e-21,57718340789751e-21,63113245743556205e-22,21822291303669157e-22,20896176673928828e-23,0.05541002228594629,498735123983033e-21,6815553638706842e-22,0.9445754811058509
33477654462166183e-26,0.05990024069203323,190437500952641e-21,0.12030557882005413,9321746079936832e-22,4067539818683908e-22,21235904223607078e-23,0.027111862581623767,0.025474945997311003,579341928239558e-22,0.7672056032540989
0.0009314319426502823,1198277112862526e-23,7363579625719167e-24,7337334040500062e-24,8663818749303827e-24,0.037139158187206374,3399541959630232e-23,2351287564672329e-23,7489080679619299e-23,0.04217123737719773,0.91975800474634
34585957851347016e-23,22173486497903899e-23,7869340416221315e-24,9429665499367852e-24,2868809874550076e-24,0.06259139140393866,15417976007982735e-24,17644246724163448e-24,4449831241743797e-22,18239020932409397e-23,0.9374073603982445
0.000841946915198821,2364167170402413e-24,0.1549542507331467,2133254378842055e-24,477547340513391e-23,3241510974809713e-24,5581274412295236e-24,834127164540384e-19,0.016025578472442188,17012868841494297e-25,0.8280947913657905
27620132561881914e-26,13888194649152644e-24,7198597995895306e-20,0.883040222772914,3542108386453092e-24,5625547914999001e-24,7516779208988114e-25,2129623851488925e-24,0.11688775931708499,8336217655771745e-25,4895925007690343e-24
8416360207222954e-25,12392266137788144e-23,5068115728598918e-24,0.6099369722984449,40271062566855323e-24,3779650885979641e-21,34346109050689105e-25,3684151543115263e-24,0.09632157097795972,2719970254009945e-24,0.29373749713008657
0.0005837047869012924,10224021653156618e-25,28868107583815164e-25,40674235272030887e-26,17127823589421097e-25,3579246716267843e-24,0.07998455348114364,31033689037407615e-21,0.0052198176562266675,15030306477992175e-25,0.9141808792756961
0.0035834167683948467,0.00473660089433543,2372730939594442e-24,7364833207564457e-25,4903109809582748e-24,9778426059611779e-22,2089377137166971e-24,12697953538640838e-24,3978306766402609e-23,0.16117404355522658,0.8305048983567133
2952596988459047e-24,0.04326166811812017,25440058070644034e-23,0.7934214178587041,13255489946473691e-24,0.004967940064918374,17810422103478595e-24,15861991631662665e-24,0.13647734114620536,0.005590273894683816,0.016281054636823732
3281023098321876e-24,886032404855739e-22,0.2723588592722849,22614735655040604e-25,9319998399878959e-22,1810573467212867e-23,23712896232278472e-24,0.03812379312865026,0.034584970172263585,29887706290393177e-25,0.6549313064738111
11244188435034426e-24,1770453121947965e-20,2403405064211307e-23,3653236998500735e-23,2351292752356311e-22,14062958233502761e-21,21469474405261263e-24,0.23358470262550032,0.021099534559103926,21307630587511412e-24,0.7452836456089661
9984330331463816e-24,7684134988337406e-24,16723367960488542e-25,0.037246839517990814,2244017252936751e-20,0.03788085001400842,7528095081795682e-24,0.0016488714951105913,4969604484746173e-24,27255298335846046e-25,0.9232009642363306
2830214020504846e-24,5053990667407541e-24,0.7392564276156988,0.17734249498485566,18240248146514276e-24,44629092802794195e-25,3884775289233274e-24,66603018201839365e-25,0.08260145537596425,0.0007995618710251919,1901318688790562e-23
8370104737704315e-22,7898543766712147e-23,30543849704101954e-24,39903464470973135e-24,29303742687674815e-24,4573815696804547e-21,5207531502024297e-22,0.024857595638907423,18375047728492036e-23,27496521788674804e-23,0.9751358353295823
20629957868918157e-24,10773211712424095e-22,0.31611678175734664,266685042108535e-20,0.6838780080669853,29182796998832104e-23,2585207257365272e-22,6174230102329117e-22,12944250920667087e-23,6508451484218237e-23,8979739538328108e-23
41239463128449425e-27,42086155447147267e-26,41706202151705515e-26,268526439487968e-21,0.9535501201959533,29213172231326074e-26,44969268916678646e-26,13697992833015285e-25,3804451927345455e-25,0.04644959830884042,9597175816991127e-24
529187803245461e-24,15046367348553736e-25,3892495532997085e-24,0.13541895785704697,0.7282476047690788,1366305454407297e-24,13972293610025232e-25,26568071741495603e-25,0.004782864898678576,0.13155055705053492,4077929941011728e-24
4752758596712356e-25,6253965742064207e-24,0.25234298991423776,0.28118412950407773,0.42372353043675975,2620390690798527e-23,2692624267715606e-23,16026371135708214e-24,0.04273350446647634,15751695278172972e-21,18097396886668332e-24
3079346094557314e-24,2385751639053717e-25,1302470019833718e-25,24821227887133867e-26,14797603695634828e-26,0.10657694616386286,17943423444963291e-26,0.030643196214159358,4693334810105588e-22,2036013676926199e-25,0.8627793840611034
31434226832810257e-23,12175764332877417e-25,34535077988120075e-26,8633039950123757e-26,8293970005707149e-23,25390986147361117e-23,2647745599707757e-24,4846324531927215e-24,20159536817205953e-26,8027009001110569e-25,0.9999993386605462
2500316536155164e-24,2938454531926772e-23,20079542658189755e-22,0.022819730515480637,0.9771780555783275,16001462333733463e-24,4894774897148629e-23,6085017483349949e-23,5909058968612194e-24,2064581919964412e-23,21712781610839746e-24
21123688862816656e-25,1779577056961643e-24,1430463706617644e-22,2121660893892724e-24,28154122843601055e-25,0.1624270822956516,1595111678438555e-23,0.06909140545083853,0.009255533682461027,12907460056104735e-24,0.7592257978370157
5973908973568955e-20,4593620880946389e-22,29122741850211202e-25,1867915826226453e-24,39215623538249814e-26,3292753891156339e-23,46181562262655824e-22,0.12319953462820445,0.009098378595560548,24266241034281294e-21,0.8676129658272678
0.0007105120770420477,6290003035231048e-26,7874901740311872e-26,8709215957845195e-23,6915181076099532e-26,96853180975281e-23,0.14784055846627986,0.058563775751352694,0.02684439847942366,22026647202040922e-26,0.7660406667341428
0.00023132001960992556,23527695184116696e-25,29000929144448807e-25,2136285399574467e-24,21090860319186666e-25,0.028993199213753717,3671490703012343e-24,9882622870437488e-24,0.0014662238148597257,7579080911808062e-24,0.9693092263203484
18513993545446182e-25,12887057261617584e-24,0.44281659568579146,7179886484271478e-23,0.5571808227167477,14632408706358582e-24,7864679610175958e-24,9081953910473804e-23,17360055344653675e-22,5281848650673246e-22,11755410581975616e-23
5765370537639305e-24,4127484988069283e-23,0.5545567336791125,1080365858758146e-23,50999728514059094e-24,0.02009143888538699,3052078123895208e-23,0.11994542745871775,0.05476855451370892,8235392618173367e-24,0.2506376978634584
5157834636716631e-24,9340223777892662e-23,8951428576163317e-22,0.09945341533290503,0.9005422316314224,4112240584861065e-22,4931098503980957e-22,11552796681076944e-22,4422960757376982e-23,8166385390596676e-22,4395737422712562e-22
12381603822430452e-24,17242027099118904e-24,28622815059838743e-24,4873714556866374e-23,3614325796065444e-23,0.03593882633064298,0.1488713075205831,0.019726329205346477,0.034267563243512454,16590302915909857e-24,0.7611958139829295
4417168253405695e-26,9449448347194654e-25,0.8414189446806397,12625928181242208e-25,12899167155200366e-23,3903517683893328e-23,2889990249544282e-24,10116436028964903e-25,0.061727546817558834,13136810315461162e-24,0.09685332118637043
11005767303601425e-25,2479193164012293e-23,2714157390948e-19,0.1107360504805964,0.873786189499103,2875481890925413e-23,1598772812248e-20,42679518065541776e-24,18457303549813882e-24,0.015477261559222584,952735007257071e-22
13137991626559145e-26,4875617482517662e-25,0.9274346560807746,0.004893007868289543,10170303340482858e-25,468404671260572e-24,4002084188176051e-25,5548118627484756e-25,0.067672331265822,30832517657724237e-26,140949427224144e-23
4022940299598865e-25,19313153811499473e-25,31623680071906714e-25,0.696860345235008,17587372898840642e-25,18767349443196166e-25,3926736008788871e-21,0.06490277076664344,0.12503832155230918,11851898465940231e-25,0.11319462539356524
24426493340967817e-25,11232342936810097e-23,0.09823687565111544,0.06637926653990138,2646767630121811e-25,26904517943478537e-24,0.1207928829187492,1118512079793311e-24,0.05091485349404062,19936795561566088e-24,0.663675958405621
0.013077015063568382,4495625807337892e-25,6539012555528961e-25,2634621770693216e-22,17611170672227971e-25,12608192794329721e-25,336011762452655e-24,6081939315603793e-24,11476675473168193e-23,0.5038751404404842,0.4830474557236413
22856241834224956e-25,24452337097711277e-24,0.12515017132190687,4115600310508787e-23,0.8748494921671398,14865678241394456e-24,3948332952064509e-23,22616153618149022e-24,12966138679061728e-23,2930751820872738e-23,326841903950864e-22
43502649627361795e-26,0.05355332477629367,23882464939499104e-26,15534096377646056e-26,2484465828987602e-24,11417957025407845e-23,7521104314190604e-25,6755903870056166e-22,7473064870798879e-23,3418332406976406e-25,0.9464458063154974
23095714860650437e-26,5209653775258489e-24,519341416804482e-21,3748711054542156e-22,0.9999988882163782,29014685828728427e-25,5436997049629267e-23,3939133518631295e-23,2452205168070192e-23,627024519327018e-22,29124302081844268e-24
4209009947268828e-25,0.20927665831426798,25078452349511522e-25,7454420505886355e-25,12398824119492663e-25,16475995878183748e-25,11599532534174546e-25,0.38698972683548666,0.00022477721049010788,16311523782362548e-25,0.40350882828636087
9752859167717592e-25,2429850757919557e-22,24570145753883887e-23,0.3651743052236872,10598354533228536e-23,9165033303311658e-22,20791757081813403e-23,0.13345467858963,0.06065865295589113,10688372509565095e-22,0.44070957432727687
4324024798492581e-26,4576089402923171e-23,5838138733161504e-24,0.04751965856760328,0.9524800015528696,14449953621332358e-25,12561918730225275e-24,29924875458320126e-25,12801389405407033e-24,2510901815367299e-22,7342652613491587e-24
10041353774741386e-25,6935329773968525e-24,0.3446167187059265,0.20049865915793952,9339674576531425e-24,47690427985316674e-24,4198036463686682e-23,2922775387847254e-23,0.09457279601025818,26887557317651096e-24,0.36031166340265397
6572432781938564e-24,7849138839065745e-21,11672775720177921e-23,0.05321744977123676,0.9467736341698352,434300373385157e-22,15364120740016862e-23,2185416141052685e-22,14293800868001643e-23,13088498478404974e-23,2541849726906251e-22
25683253639763585e-24,19139101123237453e-23,0.7002677982867959,0.12330364367817487,0.0628329202156983,2242484583849406e-22,2034476631429595e-22,22927304216872559e-23,0.11359439250990444,16442169812377952e-23,20684825113765036e-23
329293412792153e-24,2273441130170139e-24,6985821844108204e-23,7519526038813522e-20,0.9547064336919775,2211561187241784e-24,0.04521675007265202,11389341956548326e-23,5834810159797544e-23,1214749554857407e-22,12525859479909003e-22
5717066121256497e-25,8800612810493048e-23,0.13660494202194973,0.6046299059035724,0.12155520301030652,8520678217167228e-24,23114965402413717e-25,5794757872951042e-24,0.13720983710528528,28947952838830638e-25,3859324677240765e-24
3791214196833974e-25,2975662554245002e-25,21722804295533604e-26,23849723982659364e-26,21859087941516507e-26,0.08261242726866769,0.0006136690213721076,278758802661684e-24,36557321454530453e-24,35798234065900995e-26,0.9167738651655049
5126186737742293e-24,36672726869304526e-24,0.799459592598874,7571458408633017e-23,0.0001690988939245441,715739576051997e-22,26661643928297612e-24,29056518856865007e-24,0.09007754018694912,8543630438119753e-23,0.11029343807134342
5847881220571991e-23,21399175635345895e-23,13314093783328327e-23,0.1543585309926587,45604305202304296e-23,27984403858430146e-21,0.037958036884835386,8251603349840571e-23,0.06507526804522332,6100509578330069e-23,0.7425791744977372
17601356103543102e-26,0.4023591267507952,4012894850290779e-21,0.38682859016435805,0.10171151385237621,12788619311818124e-25,29513867654540478e-25,7917378841353103e-23,0.10909665945813635,11548017618721808e-24,17514017382571473e-25
2392891550251189e-23,6390634810456546e-23,3655527309363744e-23,0.38069449377364756,2735340402304978e-23,35544920260111344e-23,31981706706802444e-23,0.36297484676806563,0.07792686998586296,12337532538393348e-23,0.17840283908689122
9366148764650986e-25,3497465101970552e-23,0.5621974324483507,9099199422989748e-23,0.07378497404783936,3160424643781256e-22,23109661393353332e-23,9122853964609338e-23,0.05431185789581483,5688773359293885e-23,0.3097049134493892
4156784312521421e-24,500150845887603e-19,4049077905119626e-22,2320882784535581e-23,0.4114295912469427,1645590209451762e-21,5819439295242268e-20,0.12094016345398063,2414641546340799e-22,8783038568221202e-23,0.46751962866339103
9335759586518525e-25,0.028288491047904298,15124138915402933e-26,0.8064719246730083,973925341771861e-23,4142887207028325e-25,11777390595550158e-26,689361425038163e-25,0.16523957220702384,18928918844595157e-26,4673733032306052e-25
0.001446027535449927,16075806885086752e-26,1755407928181998e-25,10043763408863394e-26,19441111477513845e-26,9677663430169981e-23,6193805208561021e-24,796767690491391e-24,13575672087345207e-24,0.0533904731876444,0.9451633813028789
20289151396402756e-27,0.0024222056049437724,7029157129733992e-25,0.7992887833855147,672991039249062e-22,725332436662355e-23,558451065525002e-24,10635840997558794e-25,0.19828893202113185,13443995236104167e-26,19450469583563997e-25
7558298864211162e-25,17587825483002154e-24,0.9139703627217854,0.00922180101299213,2115826506713441e-22,2873118605325167e-24,2750811537836565e-24,5383583197529393e-24,0.07680758398625859,5759010258991099e-24,5586113867701948e-24
18898309436165055e-25,1312890995335133e-24,18237812971345025e-26,2496198559924514e-26,13976505908125726e-26,27631694582335092e-25,735478313478635e-24,0.2847158757748315,12413211834630523e-25,2704616563684975e-25,0.7152841156649027
25062120945702546e-24,4620197434131488e-24,54936417051739645e-25,7160935319040356e-24,4170766228262994e-24,0.04999683359894433,1262577566013947e-23,7386960107627828e-22,0.0033303256833623254,4635168729717152e-24,0.9466720382530731
7574786696247482e-22,12889982211752766e-23,2834643113790711e-24,2242742311235526e-24,6578249754256738e-24,12321224395090247e-24,7657603280860234e-24,0.4062872849775864,38242238321065955e-25,592236492691709e-23,0.5937117872628578
7714722114955166e-25,22880953515218874e-24,0.7214720104649585,0.15623200821199823,4504475060593941e-22,4692349109677871e-23,4112563020442751e-23,56665773792982143e-24,0.12229517290284066,49134360747062946e-24,15121774934441655e-23
4187626757473961e-25,4362236826482173e-25,4093923741317758e-25,0.7671223686394261,7991929449213035e-25,39187977406363516e-23,0.06877970327117842,1894859336553741e-24,0.1640975290224775,33616878781058845e-26,2892483754046043e-24
6305490847321527e-25,13050144526176887e-25,28509132800571993e-23,0.5805411501863608,19873144878750733e-25,8307549968173537e-25,869018224599804e-24,0.300945429530428,0.11851312683637145,7126852116281742e-25,202021119504118e-23
22856470731735233e-26,2863839200434905e-24,9512821328648572e-25,0.44691985324994093,1942797408528713e-24,7555677138400213e-23,4705967910864796e-24,0.4452002862379552,0.10787971191862715,3056189118073323e-23,31782080081017496e-24
1900260171432026e-24,8850195328636034e-24,0.4943340139820232,10836587596281976e-24,0.20803663308844536,6535546383311036e-24,28058933594388637e-24,0.07835997021611563,0.08559515939863827,0.13367410108301186,6604845480820802e-23
2197970966336271e-25,2954345937510891e-24,0.26464372415885995,4623552373890356e-23,0.7353559725521759,2689653117117768e-24,34569264590967795e-25,12272450655093267e-25,4933951627619945e-24,23964780454921995e-23,1921985167158267e-24
28212914448066164e-26,13689788120776083e-24,6935953813448945e-23,13597039491387928e-22,0.9999981815124556,2416121740600672e-22,7524980903966685e-23,13918346186492346e-24,16116557912154289e-25,34374340939045e-21,8683530168777869e-24
12007915768158715e-24,20502552381050153e-22,0.9059652694178301,28152702803671033e-24,19162777285748856e-23,4275873509216176e-22,11486501892438008e-23,8315528448846469e-23,0.09402832240560387,28116739050882653e-22,6888503866274639e-22
12694931692777654e-23,0.2657931113640048,6344400597105674e-23,44129630833905465e-24,968079839572055e-21,1605705739779085e-22,17936195472944769e-22,1373213005770443e-20,13621046363932235e-22,1478748645151309e-22,0.7341884897335237
54826961659865516e-24,26109685759331424e-23,6098443730330525e-23,0.9186830771652849,22320409694456802e-24,45508525134555774e-24,52478905845856844e-25,19929826286672158e-24,0.08131643928160119,17671333679263213e-25,11848065030127862e-24
9506162821901147e-25,0.2759348757578808,7728418087178969e-25,0.22225638170411674,0.5018086794847305,1003248686842975e-24,11747535773853418e-25,5122579966479741e-25,49513467354755134e-24,8593832652082468e-24,5322488951221053e-25
4929147058418176e-24,8917492729808965e-26,11878700113812529e-26,6670013637764994e-26,17055780966692233e-26,0.0456802539901862,0.02989618846148498,32590719402440617e-25,9874837842412262e-26,9143027054865497e-26,0.9244235487247088
2565711186032743e-24,811195648560011e-23,5737070145429637e-24,23641577173095016e-25,13410098740896571e-23,6666319891416078e-24,9027711664775892e-24,0.946673490305059,0.026709097417237086,4068665821972049e-22,0.02661683683654552
11338978155133812e-25,11614747630268584e-25,3762320794504702e-25,17857601553425502e-26,37366703516087726e-26,4401658184068087e-23,0.08120304386549344,34308638198950493e-26,0.049241528759785436,18212429884659606e-25,0.8695553779699637
5155222712132025e-25,0.41239347545929206,9314993063374293e-24,0.4825747171407004,3953482854073627e-22,3882789907998536e-23,11785070159906147e-24,0.02443580113705801,0.08059506747803803,6296070115260202e-24,47669705212526254e-23
17856944565816905e-25,36773178449726973e-26,8104296036484719e-25,27782460156839457e-24,16232976364496306e-26,10737697218679567e-24,9883177985453976e-24,0.2709572780161424,30584885750903693e-25,44891246437569326e-26,0.7290426669469356
10988414490876542e-24,0.23150916594622303,1445366642394008e-23,0.5804728827279533,10484639695562828e-24,14497655901700554e-24,4924410668288908e-24,28026730592983578e-21,0.08680522826203761,0.1011846244321556,165522269606189e-22
39425236248536255e-25,3162424040365026e-24,4431319614342105e-24,1922928118869732e-23,0.6981592807223173,2076384086695981e-24,73141319800374824e-25,34596354369408394e-25,8796403728563752e-22,0.2569020666438328,0.04493772937779836
144799886372082e-23,48833790532129105e-24,0.6472888016371271,8410575106476252e-24,0.3527003087694785,26949417619711025e-25,2310353788800791e-24,2214315491420289e-23,10791054642383133e-21,8733330835878591e-24,3962097639187818e-24
1494851103834892e-24,18655824268820831e-22,16493616091635305e-24,0.22900116006058727,0.7709961067651044,15607982204192384e-24,56676153691962413e-24,16322393737941405e-24,21556413950305767e-23,4812857043643679e-22,6414877999935601e-23
1542253158563687e-24,26416734958686506e-24,495567915071491e-22,0.10749363132407143,0.772222544413346,17261052020688345e-24,4824894749731805e-23,25020234213746326e-24,40683466015350187e-24,0.12027364095708941,9974576016410835e-21
15811636603695773e-24,0.38695243106195937,24978353608703827e-24,5845848253665054e-23,15000230318770807e-24,18355423309692326e-24,30927977978504895e-24,0.02825944462130852,11683500263982583e-24,3876029939490374e-23,0.5847879103409215
73742454302394e-24,2398112498870611e-25,18429617681092986e-26,28916728517561535e-26,0.33859109834261913,178464752801325e-24,20484890371037223e-26,0.6614083994008108,4999062543990898e-22,6867945390002759e-25,4931852860150404e-25
27181830024937143e-24,13043560176127705e-23,8763013397232599e-23,7930488017224002e-23,0.890900075901154,58184198952725576e-24,6236352671655135e-23,0.00013364830176884656,0.019455229779837963,0.08951051859524427,8232250968732465e-23
5478284250225685e-25,8007645254184021e-23,2017703714416808e-21,0.3275183023072766,0.6724794162492086,15803303276554285e-24,8012115201581744e-24,107180983105568e-21,49745782355597114e-25,22438780310981638e-25,4490112749467714e-23
19008075608230253e-26,11518107183176838e-23,5835306045417136e-24,7231342349491839e-26,19405221065020686e-26,0.12240667226621324,15687470675473714e-25,0.14386479418166945,0.029925941751410425,9654255420857174e-24,0.7038024591048803
9239803485192574e-25,21457453604724347e-25,26008044504878307e-25,6283013770185279e-24,0.42832091780491477,0.03113076433425992,0.014252926172322157,11945914917377127e-24,0.0005437443246835299,3851415518941428e-24,0.525751619612921
0.004741456255062094,3749478611681219e-24,17457310565216385e-24,1803806588083294e-24,12355150554221514e-24,0.027919727460031803,27835943983267456e-23,11433487245612066e-23,10429631783299389e-25,0.09644827689320663,0.8708901102886775
5340963261414795e-24,23166876566992273e-24,0.5933543229296422,0.3401577455673927,22192274451593928e-24,13758977492350025e-23,16334504849204814e-24,18341933710193784e-24,0.06648755226348668,5803099696354181e-23,9824215343426668e-23
401767710556549e-22,20489552738010256e-23,0.5115009291257383,7083132813319546e-23,5454097421772695e-21,22166677012480315e-22,7612354813921439e-23,9617663435171071e-23,0.04248867724719515,36634980710135526e-24,0.44600219802315705
877224511291956e-23,0.017832114138630943,51856412119316605e-24,0.18400802601999786,3011977134144086e-23,60328097873623684e-25,11488246813814587e-24,0.7178208575986481,0.08033858783353301,16676523829108302e-24,2894632676760621e-22
5999968648870195e-24,11751192589139756e-24,0.9097070995693378,9495760366532237e-24,7282012326119162e-24,6733988842389316e-24,9802418887281245e-24,3929717664455861e-20,0.09025344169762191,6278458396066715e-24,10421437428134013e-23
1925933749971424e-25,65815687829236905e-25,43430712766284345e-25,0.21119795913469208,0.7888014630195022,54010780835990565e-25,5342726950999845e-24,11634955992615424e-23,42487774259101374e-23,810825400039181e-23,6649021752603933e-24
9482458358649727e-24,3778317937058909e-23,9596005137590787e-23,3862052811815344e-23,0.7791559336220995,4070727782483012e-23,35345846457408804e-24,0.1349324066635596,0.011284116822664596,0.0015608577051975402,0.07306642728689951
2605663268396254e-26,0.012366243703079354,6714904213864146e-25,37190961018207313e-26,0.9876317640474227,7917042173230014e-25,12113494447235106e-25,10937107199792525e-24,8179877761030703e-25,197345329032108e-20,3878812963422352e-24
10771348206400968e-24,0.5843691719076828,12624682764688275e-23,0.22477046376468365,10579557884236672e-22,3544084065941222e-23,23415205447378508e-24,125825770145742e-21,0.190858822434266,26382471520191857e-24,13585526449145124e-23
