28851973959139883e-25,64934089874732086e-25,0.4748583330743033,10948656626385176e-24,2357865597062802e-23,3837587004691488e-23,1646700879425807e-23,0.36252058729314146,0.10150291811532197,5492396708291215e-24,0.061118057276034976
927880660876163e-21,17142416083207364e-24,3675867592520681e-23,11950339051641627e-22,47381179202197544e-24,3509847002242889e-22,14213509129718935e-23,2649933590672097e-22,29179419293918162e-21,7323601779590851e-22,0.9999671059105405
6175787546163334e-24,9064968561286513e-24,9859930289955069e-24,37891943913735294e-24,64139101422744415e-25,9756752072192157e-23,1648722969169447e-22,0.5990899457868681,0.043280475182003064,44368915812504444e-24,0.35762920281629484
0.005192432805612753,43151829143777784e-26,4671708859704775e-25,5700135498026526e-25,5265772717156521e-25,0.0675937880992468,11186056246726983e-25,8720280690584425e-25,9084049242955833e-24,0.20447800674370395,0.7227357592814734
30556179150215933e-25,31037235739088116e-23,2057298951417587e-22,5977581476664823e-23,0.999998050985968,15225813448676884e-23,7018894515286129e-23,34253811648582325e-24,22976335678748734e-24,10349865037466563e-22,55416182570373746e-24
764270339179808e-26,1307439344729491e-23,2663778352249125e-24,6651671188248495e-23,0.9999998176877288,28286644276820266e-26,1115698062638574e-23,61603605096091464e-25,5194691658604068e-26,3681794491430821e-24,7871700275371388e-23
2615823257791275e-23,0.29807725905544585,2563057161222196e-22,0.592861694154287,19145721081078454e-22,9433971471180832e-22,1883297559376189e-22,2999236881370967e-21,0.1090539270978694,3939621176504769e-22,3977304235091959e-22
4173969710364302e-25,3139697690924219e-25,43993770718318115e-26,12819159188050206e-26,29862920918318693e-25,20673714575040515e-25,22028128209546056e-26,0.5933914958642109,0.023770288774864493,21259022426897133e-26,0.38283820857508677
3874522184363907e-24,2081095161666592e-23,0.7374328373876705,103966913795381e-22,0.20466981965996572,15839067817158717e-23,16078543160698486e-24,4514437323520085e-23,0.057897059859689876,12090496386690654e-24,1630662457467231e-23
4830624322498879e-24,2678060773328739e-23,0.36891144163297546,0.5069005566597582,1970028463426777e-23,3354839455310042e-23,15544491601400623e-24,8946970835505119e-23,0.12418776351970863,3479468702227524e-23,1351910334978565e-23
5648100278556093e-25,41189124654928905e-24,19106590677783666e-23,0.4242299519156177,18680739173884045e-25,0.0603143914061016,0.3889631930866059,4577921486109437e-24,0.12649213432560644,2507975102220148e-24,8749225655870746e-23
0.0029349513367453,23693490017182675e-25,0.9338930248277715,20713774210891065e-23,19060704600392967e-25,1942256090566358e-24,1073962924741624e-24,16477696838844739e-25,0.06317180347865166,12902228100231578e-25,2989448194508052e-24
0.00032794923841842683,7528815675800255e-24,0.8624968357913223,0.04659619698865284,3550672417178182e-20,578595648324957e-23,7968526675797168e-24,4910238971793461e-23,0.09054342971256316,20695459241072745e-25,9094576281345435e-24
10453560807670761e-25,16090391944711327e-24,5539251241471919e-24,0.46804096308508325,461499082711586e-22,0.052138934579500494,5589693897894549e-23,17470096402707985e-24,0.09256248004403585,12083250519246867e-21,0.3872453968489684
15608260039117576e-25,955361570126182e-23,478803057271596e-23,0.4482153266259053,0.3895325313166895,33075303138554404e-26,946454108060142e-24,31892808662386777e-25,0.05070297126282379,0.11154915013183496,29342449004375574e-26
12687911802006988e-24,6971729576760339e-23,12623684095939967e-24,14345946921146561e-24,9598599559079757e-23,5545142221227229e-22,12820283801038316e-24,0.27961938359150157,27408749858880968e-21,39235864535670046e-24,0.7203523957274569
3434070676930939e-26,1560936841272345e-25,0.3061329783014071,3742571753027591e-25,0.6888858233197834,28263423843890686e-26,196429482586136e-24,4527391299710684e-25,3061709364567938e-25,0.004981194178192897,24153229367528365e-25
0.00324787762304721,3409200170442681e-23,19969507851989517e-24,0.35142466243947185,55747494275161057e-24,15833823126066096e-23,3542892483922564e-23,15595645366500152e-23,0.04442935180966967,0.17758557158399468,0.423312077011203
25876144220388114e-26,3247122527555428e-24,46816421007480614e-23,0.06775484485801385,0.8319505424009754,9160106224637566e-21,5387219528038008e-22,10548052140117129e-22,31044059912575045e-25,22999643710985913e-24,0.10028336133444431
13611180827869118e-25,0.44612548600041535,65217423647963125e-25,5877832891141362e-24,13991961453935387e-24,12163460295508362e-23,5400156363490391e-24,58644875803468775e-24,0.014733666956866655,58604416108179435e-25,0.5391406277592166
26249062200412448e-27,0.34159753752745614,2867282796769654e-25,0.5494877442944265,23940406313281202e-25,3878409553307072e-25,1547593720947078e-25,1775706760431658e-25,0.10891471438484575,19799304293423127e-26,17276652247579192e-26
5848842949351699e-24,0.1893934154276756,877439615025232e-23,17982371434750702e-24,9382860969137505e-24,0.027781563636921126,6524481841032351e-24,10827755906658807e-24,0.0008424464953356344,4531921401696649e-24,0.7819825105674796
4961336207779645e-20,8404914365906991e-25,11017959857201429e-25,2452560309886098e-24,21407245690476272e-23,10264291084102292e-23,3238989001622604e-24,8869150271010454e-24,19850200097971e-21,1917516472300167e-24,0.9999500316518508
1834196781739265e-24,1597366748003269e-22,3648187635252611e-23,0.840017052982647,2034078476479114e-22,3948195760284539e-21,292268625945967e-21,3065641016496521e-23,0.159978138202334,7652349287907463e-23,5971101175451901e-23
10239836645006828e-23,29489735197797995e-25,0.5632892937056551,0.17284181749055164,0.19830035882964725,2275139262301421e-24,8078978514418728e-25,13373852712837693e-25,0.06556841479675844,8988756097874991e-25,4510887755411849e-24
0.0031531809054784095,11607314255766926e-26,1398659171720926e-22,17802206635700155e-26,6577387056940725e-25,3753881688900115e-24,13204561984638175e-25,1064264497321889e-24,6086618992861353e-25,0.12831125982683939,0.868535411702668
7550561403836082e-25,0.27512469916998433,3019997099828708e-21,0.5696072481268343,11527435351481902e-23,7711232053446521e-22,3086240978649447e-22,25378238951188718e-24,0.15526289227762616,5189184647939463e-22,4003548980004541e-22
21785412026668983e-26,40115237572572354e-26,0.5292346060335521,40403273404689663e-26,0.4707653875058349,9710377103195443e-25,5050848387863707e-25,3694529794450485e-25,11532411484760194e-25,6020309163126164e-25,18367198562565321e-25
26119872219240513e-25,5567675059033696e-25,0.482317386111883,7926482695201963e-24,8036984934448523e-24,0.02184398747465989,4836681266054121e-25,725598843018509e-23,0.06918619207960751,39896974881274957e-26,0.42665240706334984
2153311501296567e-25,0.09672267226745924,0.4467823401151695,0.0036866779298102524,25146446128789463e-25,9955275321788641e-24,16266486925784496e-24,6712631814629067e-25,0.1013014465553404,55148896650255e-23,0.3515068329575213
2318046147048218e-26,10384851337450447e-25,1892785398283273e-24,0.3579141701994582,0.6420858216432819,46538636298368276e-26,1043626139280737e-24,37491024440814695e-26,40473199205095636e-26,26019105937467267e-25,31216902759475915e-26
5990957291089159e-26,7742587975724968e-25,10417382705981146e-25,13302635503989468e-21,0.9999866226067449,6788318495576528e-25,6832278459886109e-23,8464062046453142e-25,3674597994276144e-25,14740338305181782e-25,11948587412174154e-25
1867556010836384e-22,55636935438321605e-22,0.5951237881037006,841623645584262e-22,0.3716933814218631,7942794641142336e-23,8418154884046458e-23,6354651636284782e-23,0.03317667703681101,148701265755752e-22,7679886738647749e-23
0.00011138814466740154,10995025980454015e-24,0.8817069381992814,16754951574252076e-24,43903108523991906e-24,569670842202837e-23,28571218793937873e-25,10163255293288263e-24,0.11818157426000721,199935654256007e-23,7026574092174275e-24
0.0002512280173288876,7766704987858267e-24,0.8811395561501627,8456156739955869e-22,35138079310856276e-24,1472592859610248e-23,6663138542479904e-24,16126863267051782e-24,0.1186082146883941,6174650434585568e-24,6893306180563491e-23
21593523029393608e-26,623631835796589e-23,3145135927067922e-24,0.28195437710802285,0.7180302731992568,7807113608282965e-24,37170201302800523e-25,15299347168447477e-21,17128666964475238e-25,24042362978890554e-24,3463853680107456e-24
9096690850483871e-24,1995606071981715e-22,0.5516578662420643,4212263962728597e-23,0.4081433193233339,3476329720069908e-24,3890220895830192e-24,3097936660807109e-23,0.04019851527260741,2345153996413565e-24,7690824994214143e-24
3083229172248111e-23,3454356229733143e-25,0.8654516239196164,3109835836256375e-23,9931118819891169e-25,42926941771930714e-26,21771003844984558e-26,3031063585059407e-25,0.13454831084736418,2193576597342772e-25,7945178477684594e-25
4659677577201547e-25,1298074629018869e-23,9916117701970596e-24,15315882795753915e-24,0.9579132066801604,6860289493864379e-24,0.0417818316962298,0.0003048843587998844,7718560972148577e-24,8615698730519971e-24,1542770016610816e-23
4725985655432352e-25,10573145223888929e-23,1379657625643215e-22,0.6922455165653716,0.20636834549386102,1561687144501536e-20,15001608570031162e-24,5802879648796252e-23,0.1013701585749245,16810635402311987e-24,2848243928663352e-23
0.001871721871660197,6543310719740962e-23,0.8763240213571789,3417866028316753e-24,3291263151843502e-23,29310886959777136e-24,2400764289332039e-24,8628404947101267e-24,0.12180393748688514,20964035663175204e-25,17512078191848496e-23
6915457422631246e-26,11779995125403227e-24,1859010282590454e-24,0.1823910482587671,0.7965939152448471,6294390523084768e-22,2182048067391986e-23,5338817483138134e-24,0.021014354303469037,30975910265679074e-25,8788963238565888e-24
1859408184460804e-22,57907079921246664e-25,0.7230639156142318,10274208324213352e-22,0.16504612046450826,6046070856262075e-24,47957364852295014e-25,873190583634829e-23,0.11188856859387313,5718096240614912e-24,15088338431874906e-23
0.0010225361045139497,3072951690619365e-24,0.8778891226229372,7294734617559182e-23,3040268377595427e-22,8295195893550331e-24,28598568631263293e-25,4212913365518051e-24,0.12108793892169133,3996092433372649e-24,29393506883081015e-25
2513569528974792e-24,7302137552507754e-23,0.6153481737816068,0.18569200546506942,0.07571965348136703,14787692912552727e-24,20057863755758966e-24,22392919073791212e-24,0.12323997991051727,13316686541385461e-24,4127133729666612e-23
11364804870901557e-23,11739838279737414e-24,25423017334591736e-25,34797483318006604e-25,8114102944620555e-24,0.09502568285132355,9437910614236561e-23,7940783661525221e-23,5537789317233276e-23,346097264750961e-22,0.9049739138500736
2280972525640718e-24,13024437573965283e-24,6966066506237816e-24,0.5427501828815371,0.4572411941933621,39303404099678494e-25,2927739515132832e-24,3333184736524913e-24,8584738425528363e-21,27137124461344184e-25,3011363142400095e-24
11750746720727823e-26,12325330231834247e-24,629295142761018e-23,18950691902239285e-24,0.89319386119828,1885761665302379e-23,0.10680601226313677,13369991510402824e-24,3422074122881683e-23,3507461705649395e-24,18896104384471e-21
6181243156496195e-25,11590763220844864e-24,0.8386757073953278,3990873958176126e-24,15433157370989833e-25,15995032561591595e-25,17070307463039648e-24,3444983477137054e-24,0.1613242468465962,28974278949821356e-25,30159783573768505e-25
12243529803942527e-25,19338319192600208e-24,597702138810026e-24,11596264456305666e-25,8103555561157858e-25,8309642647148972e-24,8677353624226e-22,0.004394651769880881,0.012811402198444139,8934025222122101e-25,0.9827939128305383
11357794727362024e-24,3022259070402649e-22,38165382012245457e-23,3930401958462254e-22,0.9999982717679763,6349687559505346e-23,16671712096113578e-23,986829282043284e-22,1720970382220938e-22,8284152336097096e-23,561188174625784e-22
13285223121597765e-26,19586399654349313e-23,0.36263236383013403,18950477018973516e-24,0.6144898543008375,24325056766168637e-26,2147597978086647e-25,32836366629564565e-26,0.022877561812455982,2006795721916834e-25,4122189707029637e-24
57881959378265855e-25,7060093912634238e-26,4819819058944425e-26,0.20448098272092086,0.6783869896842042,6459394256550714e-26,5202485767009829e-26,11217298988887854e-26,6203857774276394e-22,0.11713140088313216,19025161021539388e-26
2011674957151601e-23,0.4905341471232771,12007322228055974e-23,0.22896874081024168,5712278132183682e-22,30414916589307143e-24,3647181555091735e-23,23124079459792815e-24,0.0984347956553548,0.182061359653703,15532879479671503e-23
36547370039640886e-27,14461636368825585e-26,257445794381432e-24,0.7887988800289983,0.10549342634265978,18254753717711852e-26,3967357949722758e-26,7116283345193511e-26,0.10570769260860712,3967692443634327e-26,2481238414071127e-25
0.0002133057517318743,20330097291809804e-25,21984692829391897e-25,2112420522598734e-24,4111521664498456e-24,2230965510284688e-24,0.01704676093347268,17546866498257842e-25,6101160114937169e-23,30413687563915533e-25,0.9827398548208583
18369931875370844e-25,4165138842981015e-23,1675403998861559e-23,699766033710844e-22,0.9438780457024114,16042417235568713e-24,2421661148078006e-23,12623011688806082e-23,73581936983509155e-25,0.056121541675547074,10885463924203757e-23
0.0010552876365792269,3780708247957263e-23,0.16152900015047691,0.3291460440203328,3334937885170702e-23,22117064414245095e-23,34551165865798034e-23,0.06227250706266836,0.05421379336808784,19985160584266573e-23,0.39178253007141584
12956164168549537e-25,4437136701412888e-24,0.3293844391657804,37596405960645425e-26,0.6706154864924032,6805828186997187e-25,447800869602902e-24,7641528303764244e-24,5800214490633146e-23,4972914947447227e-25,9637413020005394e-25
10937662465326132e-25,17559582640252907e-25,12535003427569143e-22,0.13754558344928455,34579334871535336e-24,3686298214657536e-22,21690452037889295e-25,0.2750164994762437,0.031810427087445865,3433867333419455e-24,0.5556258248248921
8539057167544203e-25,12438899459425458e-25,3035275860785032e-24,3387958983784521e-23,4282597491899902e-24,0.3842584218793788,14001554834382651e-25,7894711606858396e-23,21533802690289303e-22,9880573950478876e-25,0.6157393001103206
475851048022384e-23,1812630269617574e-24,0.8282691380208157,7018385951886875e-25,5080421467679271e-23,6502016278249601e-25,5866446560778491e-25,7275961688053501e-25,0.17173080057519352,2375444987904177e-25,11245254304522996e-25
36139736806418035e-24,1191195191295264e-24,465330287753971e-22,14081204635522472e-24,22216618064702528e-25,15052676963763337e-25,23572122793170824e-25,0.1561434099569025,12210511671890862e-24,28497218218701886e-25,0.8438564709645282
1409250945359346e-20,6267369609626309e-24,8815540250351364e-24,11369135230332764e-24,110192330497227e-22,0.012089893120142341,12163279776789333e-24,4755635255945069e-23,6959953805436667e-24,4282780502039909e-23,0.9878958673917345
0.001309116226145799,3105418612868536e-22,0.8658301525723517,52276992467022504e-24,8432562045919981e-23,6137099436694609e-23,26640037530703577e-24,7634358992912235e-23,0.13285990847739307,20871616215779565e-24,19242275490277132e-23
30256659888501045e-25,1213492715098338e-23,18592524475460564e-24,10138062328831022e-24,11317808088109652e-24,11321116889111836e-23,9101351709451794e-24,0.3419646350227657,3168731101634252e-23,6681332701291228e-23,0.6580350889550902
8533694848969308e-24,580132030364626e-23,8523574857756352e-24,6373339768270415e-23,6942730395023435e-24,28030620747720762e-24,0.22223625202075695,0.0695179728987848,0.050111298859399946,66590889210824686e-25,0.658134347996663
36457777527370673e-26,289720244936434e-23,20898775010993626e-25,13930803215060627e-25,0.8853174930919566,12376275978593571e-25,13889302295105362e-25,0.11468249146576245,20493790649212827e-25,774497672017498e-24,3243490942806991e-24
10119941184542365e-25,0.20739287611650106,1201561789080407e-23,0.6680519275380199,8537247809991795e-21,8098225093626314e-23,31163304733010127e-25,5406131415579127e-24,0.12454654635078427,4413341477131139e-24,5801510990338412e-24
9047949507424629e-26,0.18247807779597616,4837641775956212e-23,59031193343824814e-24,0.7818785351504883,6973222645084573e-25,1461186553106508e-24,8370971016688657e-25,0.03564324887394147,26891991475378574e-24,7940375707838343e-25
12024031577890222e-25,21713688987685135e-24,9385698695276351e-23,451411522591764e-23,9800057495460901e-24,0.3625712912021647,9693618664249784e-23,9382333661604178e-23,8294662541943433e-24,4104679532105146e-23,0.6374283376095867
7393002700535528e-25,0.1807995136203992,1139762538874426e-24,0.7050834852165277,37121846845872807e-25,769664496742338e-24,20595416620810095e-26,13588203176629925e-25,0.11411698707339253,42386792322187835e-27,67740866708842924e-25
2577643652314274e-25,1553920488003972e-23,0.42948130069024143,39856345257066205e-25,0.5342492836586241,31484009274171064e-25,1740446240850289e-24,29295251934288785e-25,0.036269376886055874,42659759209763116e-25,6897629352570335e-24
64841433237127086e-25,1626545690316138e-23,14024473449894074e-24,10405352278027315e-24,2339166115486747e-23,4166248648438252e-22,13435565150382758e-24,0.7791285817499286,12735973766514172e-23,17283063774776273e-24,0.22087077297582217
2466723825124724e-24,10511807173909201e-25,0.7580755192798538,14905429481345909e-25,3937399244978264e-23,119650310785758e-22,2468336440274591e-24,0.11778012779826344,0.12414422815561504,6335590192013296e-25,6531871503110925e-23
4641033092006792e-24,21127237375360732e-26,7510955279568587e-25,5048809168423411e-22,1483003103895498e-24,75786399619306175e-22,22658425286259096e-24,9056882165838644e-25,3902879708652013e-25,1185986867248439e-23,0.9999918735784469
16651621578739851e-25,10125617038859206e-24,20162942985119932e-24,13937743711768452e-24,0.9999992934276166,8900918251764531e-24,1263334732927521e-23,503036888129004e-21,25249943117849172e-24,8289869570235264e-24,10257006994858736e-23
2255948325147163e-24,0.08657575676463217,30778315979513465e-23,0.20657543689669683,5854720488361316e-22,42077284319427984e-23,4302974527675978e-22,0.022955975298478357,0.03800913708980997,2027987118619442e-22,0.6458817445706223
3049174727383977e-22,7186333374844337e-23,5320794864127531e-23,4292952146992105e-23,3927022816920223e-23,0.24350080266672688,4106228243849728e-22,24643254488110165e-23,26358515632025122e-22,10560227757251163e-21,0.7564848320100828
13946160764223336e-25,15546391843807804e-24,3274807416956014e-24,6751500194750999e-25,2504152180342502e-25,0.26256697627781417,7726616142349853e-25,24532862031109112e-25,1414076370883342e-22,3904631206601088e-22,0.7374324674840567
40709306103598134e-26,10628691406453365e-24,0.37143719381430057,2141181862992994e-24,8543883396088011e-24,595813936657323e-22,52712041079776414e-24,0.2207637812568938,0.05962141291547198,331867386595922e-23,0.3481774746804565
1251022721931835e-24,4115772541883177e-21,10748108678643463e-22,0.9308699905832418,24143641748032464e-23,35359481078863755e-23,4256087650238433e-23,15091042436832404e-23,0.06912384008667863,8892181863562057e-23,10006984652166323e-23
21470803788416017e-23,20980273228698028e-22,7661851275686627e-22,0.879301965629477,6279752559098424e-22,8865478538854638e-21,8435755494558884e-22,8221467972904997e-22,0.12068246065040703,876387868396692e-21,45923559077049454e-23
0.0009312950849976966,283969700646084e-24,25328533489870866e-25,18914874358338083e-26,10184333537617728e-23,33149532305208596e-23,0.14624318241948608,0.10902879832680892,0.010919638499574886,5365256109309414e-25,0.7328766487879699
0.012364078317525885,0.05110383135157299,541544319923343e-23,16808190336029738e-25,45403875329267496e-23,5798939834663637e-23,32173822149738825e-25,758734737610104e-23,7846745427081514e-23,0.5643855716346328,0.37214591029966493
10186646038887888e-24,25028250248500367e-24,3677930417486896e-22,0.8700824662774946,10407931380428342e-24,35162104788756597e-23,12104304200957724e-24,13204719654896021e-24,0.1299164865709614,2314147896361626e-22,25390817616910444e-24
6481467683988995e-24,0.1787390855155264,0.00017940321056139977,1719196678635865e-23,15870320247558256e-23,23397932538930298e-24,13291319558025668e-23,0.3860143676053196,0.07855911292897448,32589659503892896e-24,0.3565076594621157
3579092985152884e-25,0.10115625459663714,1860544741908978e-24,28527071580528556e-25,0.2721233018482944,29798617093184716e-24,1460814219587881e-24,0.5584639543733834,0.06825634822235893,12331100933358811e-25,10339545952831931e-23
11606953996737682e-23,15441242292905307e-24,6162143984704139e-24,0.04247608706498121,10862476298264074e-23,0.12338145596637609,13766057902931021e-24,0.044794712061493915,11524928518822579e-24,8453305459572282e-24,0.7893474648651788
0.022754561736324803,31728567371581942e-25,1239577944160431e-22,7223079628839325e-21,8015748215652853e-23,3244688164833174e-24,22261314376970575e-25,15665688370264104e-24,778598733591362e-23,0.9772379115894624,6738415323118154e-23
1085153663404606e-22,5402977648880053e-24,13612167185243088e-25,11550347252357805e-25,8988401974402985e-25,12370625341315885e-23,6620290850658866e-23,0.017290042429183958,15019497964781287e-24,5574939217748535e-23,0.982709579559328
5944812700215136e-25,7242307306639858e-24,16340796731617092e-23,11261289901777402e-24,0.9999998050561041,14461648006631455e-25,22843574244026492e-25,2515026951132722e-24,26577050206076614e-25,174363000476149e-23,1790996013902224e-24
3192335118485512e-22,27928933523972555e-23,11970146601082923e-23,204404639088569e-20,0.7735300319744818,8233470114460338e-23,12865514894345713e-23,128017172320769e-20,11604264557704322e-22,0.22646206511492156,24890518718128035e-22
0.019051297664231272,5747534006374886e-24,36557383675055156e-23,1556974433791059e-22,0.0820933712612024,4898990787009903e-24,35746970344066007e-25,8930151302719401e-23,0.026178500173934156,0.8726758687119404,33739543883531606e-23
0.00575680301775325,14483591705480783e-25,0.06526623700695096,0.5026522933292362,17274074096707568e-22,107129011309303e-23,7521186142696568e-25,6804449884881139e-25,0.07932936918437858,0.3469935651036035,9981212240248577e-25
7941294357811849e-25,38875375529996237e-26,24099724352178474e-26,32981401843186433e-26,16243460570411968e-26,0.3976455691726898,18473756226412012e-26,5496855604264956e-25,5757103646398057e-22,22512084442774082e-26,0.6023538522404429
37686967982826054e-23,1347842893304745e-23,34912566418539656e-24,206825751058217e-22,75336868280801925e-22,46687833546968274e-24,23275339629000592e-24,3789533294033839e-23,16782382672376057e-24,20845979979262523e-24,0.9999918748830527
7639163309951235e-26,4056240884992481e-24,337956506981056e-22,3766760389632177e-24,0.9999999310736188,1920255101628527e-24,766502758834509e-23,50947369026454534e-25,4502610380074548e-25,9122586327483295e-24,30015105647071105e-25
4535689385708958e-24,36008599111843027e-25,10832683298817275e-22,5235563660173308e-24,7842123639176298e-24,0.5409428413282991,12395704292413825e-24,0.30087163395300925,0.027358069058083686,17994916903483097e-24,0.130826320788492
1695041983982711e-22,9428074127609614e-21,55278035716170666e-24,23601197361331503e-23,21454222189171454e-24,4457891645261399e-23,54212362449060445e-22,0.44815419983839977,0.042810102842527925,8484592144101495e-23,0.5090202363354729
0.002267548152845844,21932890539416493e-25,39123447350051466e-25,2560247290192395e-23,3944276041333354e-24,21542785415082577e-24,0.19121358998718754,0.29947748485780523,0.03414092909096844,6109074937094664e-24,0.4729003846047829
6886584147740875e-21,6648322748687814e-26,12322718263277739e-26,9318744937788137e-26,9898848610095471e-26,0.16920044222918484,8668035726418026e-26,2189938592666222e-25,0.002822095630824817,10393446753473535e-26,0.8279705747643421
0.010066221846756105,0.08766079281048597,0.45680045049018225,8232923047944774e-23,31001466258584995e-23,35837488793686695e-22,26331755260454914e-24,0.00010599701231402657,0.022746303999015404,0.4226155155272488,7158894330160592e-22
1245173043444215e-25,9711229153296457e-26,0.7002028961332959,5544227720085409e-26,4680339163160752e-25,0.22439550626328578,7629199675742612e-26,0.04317264683372177,0.03222894941672502,353204328286507e-25,4962895880960567e-25
8943110035281547e-25,17929438796513495e-24,6472559450240137e-23,10623131936379529e-23,0.9999991487183618,45295552636377733e-23,2127930255090917e-23,6894898364835015e-23,15236227013917063e-25,3900571363025841e-23,8066264389282698e-23
975585608152555e-24,4233549194075301e-24,19135550167565936e-24,2769640915352786e-23,1809857403851374e-23,0.15978317098277223,25322788281811746e-24,0.7586885633382686,0.0815280893069524,829034520797921e-23,7261921530126239e-23
13037975858608186e-26,26484186474103624e-26,0.9489554249991552,3736797163735499e-25,14244708099514704e-25,5756300981903348e-25,289136184748676e-24,2218846014604981e-25,0.05104456887411481,1800926626654774e-24,10531170381498913e-25
8512650009800905e-24,13281019332579825e-24,2507514589490606e-23,0.005920229047156112,0.7352595111851679,16250036321519176e-24,89321725293862e-22,11136643907922683e-24,9825945469945721e-24,0.2588201061152214,606391162649245e-22
22278410542256372e-24,9958574284693683e-23,0.6168051708836333,0.04166567178932978,0.3415245271561038,10056476829225859e-23,516773636313248e-22,9822832922817408e-23,4180423895435142e-21,3173394750353044e-23,4567844856132154e-23
1484176949127963e-24,23743622679701604e-25,3801691420494059e-24,0.7954258671227362,33930362118447145e-25,17040311292933986e-25,2833726236642494e-23,0.06872059226260922,0.13585348700390043,2860809450042052e-24,9655337347837962e-24
5577727927858678e-25,0.3144186992369741,31625992960468545e-23,0.37619356993377123,13677671374670806e-24,6252518028248941e-24,0.15340177769990407,11890718735896977e-24,0.15598488321094617,10842286981709059e-24,7154480237102627e-22
0.02430768792007415,3500265530415051e-25,4706100187799251e-25,14369463500593851e-25,4468328563611139e-25,34425983599372185e-26,2543596418677395e-25,5367292168509527e-25,767692569442491e-24,0.9756923064203394,10520201572317761e-25
7924465493249307e-23,7454853510711218e-22,13333473492315806e-22,34934666056906516e-23,0.9999955171400706,223365858176807e-21,4850941090423562e-22,300709896702695e-21,37258256112603023e-23,3464589465069644e-22,24722454203570437e-23
16689513461623592e-24,0.13762008518522234,23204688321786237e-24,8562150355126963e-24,11310046223567507e-23,8207357528782856e-24,1534202433708064e-23,0.1026949263168319,0.015273315664371002,1276083352893292e-23,0.7444114749666735
15662190826054879e-25,17502503461018558e-23,17741939675306904e-22,46722917025653673e-23,0.9999961665204997,18056258700584573e-23,6255778068368564e-22,27288706312418153e-23,35601603783673314e-24,22303325480858946e-23,9406079618813466e-23
5209195752610581e-24,0.5609658914838275,25878210284635452e-24,8026352599589214e-24,10087312933913272e-24,2327814803420614e-23,1170238042622368e-23,0.41622037970431586,94757671343446e-18,18876676116788936e-24,0.022718868080931355
0.004135613323374141,4118481811756244e-25,6281860068917517e-25,0.6183865812591776,12980034836654483e-25,19037770407646518e-26,41390918717172285e-26,0.3570214269929166,0.02045513526310419,24303341409580713e-25,12377880130981422e-22
12042043404913837e-25,0.00837130817319579,54971125435631665e-25,21919793776693157e-23,0.9916282417933538,3926655609652148e-24,4841356706858925e-24,29976474235758997e-25,4685997732477044e-24,20271055762987472e-23,4972130220414088e-24
8988176878596549e-24,1409864535502884e-23,0.713404041495299,0.15420800008311536,4489855798144685e-23,136793335876692e-21,3912627902571032e-23,5501118118101741e-23,0.1323873987220618,12649760969269643e-23,1342860366683941e-22
1200744641147107e-25,0.44201947864755997,6888753717694147e-25,36456451661321067e-25,0.3255759184930998,23236474772108234e-26,5264349401033925e-25,0.22770643823144682,0.004698156263563465,4010781742008983e-25,2749857256893134e-24
6483587757993775e-26,6146941244577911e-25,0.9066386238963422,9667381711835521e-22,21989780488682473e-25,20366587910595647e-25,4843178513013759e-25,5416678077328309e-25,0.0933604024364125,5643288365376032e-25,42178003109292324e-26
3380229340207294e-25,11487460403350581e-25,2831733392993343e-24,5214682935293643e-24,0.9059527599536024,7670246208044217e-24,0.09404721118121098,3545692818353886e-24,18651770462923927e-25,2952111904536364e-24,32979316970454835e-25
3176438326855683e-24,0.004626330739397826,0.09593462308436843,0.7540161618611602,4216741616395864e-23,11008405890267602e-24,4364523823324935e-24,950692313994794e-23,0.14542279797833,9356593651394596e-24,6769159053568898e-24
18618537144572461e-25,17326672977332616e-25,28066010117988e-22,11582044390628201e-24,33665981512833308e-25,0.17123804613995935,0.04380303038949318,51203168044625176e-24,0.033218055730128544,3540414955964465e-24,0.7517407916470813
7658825282337495e-26,12897262027440384e-26,0.8223736440055657,19813965416807232e-26,9139473017569986e-23,3445389723143834e-25,9467097489248549e-26,9100825213599204e-26,0.08536078458973631,0.09226547876284356,31466373101262923e-26
1554878436143535e-24,7857034764671334e-24,5672267158115602e-24,0.7996540250041888,18182344111789874e-24,12219137325992584e-23,21210411257220453e-22,1611595384199241e-23,0.20034350770041784,17483851560442713e-25,17293317171377033e-23
2835708128418082e-24,0.9080063709552006,1963528331402473e-22,0.014510261264131,1943085329640296e-23,19722656725699945e-24,42481958968994365e-24,3243057773350624e-23,0.07743446899166044,4857324486878204e-20,12290719886512703e-24
23591041565120478e-23,6586492978733834e-26,7221377755812022e-26,0.2070619409775281,7441203510677953e-26,233745609058032e-24,9767977580510931e-26,0.779792885816328,0.013144930490350292,345456605619975e-24,59143177476268226e-25
36348779109239837e-24,39842727982016753e-23,0.409655412844111,12061955126506139e-22,0.5903013569218246,696556802574934e-21,33351875972973914e-23,5706777810237661e-22,38933806507168736e-21,4316907956329513e-22,6230121155435424e-22
8107175599263509e-25,24498743087936347e-24,69687503507435395e-25,22385116291693473e-25,0.8966724149239448,8955487957360659e-22,0.10332613932386224,29143953933179873e-23,21359668405705846e-24,21808529875579803e-25,20070609161280103e-23
3606936828112157e-23,12103151117658605e-22,4060920827882549e-23,0.8757397482231277,23372265916948718e-23,15249459425660556e-23,8447460033916806e-23,10943637296681566e-23,0.12425823097838438,1026287547751245e-22,51048209079340185e-24
0.0003703480595036081,2715579818659978e-25,37233407648684573e-26,3967995453523947e-25,4403771582039405e-25,20960000441266946e-24,23995445998644536e-25,10111368363205599e-25,7670719983766435e-24,18997974475405084e-24,0.9996295994200513
1953946505059417e-24,21525592574536737e-25,3564065094387676e-24,0.8263735233040683,5268563101356567e-24,21684158015490183e-25,26993623073805335e-25,341973647153568e-23,0.17362644859663354,2335681229589878e-24,45362360662354e-22
17863538427940737e-25,0.10215728716058631,0.8315220923214987,1900777640774778e-23,15975603829283848e-24,18256026162567477e-25,13585573765085672e-25,33830389987660124e-25,0.06632056860381483,592564824771107e-23,2651444227480582e-24
10004927882056923e-23,20744265825239916e-23,8918861420246832e-23,4830565921881859e-23,1757112442405095e-22,5211452470246845e-22,9956238827007498e-23,0.9999953340740717,4455540857591675e-22,9118652916521104e-23,28877802235502924e-22
7254683883856668e-23,16783765086616287e-24,17900678031394422e-24,49023235487354654e-24,21519094079326143e-24,0.13593996527512964,3199592071540996e-23,9372987144842969e-23,19184887688796287e-21,12931067059343621e-24,0.8640405334067573
14600281150257524e-23,9126214732444154e-22,5333255934058288e-25,28814251972274504e-26,14933950403895244e-25,1648685030019813e-24,488278599495393e-23,0.6920627316408179,24596732875415353e-26,3661622221853548e-25,0.3079362002764646
9094661959318868e-24,5190257299601238e-23,0.8533872812502328,3073869456258864e-21,439175029734203e-22,1576798410611865e-23,17858270537045888e-24,182916892197281e-22,0.14660943961219927,2657470881826944e-23,2186224647817234e-23
0.0005062667010447209,7133048567336637e-26,77694717989841e-24,0.8580641355208376,11128034849095059e-26,11026487330135778e-25,0.04270437550429836,1845961277920344e-25,0.09872522055577096,43727113586303545e-27,12683499797809473e-26
17114512375848331e-23,8418120325206284e-24,41757652515858437e-23,0.6771027380346909,548112914238684e-23,530250301715586e-23,7967590521311037e-24,0.20002343866895658,0.12287319520862688,5104333827338287e-24,7092333537647624e-24
27241915356462417e-25,55076868565251405e-25,4330110114447758e-24,0.5787975379290151,59498041090818566e-25,6625925885222157e-24,8586920423156588e-24,0.37188473513481557,0.04931767302848054,6968110685189768e-24,13214546700773198e-24
14386656743837181e-24,24046452016600947e-24,0.29734460723772455,20309081021457518e-24,518149382093595e-22,21305642742361212e-24,0.188251307689216,0.39657142144611335,0.11783243486945728,59052043937758423e-24,3784266842611164e-23
31455152372383194e-26,17881830283748222e-24,11813734938895376e-23,21244236921949263e-25,0.9999988676897026,7689860727651071e-24,5717609303649807e-24,15273203582293781e-25,6307658627709313e-24,9715505006438507e-22,10595226155241362e-25
7742372319052743e-23,12693430089237047e-22,5163225014393651e-22,2343734257458899e-22,0.8280802845902789,0.17191546616342804,39257478782777266e-23,3650417861169122e-22,9457924491212955e-22,18291818940546133e-23,2654564804636158e-22
3681511959546391e-25,40230313389689416e-23,0.8993592899506413,36430295882031052e-25,1501269745352099e-23,22078257263513872e-23,4168960572282726e-23,21154567878229327e-24,0.10062431341241652,1568328204785139e-20,8730771191550615e-24
36764666489550055e-24,0.8613855412447745,3853193663524035e-23,3983729725520521e-23,7940547707419066e-23,26663204225438696e-24,6143010318239033e-23,4582570972311333e-22,8301394694899228e-23,47963364940457175e-24,0.13861358688806838
6979740490662135e-24,22403229723066343e-25,964737028008264e-24,0.9999999692857718,43738576877206553e-26,7456127659077258e-25,43342895770236e-23,5110994959006789e-25,17387208912122144e-24,5080374071616791e-25,509981681558503e-24
25739760446022715e-24,0.727577009307386,47252773274248705e-24,0.27216735864300023,0.00025533146771128954,3170576652738642e-23,2978839659702578e-23,2605831268238243e-23,6267369942934813e-23,33026966584103906e-24,4434016594787704e-23
15577855347484908e-23,11545084124065361e-25,14365689757182387e-25,1020996058547154e-24,31873904836260866e-25,0.4465680244087505,21355833840952944e-24,4435218111082793e-23,15994481578796792e-25,8559504538569507e-25,0.5534317448496596
11025003083638302e-24,24538356722552296e-23,17433011526788713e-23,7619062963559235e-23,4519015897381964e-22,16924248641917306e-23,36715929490431227e-23,0.9999976264380754,1834576474738872e-22,3037076589799991e-22,3911639049447146e-22
2651045058770899e-24,1983806437525142e-24,2020247322669507e-24,1892332141541445e-24,24186100911126357e-25,16258903547987897e-23,0.07190159062751719,269077066404952e-23,0.09014554712934213,72493648117412065e-25,0.8379526787480491
11226249064480093e-25,0.5775958564245502,19044250953122714e-25,0.4224039954429523,72666738574736e-21,20372670288790815e-24,8022395905765994e-25,19590303387453906e-24,15632035117697516e-24,20801819688182303e-25,13961433040730808e-24
8262070002137422e-23,3139120044929283e-23,6805484270047218e-23,24402319261118803e-23,499431711309172e-22,5002647733259295e-23,5584445443600869e-23,0.999874829241809,67570049867317475e-22,24085866879801646e-24,0.00011780777057392167
0.007897348986620282,12212918714145785e-23,7867600128786591e-23,0.7505043938193758,40151820379685354e-24,1233047726710257e-22,29768150680285542e-24,7250691722419958e-23,0.01026235709041044,0.23133537931682857,54250240053427976e-24
3615063746365505e-26,10841566876754989e-25,3332885806783014e-25,5105751614218421e-25,0.9999989864517306,8996623177771616e-25,5598359499316041e-22,2165481595575925e-25,27084092852664706e-26,44991167067327844e-23,44788566649588315e-26
32321775827800145e-26,0.9583879100957938,0.0002362831928337996,2323222580691919e-24,18130390950014422e-25,7223502211506614e-25,5773937061485069e-25,0.04137579175738234,6037938357358017e-24,24351782329048565e-25,7204147043697212e-25
4114146760138755e-24,2965201658135165e-24,4812598498850422e-24,6649216199159009e-23,0.7567936403773552,8237563516670061e-25,2697203278230851e-24,3783459559406921e-24,1018344561522407e-23,0.24320624710244954,1664819884700045e-23
1681969687670615e-25,17951123714640026e-25,5267971006269465e-24,14389831321653268e-23,0.9627753926449947,22206293610151116e-25,9028296368753319e-23,15770821784775657e-25,7612697782698455e-25,0.037224355612267876,5771150933267433e-24
28984378071112795e-25,0.9900226818730277,42794789417581455e-25,0.009976941014508443,1944412863540898e-24,23775788656286566e-25,5949688783265346e-24,10870205007867024e-24,1692855990104458e-23,9362223843726703e-24,3224966291585411e-22
4907475971915811e-22,14814543607516271e-23,5007043757724699e-23,7191261485617446e-23,320440862091608e-21,13653092012326767e-23,8596647925587061e-23,0.9999956612579071,1934191411358645e-21,8265463566169259e-22,27418996619870046e-23
0.012492739895270633,15159281976562996e-24,719384102793248e-23,5555979575976872e-24,0.023413267969153707,561305145338202e-23,40633010156601665e-25,0.5953783149734411,32870561033311343e-24,0.368715599758992,6946416126567116e-24
13889131251422247e-26,3209413176423416e-21,663548229551903e-23,0.999996762229964,11983745778155575e-25,16284884716968463e-24,2481694479319544e-25,19253127751843892e-25,4044452958568636e-25,16054076003024547e-26,13590008736877299e-25
328261235587505e-22,4988933417009213e-22,10257622668621911e-23,20234948873309463e-24,30441712875700847e-24,0.3970570495641131,29736693079802595e-24,0.5988703535222237,0.004071148433420961,36788058561513596e-24,6969825898469725e-22
2481209742545169e-21,1808064696314015e-23,12877317776283159e-24,28290802489012232e-24,7102375645923747e-23,0.13056903149247323,20053157325606663e-23,293995519195034e-21,9680811690646929e-22,27684841309521646e-24,0.8694268667321602
0.010664263035681451,14240565234525224e-26,3571399478999637e-24,1048325578773323e-25,2523759889933051e-25,4667865657694589e-23,14127224095072748e-25,34915682907374096e-23,17793108371340886e-25,0.21254000174316529,0.7767953321226145
18722304414860424e-24,30324314292063473e-24,0.3763268280218573,0.48082629968989615,10929581926778209e-24,0.04683458643571094,16210041634091353e-24,12081804276243721e-24,0.0031178031148648756,0.09289437109250637,23377694710898064e-24
12669908829676078e-24,11977952088147753e-23,0.8435706438496899,2425159285900747e-22,0.058612915043792096,20369483736243266e-23,4280353980322786e-23,6742543059722687e-23,0.09781495851843848,1727398520033096e-23,7764240715682406e-22
3378049737674615e-23,23091287574700936e-24,8009680021682277e-24,12252162800844004e-24,46326159443177176e-25,15030881560737468e-24,5425447018972126e-24,0.9999994605209969,4210305313906632e-22,8652384730183991e-24,7573195897484563e-24
12827533754644695e-25,24933901669003445e-25,0.573090877548162,11232058592773929e-25,8420033083100099e-25,19586196579786532e-25,27310048397041016e-25,0.4022477791796967,0.024661326326517154,40053213181004985e-25,25100743230691966e-25
6196024229842618e-24,7824757500142895e-22,6958512486670727e-23,17160329564565164e-21,0.9999470661618981,28432362383193205e-23,11811507602430173e-23,3429502348322049e-20,1533315352453105e-22,29752851413833845e-24,34703631099125714e-24
898412156738112e-23,9151956210078942e-24,6360416894850537e-23,8756316914063228e-24,0.4165943333972621,13502157962770468e-24,8249447049330342e-24,0.5834053578368156,13515480465622686e-23,24981461620100494e-24,3638150188224062e-23
25239757850919477e-26,20822145508714993e-23,9639419913601673e-25,2938799092888137e-25,0.9999997438941647,3233698872303073e-23,12974997983973595e-25,5399324942234757e-24,10240403083247269e-25,5688521423252863e-24,6277378801179843e-25
5010037222050282e-22,0.9167208120185462,6607152590180446e-24,3942692322026314e-22,2116621490480571e-22,5611722885644238e-24,5647809460403879e-24,10827372878450876e-24,0.08327802556600913,17719948466260508e-24,9066767712248604e-24
