4960994845799741e-22,41260018723031505e-24,0.20002632708103157,3037130114891171e-23,14756688082059387e-23,22543366858799772e-23,34431778176659473e-23,0.15808535554374126,0.0390125778090369,249165535206688e-22,0.6028744296005368
26953121791214117e-23,8916041324416974e-23,11162907933419351e-23,8302795347724017e-22,39498510536389435e-24,13218469601343639e-22,24945791539096514e-22,1683456508215172e-21,17060143142487205e-22,7880700676891439e-21,0.9999835733036325
32110130727058363e-25,517848209912912e-22,4126738501953606e-23,24091791014403886e-24,3798791319840178e-23,18807553092900616e-23,18399837501630876e-23,0.2697088837609094,0.021878906978136305,29739616663589364e-24,0.7084116532453182
0.0016718000436538893,6540669738760459e-25,6323653114101378e-25,7482526487381556e-25,780748145934378e-24,0.08576066735790902,21104759125066945e-25,17996143144020126e-25,1369274302691272e-21,0.07399950842136291,0.8385666481772278
13204873483973378e-26,14125717217765827e-24,31748643127188354e-24,1785123267186271e-23,0.932429715828507,6854219937492509e-24,4560330385756395e-24,30525960035575495e-25,11671898597371152e-25,0.06757017650216096,28167769207276877e-24
23306255217599332e-27,740992897861691e-24,5642472772608301e-25,4145094883850914e-24,0.47729586638715654,4040570373990224e-25,14690538515680462e-25,11317115588142345e-25,14173560154111421e-26,4992407019816061e-25,0.5227041244933872
15422083517563866e-25,0.2523032787486945,10305237105189775e-23,0.5479932365721691,0.08383003736425886,3166143334374348e-22,18076227104472765e-24,5490460793160197e-22,0.11587231700884723,8278751497761546e-24,1336959534318404e-22
25258111528431013e-24,2467589942153143e-24,14939139903630207e-25,5395981261595764e-25,13094204532386118e-24,7809794354304467e-23,2358043051495286e-24,0.21938561943758,0.005121576868280128,12965819108261733e-24,0.7754926674189456
2130850633592496e-25,2507382339067891e-24,0.477296302931206,7874872046025939e-24,0.3478233863768355,16199068776190877e-24,10314850206638778e-24,1121551362219805e-23,0.032184708476784014,7691917949320808e-24,0.14269554619917735
40321992489600826e-26,2697486572469312e-25,0.5703396351310536,0.3053991588054782,2854031960945975e-24,1258213329042206e-24,29409580173442233e-26,8807206330549115e-25,0.12426119788566214,43934057846618004e-26,17770695056185985e-25
7583487491069732e-24,0.00012326711470315272,0.36039502947306595,0.3288680984386579,22457318807370606e-24,0.11798829674482945,14425116379974303e-22,6060906885425487e-23,0.08869937614590187,33647313766730367e-24,0.10392436527398066
0.0016670897343778151,2132728302255716e-24,0.9139715977017709,20374235114814802e-23,23596956459142463e-25,2112100378367134e-24,1192840726373241e-24,1873673397337755e-24,0.08436109436421534,11759698410190862e-25,36067498748629326e-25
4178762456359816e-24,22637521308851986e-25,0.603961927089711,0.17173701877102304,0.13638535166166507,10485560751377805e-25,1895862270540055e-24,4554843006731408e-23,0.08791564517945456,6247733422255217e-25,17383992631083157e-25
7917463010497608e-25,3595285532685559e-24,20087760043873276e-25,0.24152722874400584,7699938776121681e-24,0.007278115066591134,9945288966050274e-24,45486060157824556e-25,0.04660586515137647,17227216695934302e-24,0.7045887452211915
9047990786888878e-26,790154422025763e-22,30363640233465473e-23,0.3993591874541326,0.5842178548871576,32863679961464553e-25,48821010782520265e-25,3837098249098938e-24,0.016401127205811467,2140405413339128e-20,31650774960629804e-24
21273810207218334e-24,22419323043357808e-25,7023388306708222e-25,12356692531105332e-25,68434675146799865e-25,16942071275585004e-23,13215444046548006e-25,0.09490369708190388,31032002343605735e-23,694201166932387e-24,0.9050957888643961
9828161104548405e-26,5284799712699699e-25,0.22116587524594955,23723628702076422e-25,0.4849738939745698,11352190907297127e-25,6748924542412866e-25,68270490420927245e-25,13505479641964184e-24,6559039227607952e-24,0.2938601990784198
0.001741934026940009,10300868675403007e-25,5949769718538188e-25,0.15758621695884942,10372599595271526e-25,16904538306012619e-25,8512824962616246e-25,21599554851923932e-25,0.020999396553636352,0.09567717818242892,0.72399526691413
9255007131946905e-26,4976056807653051e-25,4076058797708169e-24,47123010225188766e-25,0.22826313548984056,27754658941913897e-22,8071882875324738e-24,4604058287854543e-24,9955865684087763e-25,3968043194330822e-24,0.7717340620261247
1118209908795904e-24,0.2045953847791455,1646206697760033e-24,14880023543073707e-25,3575786182277463e-24,12859007152142756e-24,1187888421195353e-24,3697529709644729e-24,0.009621156294606557,1042080767128666e-24,0.7857834323116542
45369732424119266e-26,0.19262162762583465,5628896345230509e-23,0.4489981094605213,0.2865834527648825,9191444288874381e-24,20169898258651147e-25,2523176301650646e-24,0.07179660566328981,13105527695036448e-25,1329926897050663e-22
45300339597194995e-26,0.0726225105168571,8774596982051615e-26,13481255102467976e-26,19544836000322344e-26,1683004127669334e-21,9979550171411863e-26,25713370536295753e-26,0.001231927823268839,6031495858041863e-26,0.9261438773674792
2306181784824448e-20,34334527220693826e-25,389968815052888e-23,8219032970072727e-24,5289644545316516e-22,46276484432711056e-23,976789404819882e-23,31768229568086476e-24,6868750454297381e-22,2454347383297885e-24,0.9999752000351818
10636909058831049e-26,40074745974221166e-21,31347331192475405e-25,0.6992948861302488,0.15827262221218272,0.016468799056273794,2259166148235364e-23,2156621165637014e-24,0.1259235788959017,14202993271313983e-25,9549589502149792e-24
18369032921761642e-26,1955343270294401e-24,0.4289383371671692,0.2294536249738505,0.2754585782394223,4813837638865545e-24,11464645860988013e-25,27356313870249876e-25,0.06614944774541655,5633921450849341e-25,3243659475030059e-24
0.0006622801714731656,6833625702592902e-24,0.21626812429283643,15397535222064455e-24,9260089595149512e-24,3628420878939217e-21,303828937594644e-22,8405976398301605e-23,0.01686467396527331,4303252863675881e-23,0.7662011041831107
43925551719989394e-26,0.06453590888299404,0.430353499882129,0.3650482122290404,14170403146725184e-24,13217290983811085e-24,4989929546155526e-24,4074851366275377e-24,0.13962805211227647,28261936850099323e-25,0.00043428726245407334
23452305036469148e-25,29187217053741886e-24,0.3109695925195364,3862533274174498e-23,0.45519556167482866,20897852453518554e-23,5417375846913019e-23,2374135938989528e-23,2813538539962096e-23,2934908819915106e-23,0.23383444141859172
5547318928409377e-23,8586340023064506e-24,0.13138661744171617,23766830685714377e-22,37367324712486744e-24,0.04654687374991263,9919401841206813e-24,1234446768292604e-21,0.02033171505312717,10162472467982686e-24,0.8017310611166792
2564857520222714e-25,0.005682485809206545,0.2992613777335218,9400168279160082e-24,23670599103828917e-25,13926525950612884e-21,26733051760007358e-25,11112544635526182e-25,0.053618396710515166,5535337323482493e-25,0.6414237968630768
13364041148508119e-24,10464676625365546e-22,1006176076046501e-21,0.3625355055483427,0.6374592061842513,39552693234889513e-23,6231022064449038e-22,3407585069457803e-22,9148426386704198e-22,6626588045480325e-22,2853705407438382e-22
6632391290459559e-27,6561307108330382e-25,9343844811618206e-25,0.13769464361237857,0.8623051607174566,209670939221122e-24,19025437157882703e-23,28497509510822847e-26,37946985818057605e-27,476834531695662e-24,2812897325414478e-24
17512451046620534e-26,42184437910760715e-24,0.5219079191080267,20348766770879133e-23,0.32710505638826215,22172219003475054e-24,8990122075264379e-24,28027306984396428e-24,0.044357230240753345,11471553570213532e-25,0.1066294880798977
0.00018113264821873542,28512357041759262e-25,0.8712582605665364,10131538830416329e-23,0.006928260665670873,59231478297629216e-25,10285372296006849e-25,3151849302968924e-24,0.12163220690383829,7254306301590546e-25,24220875511676442e-24
25444212584872095e-23,3225626727664219e-24,0.7090292372075255,0.166329563850518,11559062309684866e-23,6037670692935214e-23,2343301055143767e-24,10913239964797665e-24,0.12460146371637242,984529027076643e-24,39287348102214634e-21
11413875546641708e-25,8933471528891444e-23,7055358244240296e-23,0.23663295951036503,0.7633665051762734,8855660717485398e-23,43182864857666976e-24,3499498500635995e-23,4682070904558347e-24,4745664568013075e-24,19819537147301486e-23
6028813201244696e-25,16003009348136623e-24,0.6372457748604757,11322365930269526e-24,0.290725970520413,1864663904827374e-24,16145991191748948e-25,7856524551537466e-24,0.0720282090063532,10536715242044134e-25,5294367606663184e-24
24135830147165113e-21,3350284865223653e-24,0.784125954788045,0.08656102344558064,3719799387096593e-23,18057305270388913e-25,247224266097123e-23,4290930062988473e-24,0.12928872247437015,20196733596482232e-25,11232403601460213e-23
5897693006269317e-26,11721684868630497e-25,67915432561957115e-25,7951790298754192e-22,0.6780483930467104,3159716960149339e-24,0.03569864950916661,0.030236957832436063,3133581805889773e-23,31019814121021827e-25,0.2560151596280072
15590992532143878e-26,36156100987034644e-25,5180239658774651e-24,0.4245997838274449,0.529415834573079,3563778144024523e-23,2740993208066112e-24,30598716640348514e-25,0.045981093562760506,2452772754350095e-24,32351936037140934e-22
0.0012225631686616357,5253377077399925e-23,0.5612014136614206,7159763030407674e-23,37433536050026544e-22,8751188813250934e-23,15757565600560797e-24,17997007504676633e-23,0.0791484489268136,17246957286918857e-24,0.35842340627162284
40901977197946545e-26,0.006458488063557229,15742482820867105e-24,0.16298805563807206,0.5439322437202561,0.00014468531085192523,33694588717662693e-23,4466050942166102e-23,0.022442734260881815,9109911504768217e-24,0.26403338613948213
3914850323033859e-24,1814819512419674e-23,0.4430401168478636,30574821652266037e-22,0.40395393472015906,37015498758299176e-24,21168536549004306e-24,5973080052488552e-23,0.05703763001803369,19494565690369188e-24,0.09596510146093283
2248069847663785e-21,3822155161927791e-24,0.7136085760489906,1563697919000135e-20,0.1902080827059077,5403870080545678e-24,3925707674221551e-24,4672582242597645e-24,0.09616540364819294,2918883109065286e-24,31804642679582115e-24
22681612834339324e-25,5168131004129374e-24,0.27806662510510205,0.1376587546362332,0.5408321232908901,14618912156268081e-24,6682782825844297e-24,1802632019383444e-23,0.04344240102129672,1191815683076319e-24,4974091343508885e-23
4364732852373073e-21,2926658407506183e-23,5468301079433942e-24,6982696735300976e-24,1486296776404159e-23,0.05121462752976677,8699016164214741e-22,10861487546655063e-22,6022821739768354e-22,0.002263770486540747,0.9465146223377447
21926127484000168e-27,2705151587185032e-25,21812316977321595e-26,0.42991433305998633,0.5561449436988638,10885413112153003e-26,8127766933538655e-26,9788797395679924e-26,0.01394072225248198,7863329596699323e-26,10894930405521398e-26
29746451039604245e-26,9912362307504062e-23,4724352819615894e-23,6660320876438044e-23,0.9561432797070207,5702853608507494e-23,0.04385638891421558,484030557842119e-22,930149538248205e-23,11830378459150212e-24,5236642789376269e-24
9156006877261225e-24,12106479809627396e-24,0.8462010771769315,17178123777279242e-22,11670537487812508e-24,6022880405589645e-24,8041609539746597e-24,72925515528716895e-25,0.15379103198981114,36101427852795895e-25,6115119903554213e-21
25147147707957348e-25,12651573597629482e-24,1145845893165931e-25,22828576551991807e-26,17790282416234816e-26,4172637693837775e-24,1789732873566412e-25,6570456078771574e-24,0.011518592684543137,22415890094941996e-26,0.9884813804821695
9334264565385123e-27,3269978776813944e-25,2497431888439305e-21,0.14193276055518358,0.8580647406450196,10761002008474082e-26,1566982166567498e-25,15144876709019246e-26,32440966776139335e-26,9253252021048184e-26,2094800768600736e-25
4839117042180317e-25,0.028275737905257187,0.21356611143694482,7173668716481078e-24,0.3507809980359541,38811744438603416e-25,226886350629229e-23,8314903106225447e-24,0.017224868108107104,2260762842009691e-24,0.3901522601309471
1447028000323351e-26,1938541833016965e-25,8862146077918836e-26,0.21709786659192779,0.7537149834095862,9578522154050017e-26,1187692170506311e-25,2499863039599745e-25,0.009190458500119058,0.019996690420227902,3167045418245072e-25
33763241942329074e-26,0.18496458928372925,43712310452318215e-24,0.1393154100236242,0.605070000932991,36369093462056413e-25,5107870672924293e-24,31391310880436333e-25,0.02953289694896988,0.04111669197771162,35489851993238423e-23
12155238455940691e-25,3171147382986492e-23,2898712803562023e-23,0.5981063054383088,0.3297312032061044,27895417226642276e-24,9413947374038897e-24,13610020233247986e-24,0.07216235573107749,12747137020494064e-24,10043718575405035e-24
0.00023929558661002482,14925481589991542e-24,10084026641402571e-25,5304930833106287e-25,3136565016923728e-23,3988311734440377e-24,0.018992387777482588,11268867010398845e-25,34518462001605793e-22,20045997703862488e-22,0.9807628072447115
18084256339012384e-25,622226130249432e-23,6370372639604898e-24,2127462527241498e-23,0.554336251751525,21553976432413127e-25,62439292990861095e-25,26907569490378227e-24,447310902492425e-23,0.02206539401785665,0.42359827996392807
0.0004855701503254425,16598952506393446e-25,0.21678442222886268,0.08339055021665596,20058849272584033e-25,17944706035442014e-24,3226943193309262e-23,50862926844447804e-22,0.04541214958381891,6840539790943984e-24,0.6539221608071919
28534887503107935e-26,6106465210501115e-24,0.06233635051337095,11754000164569648e-24,0.9376635224906038,37041480836824865e-25,3416853737462333e-24,1973411127821704e-23,2152475911622208e-24,1964973166935516e-24,7787735705857874e-23
3437986191174864e-23,9560974904758894e-23,43247285419492566e-23,0.1152198459584725,7704377264996547e-23,2310804660750473e-20,8648712887469518e-23,0.0710919121151288,0.021647789241060995,12770169152260658e-23,0.7920164909437177
7286259603784715e-25,14826421518274389e-25,30690026652887074e-25,4625445496485612e-24,4326855872276236e-24,0.18229318276248474,15996357383039209e-25,18570763303459264e-23,13378856459111794e-23,12722219416586182e-25,0.817706480636868
4813831310641798e-26,8554707090011804e-26,0.4672500729886872,8705351822315732e-23,0.44265442369873353,19772739880395174e-26,17597591811881393e-26,2396316908151627e-25,0.09009540909746416,11443870017220522e-26,6301159830896247e-24
50006524663007945e-24,860167456412145e-23,3836317616021963e-23,9089606483739833e-23,11400911846860105e-24,0.0020478990464681338,19190630887940044e-24,0.06633438728405626,18007444246389e-21,0.002277354175137706,0.9293401230279108
0.0004815579555758377,4130844409221802e-24,4955243816112977e-24,56226070492961005e-25,5132208509838828e-24,7069767054268013e-21,7767925646260053e-24,1021546903484789e-22,3893415275356505e-24,0.016812393198001725,0.9826988454224332
0.0018208538325364422,14094379729683036e-25,0.8685207212741651,22482521371990506e-25,27187949125963215e-25,4944820333019597e-24,6828858019246576e-25,27484500808721618e-25,0.129658209323055,40237650330627e-23,2004199185065607e-22
22721849638892353e-24,48708722929875245e-24,8293192287691823e-23,3602370061478287e-23,6288020580298114e-23,15804866433636222e-23,3589941107380905e-23,0.23646129757640036,5963483322872932e-21,6894235504178826e-23,0.7635322227834411
2166865298916014e-23,62811305578638104e-25,7076621184218555e-24,9574499781135788e-23,5470109227675819e-24,6147416220886859e-22,0.10680495877527243,0.015942626368873353,0.02488304871934548,56056799405084635e-25,0.8523686095476921
3619508439296013e-25,3455780248298073e-22,3883352651667081e-21,18969610269531972e-23,0.9199863930472061,27424994122199353e-25,3731165597857674e-22,0.08000777956808611,38995722050839585e-23,8835047425028933e-23,554229724867955e-21
2078300522400718e-26,0.05065612285776182,30846525837332973e-26,0.4073095667387594,0.4784385884111152,2379017959141682e-25,9547457038518634e-26,1858608298291663e-25,0.06359572083006895,13505340701604474e-26,1788135885425307e-25
2495289622701994e-24,8335200112250677e-23,9156394272130855e-23,0.005337609739543609,0.9946616196942906,12134176839709773e-24,16331901875855376e-24,1555492406417077e-23,5010529152256417e-22,3200887860469456e-23,16072200620329162e-24
7422222094124276e-27,16387194601643256e-26,16606749791217923e-25,11712945275254215e-27,8400194211450616e-26,0.15627371115534966,3135202322333247e-23,13974315814192945e-25,2915837894395273e-26,8489831042699422e-25,0.8437262532893018
7580970838208655e-25,0.18779165103185835,18778320251181963e-24,0.6916966641267848,1912971026576288e-23,10229539779170813e-24,1874189149177965e-23,8531942112448959e-24,0.12051122582764409,664770146572105e-23,3761963622495512e-22
9348033987502905e-25,17811025652633524e-24,0.3254943211328953,11570201083878951e-24,0.6439503879302126,16968379894470784e-24,20368475352296187e-24,9370050249932165e-24,0.03055518072853869,11513464977477233e-24,21671981996230225e-24
10220746713710174e-25,15796571655273448e-24,2205739207237959e-24,1113453357991719e-24,535726356705252e-23,2877075091876185e-22,12237655452591276e-24,0.36232530052814027,7533977721732024e-22,1553467096967091e-23,0.6376736050988101
14670694441470906e-27,11194070647430351e-26,0.712512007709017,1530454560331545e-25,8544184446197666e-24,13902617045958369e-24,16770018798576306e-26,0.09037136214007677,0.11807987645440983,5920306691530597e-26,0.07903673074318784
47713347093418916e-21,270545746341383e-24,7506049347136926e-25,0.03663915877684148,23921271453761555e-25,8329733913603888e-23,5775238213027701e-24,36533156605374855e-25,20915860832175164e-25,16245429756304593e-23,0.9633128671920467
6292869881918757e-24,1333326143822054e-23,27371371211206563e-24,10697310447324021e-24,0.24676379270349996,1567807665727237e-23,3737884314039007e-24,0.03897620626860663,4608639268544918e-23,2102392271115282e-24,0.714259875728361
5510880528957243e-24,0.06284690510239327,13088778634061423e-23,0.11589027861105985,10707008923279356e-22,5575599846263589e-22,9674233687238603e-22,0.05009210810903381,0.024572290994338386,6063694186908422e-22,0.7465950787309583
63785710477022545e-25,3946689581435171e-24,30513038880181147e-25,296074983645721e-23,33222483876073865e-25,0.10209991995603192,11099485017445462e-24,580358695377509e-23,6274215753717911e-24,0.002242474642358906,0.8956575625646034
7916260505062208e-24,13494512224309372e-22,806712420346805e-23,4989831903410153e-24,17985810553782635e-25,0.08951425487684779,11196733086818867e-24,26188006661184778e-24,4661597710265229e-23,10897936810142949e-23,0.9104841799200659
0.0007263483688365552,31481147023919462e-25,0.21127601544239422,2303697211005494e-24,4565172489369087e-24,3440290293243944e-24,537728238287308e-23,0.007948917698052178,0.02706547686177612,18110570837267952e-25,0.7529832209834993
2523225544193917e-25,2832942050748264e-23,6290279427157108e-23,0.8934891430079182,4118712773482958e-24,15129068581033326e-24,11181713847757761e-26,6003420816385329e-25,0.10651074426400166,7115561286307649e-26,1212777224737598e-24
1849443301491259e-24,11149966062164489e-24,13397651923558724e-24,0.7584868310403777,1794675095204697e-23,0.0008127922545721864,5294637129893934e-24,69534694342287836e-25,0.11874475348601654,50586660410050886e-25,0.1219555615691829
0.0008158701984865619,34815831648022405e-24,8908940859480394e-23,14189258201911616e-24,5993754616486118e-23,3573045771300644e-22,0.0978823637345603,0.008311856472529928,0.005126823963213117,50998900107215154e-24,0.8878624792957548
0.006554118031184352,8172227770430042e-21,46492169416921655e-24,1508708499753103e-23,12608905044738696e-23,5680492787373495e-22,3282661421944179e-23,12017845312540112e-24,1465902733756017e-22,0.28669779097828035,0.7067389716104486
21043110428157206e-26,11492744235559224e-23,0.001018857046839844,0.8498454428007094,6241088682740496e-25,0.011960632555057723,839646073251607e-24,7265968098477549e-25,0.13716952210214944,5422784001569248e-21,53845747874932624e-25
9984174468236307e-24,5762149809890679e-22,0.41127968184541724,4410414935968274e-24,18680473765545123e-23,1281724192977396e-23,4849893451971336e-23,0.047474378224073945,0.05302281503238635,4602915884640854e-24,0.48822228156474057
4536262704717283e-24,0.022472935322655114,11179381890869195e-24,15625405931514448e-24,657042212353439e-22,3960977499008634e-20,9045292113679617e-24,0.3379520054722573,0.03516072821426105,8481335472957303e-24,0.6043746066439765
7561693634994921e-25,7646364863540545e-24,29599367344807585e-26,0.011166334184961465,0.011337613568618968,0.0481014071397723,11067806384938452e-24,0.00629972970896545,6729569882783064e-25,8637343863199895e-25,0.9230948940946653
0.005268546804599101,5751485985093225e-25,0.5064417947354464,0.15658000854606074,4959343162447749e-24,7155702564102336e-25,2744947217178621e-25,1780812170556636e-24,0.057623845653085454,0.2740857855776147,10377798082187683e-24
3190185587016622e-22,1166100831243463e-24,11858505021660404e-26,10776190098063609e-26,13062343287744525e-26,4067455503270167e-22,3007428549029966e-23,0.048791683365057924,15546485803667783e-24,28470798613409375e-24,0.9512075152561927
5200005283370729e-25,10126329208670613e-25,0.22981469312555952,20686885958568293e-23,0.7701842770973242,30619913670698787e-25,48924450075616365e-25,10364930435543056e-24,7898570043878608e-22,7134129406273352e-24,6065088630985994e-24
4681001191827652e-24,3653860300476572e-23,25207951389360403e-24,213511493582501e-22,0.8922159538389304,21925954797341984e-24,24872192147612955e-24,37974289799428964e-24,23885058254746274e-24,0.10778376483799075,8488689125680071e-23
8175762172981006e-24,19149975776215618e-25,34317656970691737e-25,0.01449364313408337,0.7091169137279939,16994709608085619e-25,14956457960993589e-25,14464729727612142e-25,36079785409140846e-24,0.2763893776700043,11224015326026128e-24
8973456073432618e-26,9004390077075688e-25,0.31305606779737744,0.29139935971631364,0.3417690384880464,7739002809358002e-25,693919441840804e-24,6396019977319071e-25,0.05377543275875981,9716989901197098e-23,9721207295497973e-25
7446234749631703e-25,15521504882953575e-25,7003615788786072e-25,12167078392467817e-25,5509801377220214e-25,0.16295187662102728,12133826504307057e-25,0.018366566450024283,4611877528046076e-24,10052331801219264e-25,0.8186815453336486
4672605314081257e-22,23802539768896368e-24,3439275051730102e-23,55605563684615125e-25,0.03163990823319998,857459577575664e-22,11477532855875166e-24,18769488268862655e-24,5413013742026714e-24,16247928538647896e-24,0.9683594230965075
19899268554198203e-25,186877726052199e-22,1695913343493843e-21,1362781800470531e-21,0.9999967067065614,9307663108665024e-24,5858641688455187e-23,3998171904539748e-23,804312949174374e-23,7790968985889186e-23,20091960273478225e-24
3936271658958592e-24,5194431355716663e-24,4527469390442143e-21,9427249881123402e-24,13086757609272131e-24,0.2441071446434309,5632754825260659e-23,0.10891032342039676,0.012579140628273474,1770279692939868e-22,0.6343985988382816
15323376531404726e-24,42235614788296306e-24,6787641350470585e-24,10938872043788826e-24,23807865105739057e-25,10513930811008128e-24,0.0001657643565189425,0.1380409323492019,0.012823686567356786,25870880822303328e-22,0.8489669414586569
0.0010886518318548684,9225387736350602e-26,12813858208638547e-26,16564951329144719e-25,12839072337070114e-26,4891900698068105e-25,0.17358339124189498,0.09813492539064328,0.030260447604680753,17164563508547052e-26,0.6969325812648144
0.0002688547316520371,20423072075732203e-25,3297925901671046e-24,2371045122546311e-24,2496193505599098e-24,0.06065039844764876,36009919787135105e-25,9683734993141218e-24,0.0006292677610855162,5540216602641705e-24,0.9384514500271981
7299583613811017e-26,4871382825498035e-25,0.5000449007821121,12703367545955654e-25,0.43498610939469734,482237672408347e-24,17785230434752323e-26,5581231959782131e-24,0.008981092578758239,0.05598788802522994,11432672328537659e-25
15975375805554293e-25,7384388108438547e-24,0.7299167288047979,3531076542885523e-24,1977066953133362e-23,0.07003405255045501,636369322994205e-23,0.13179780617761697,0.0682125144774821,23364942765168377e-25,38857005799483504e-21
9349472146183439e-25,1232749473690311e-22,27876669290032876e-22,0.049584909818376696,0.9504027639800811,19019536456005786e-22,1237258550457196e-21,34590732310833968e-22,16852573655478575e-24,2391696906585281e-21,40748984513897717e-23
28096979457673653e-25,2531157633963359e-23,1424936245513461e-22,23810619901530041e-23,1209901018812757e-22,0.07417900884222296,0.11488423879201609,0.14837269817718118,0.04496350281661286,469994929891566e-22,0.6175999746624035
13312299607394528e-24,4132618310675962e-23,0.9307881643106478,5651447133347305e-23,18550755276400114e-22,6807978763198174e-23,510264920766256e-22,3551319327270974e-23,0.06846672462634992,9190578818085144e-23,0.0007428983221227053
8476252605719514e-26,5905444564693412e-25,2547145837946136e-24,0.10410735588362664,0.8408383597329502,87198559229043e-23,3775252499315022e-25,6708041625985855e-25,5135164989964184e-25,0.05505427680613165,19216483968059275e-25
32514452516228433e-26,10580789300254872e-25,0.9393656255030612,0.00012280030918454424,2613943639806341e-24,9668485789907897e-25,7737633421506655e-25,12313743458160102e-25,0.060511564886096464,6168492787502576e-25,17145947650008987e-25
6715223762201995e-25,9005234759370088e-24,7005202049547742e-24,0.8112308629763334,4661005813920136e-24,4370146300975402e-24,365492749575425e-19,0.04564940016156081,0.1430829368538505,4209725321304284e-24,22081045466092677e-23
3199770971662796e-24,0.005604359092589056,38147243256913205e-24,0.14964191159772663,24428015235325724e-25,4950261738694742e-24,0.18362749539849976,27245153479397013e-25,0.0672321582861535,7774279556744202e-24,0.5938940163861434
0.017320439939772152,19905552125838837e-24,19906869150687805e-24,1934463136903913e-21,3003877033873227e-23,14966504850870806e-24,9683812938404127e-24,4129384824512223e-23,5612782971208119e-22,0.667205675236344,0.3154712532870999
20603818792026554e-27,3613561356047008e-25,0.16647095058699388,27697460213054423e-26,0.8335290331434775,14785782119827012e-26,5794634735947358e-25,2723429049783923e-25,1372683043177218e-23,6656757205042242e-25,2177477726649412e-25
957845957772567e-24,0.0881941679379533,15079792784326661e-25,10437875102397972e-25,699870318517554e-23,3008587413227281e-23,4037699746072277e-24,11849777140897507e-21,11511733388349269e-23,18413084163209837e-25,0.9117938206943735
12780153396788996e-24,32675128742980145e-24,7288684596630133e-23,30623926330457986e-24,0.99999961283163,33566822498097e-21,3344357611567089e-23,3214466357730631e-23,917638943644082e-22,2607743509301358e-23,21205940256971855e-24
6141783311771784e-24,0.3087263432610704,45454134282588814e-24,12370581141669444e-24,1959721923783637e-23,28784232897558445e-24,2081094208810719e-23,0.39342656132231973,0.0010056916826445437,3057137021967078e-23,0.2968412400037877
5330725653835788e-24,6144773849823388e-22,5672347450160923e-22,0.5010376701068483,2731613128067358e-22,8317479708599512e-22,5243636260191578e-22,0.23012329915677965,0.08428649601023976,27716578396928934e-22,0.1845469467525303
19860906977099323e-26,3662421310488108e-24,1413384443242267e-24,0.0010261596622127903,0.9989738264292013,9067997522393923e-25,11365037102553603e-25,8743154397101384e-25,12965370822238932e-25,300645983101789e-23,14289999976890467e-25
13514704509026842e-26,5670855010438095e-25,0.48182310643572307,0.2970445462467039,8948872628183319e-25,39174636896798973e-23,18298782580992949e-25,29144792527369622e-24,0.13632940493704301,14962220875327688e-25,0.08480251656616634
4361319540105716e-25,0.04657473485977654,9217323426302368e-24,0.02572338522705422,0.9277008049009211,28434382258888855e-25,11852728972859254e-24,9752657373869123e-22,24912864593484688e-24,7699737875044957e-24,42782855226048526e-24
12682162448675218e-25,27919962693885336e-25,0.736940342837205,0.13843115680945522,30809729119919005e-23,3446566305698358e-24,20341088695581985e-25,24547539444972517e-25,0.12462817619760563,1849598329419098e-24,22131211095633645e-25
9830207055278028e-26,11412786541154622e-25,8964734959561713e-24,20102257756428402e-22,0.950862289992164,415579070204021e-23,0.04913565959520635,7105097098078862e-24,11883855499257557e-25,6118744096924234e-24,11411522494538687e-24
25844061568431674e-26,198167302023779e-23,0.18308336525648713,0.6279671006385203,0.04221111912133668,5599425467954763e-25,28656761025846466e-26,606914117465529e-24,0.14673841031939786,4443133196522061e-25,5261065853028122e-25
17434521019640292e-24,1248284045718137e-23,9059259748827896e-24,9927412288941671e-24,8588532981183214e-24,0.10873079892800153,0.0021041963099546882,12725684753131903e-24,3098024010642498e-20,14157324282273964e-24,0.8891339401463494
21727254237191203e-26,5286482293417308e-24,0.8972985392589609,17907747515567792e-24,4041234978348937e-21,41743490980905614e-24,34329526953004807e-25,3540681157247272e-24,0.10269657610843418,3503178696411554e-23,7362352209868342e-22
12946629073716398e-24,23176400413536087e-24,9976812053253772e-24,0.326690449974582,7138601953076362e-23,13725302897693603e-21,0.02359492702862876,28469300450545128e-24,0.10595633754219982,689335421451895e-23,0.5437444073031755
32020172802303023e-25,0.5192156099369324,31289906324882865e-22,0.36513633437834225,524092721140604e-21,7866583105759826e-23,16583325552449826e-23,994810755378209e-21,0.11564237996080147,7245271639684043e-22,5560151207802309e-23
10870502220749106e-25,10372530492547566e-25,1025549540325484e-24,0.43629769845113164,9205645109493837e-25,20348067730373557e-25,23781036855011962e-25,0.4783944388062968,0.08530782027141834,1456899564621881e-24,32530946839420164e-24
2021193478508193e-23,21605506025937035e-23,0.6774445272919323,2643723609819154e-21,15353291162081275e-21,2656716467506386e-21,488761836969333e-21,12103855900498224e-22,0.061151338034823026,10578561285926221e-23,0.2613814397419572
12036809400481276e-26,2758627563820866e-23,15065882456661461e-25,3964830277671437e-25,0.46272696758901977,3189554590251244e-24,0.0014068803817518705,0.14870157475839701,10026421661700608e-25,441961530948133e-24,0.38716454302661985
4497487435527649e-25,5238265615571699e-22,8766216905154366e-25,0.8379093826141969,81952360429224e-22,36480722443981787e-25,12935623621630029e-25,17856372369206942e-25,0.16209007463525457,13721596532760813e-25,13249309916271403e-25
0.0010759587607127375,1054083798629634e-24,11561735831553234e-25,1087157998435086e-24,10443326059281481e-25,54606201364194753e-24,25624783131718732e-24,2082879191740933e-24,4824196164127497e-24,0.03525144930806041,0.9636725004514191
53841920991042366e-27,1314253307961122e-22,6342224062749746e-25,0.8049787457371391,12778105893134615e-24,10863705730652446e-24,4258576042494593e-25,8142334694505622e-25,0.19502109533982,3227020778176315e-25,16047138350543774e-25
3833698840915804e-24,8117473375139953e-21,0.9310894064190505,29967816319535073e-22,12265208274637627e-22,5472054779259814e-23,37725607599212184e-24,9666241108284954e-23,0.0688978197091822,11196475420860536e-23,12818916894793785e-23
6075704799635848e-22,8498444568623247e-22,8660676240208899e-23,3150899139794046e-23,10154260035279277e-23,24072301206188825e-22,25384671475833404e-23,0.6082992074610155,1393045948376104e-21,13444919289800874e-23,0.39169492689372554
2287917881621634e-25,23390817478657325e-27,2410124919053091e-26,21015458022244694e-27,1809270857790919e-26,0.07539320117833735,20157315934979072e-26,633064854018372e-24,0.0051321058817536385,2681950535927792e-26,0.919474691763079
13297610951015817e-22,1267184524441755e-20,15604997920848191e-23,10928438064545948e-23,3060834585668076e-22,6495338856545679e-22,7609931786659225e-22,0.45129380905488264,8372302940291339e-23,23379346043772437e-23,0.5486898898774045
19315169509119147e-25,2383745152528335e-23,0.6865223206898358,0.17977897554385386,44512260005488436e-23,53993707031797587e-24,6469797610779411e-23,98258431845837e-21,0.13369771119817922,8293211963011694e-23,24348650752706175e-23
1550558498809401e-24,13505757866555357e-25,13294007874003388e-25,0.8222345539088677,22615713089078233e-25,3484429449755565e-23,0.027046653778525397,39156712449505375e-25,0.15071874073758837,10776319720829984e-25,52451228877557875e-25
27499447616648145e-25,30824343258829167e-25,160397961219417e-22,0.5831119544661809,37860679693917234e-25,20467875067971682e-25,24968956741955737e-25,0.3118609382679347,0.10502707026096056,2106225461283071e-24,469699672707645e-23
21643189300744237e-26,22207146746322273e-25,6556778513575226e-25,0.48819976373625207,1045070432471289e-24,21051750118198566e-24,3843161227085766e-24,0.4077928970956429,0.10400727551043933,2578848842082925e-23,8836418261814067e-24
7825023704419131e-26,37308500478746006e-26,0.8353127619795997,42806456390854783e-26,12531707092274094e-25,38670832701379983e-26,11213596761516873e-21,0.03753788336739703,0.11175773954708755,0.015380397643395929,13461435489953854e-25
13856713820781802e-25,15623821630696836e-24,0.1204473354494862,2668014324736344e-23,0.879552443867557,7691684745712407e-24,7778071765749096e-24,65092861385018255e-25,4964666251260093e-24,14171983685692144e-23,8325948177736035e-24
12143525866663647e-25,27567180735768727e-24,5513991093075352e-23,4990061223073287e-22,0.9999661328293497,33155320692214744e-21,6529474501116213e-23,1523397521384361e-23,10199770623465547e-24,21225211459015602e-24,16967901288103786e-24
11385942934577847e-25,41650042011630566e-23,0.9075633205567611,21856475926112297e-25,7826303095784571e-24,8525287113029536e-23,21181040281734748e-24,6097203888435865e-24,0.0924350912769353,10392244718171798e-22,8759757240890505e-24
7929600123714003e-24,0.47322027695538627,55269947430741305e-25,4516299548751418e-24,7600716043953252e-23,11057874272532915e-24,9223553595277356e-23,33219309290361465e-23,1434282171994131e-22,13733199759184846e-24,0.5267790364166203
3676848042962483e-22,22596745393125897e-23,9293879195822232e-23,0.9572012137407281,20313302550876574e-24,4876152524682492e-23,1601771644747314e-23,22241705500673933e-24,0.0427979584121373,14691503691779253e-24,19231275195244284e-24
11619388369919317e-25,0.5625194246347213,2947743207829958e-24,0.2537263441803888,0.18375420651832422,19846229368977857e-25,19614766434409233e-25,19288634681509604e-25,8961020554373154e-24,2761775321013499e-24,29587139091041814e-25
10605871892751148e-25,5153675499566546e-25,7125714327220873e-25,4314414290318069e-25,10235163704117572e-25,0.12733345048478384,25821930963108885e-21,18028125971341423e-24,8390376933797052e-25,6112983801373707e-25,0.8726407043621764
3046569491345842e-24,4753452872465414e-24,33866084891352292e-25,14949269363662274e-25,8810363545768346e-24,3729272752209459e-24,5930455557984281e-24,0.9999997578422739,18794397249405016e-23,995185730947031e-23,1311232774025882e-23
11270709317498904e-26,10529845112738758e-26,7322112974746564e-26,41022153439923006e-27,7121208270090472e-26,3959857497679302e-23,0.08267493312646569,6913379854568922e-26,0.06725163315331274,3301339647093649e-25,0.8500733933189217
1269173070912988e-25,0.4874802426330362,3167074631461522e-25,0.4703981785521747,10883400075047861e-24,4222031557392006e-25,23201429046989462e-26,8893702761966333e-25,0.04212155847530061,19636710633374524e-26,7273346342674272e-24
556608858580567e-23,7374256683810677e-25,15032995500376887e-25,171836558724483e-22,10469021104188556e-25,21058282283578762e-25,27998639758230674e-25,0.38682412961153667,14993867612468086e-24,5247272321646919e-25,0.6131758239267752
0.002054936382846012,0.10583101517850439,5556627294285714e-23,0.6487299897148229,3440735687700282e-23,5043870640889447e-22,18160166719513307e-24,6926523086037993e-22,0.07736580387048544,0.16601690370852618,4597155322290895e-23
7619007393305623e-25,7499158456628312e-25,3907178041638016e-25,36043195969139146e-25,0.768697456484676,2772732790012385e-25,5095640123101272e-23,3424091062096254e-25,58709795483073926e-24,0.23130235527654996,7244598365270324e-23
30278653811868283e-25,0.16942787031514567,0.8196886879483022,6677675366818299e-24,3809067485249719e-22,27250034667660856e-25,2178690274310425e-24,1459799380433552e-22,0.010882889669623195,68734006937014085e-25,3696049709759745e-24
22646893651364624e-25,21145939213603824e-23,11791759450346669e-24,0.15676635322323854,0.7990146157165805,9802287530049891e-24,14209528455474856e-24,12150502012126859e-24,23074750940005646e-24,0.04421872059698461,2571072854085198e-23
2438798836028237e-25,13062737788063322e-25,3829615881975632e-24,0.010676893209309472,0.8824052913610563,11682230817343541e-25,39176037706463364e-25,11355094260318803e-25,698398057604499e-24,0.10691779333808495,979203204094324e-23
9132638959504487e-24,0.5120250227294799,7524160381124188e-24,7524887824172745e-21,28762721942352355e-25,35383136836940904e-25,27351347434788e-21,21449629406892346e-22,100049660896451e-21,17425101560859576e-23,0.4879649826961186
19690311892963418e-24,6359800324486131e-23,20136682451825057e-24,7729831645299101e-23,4254034950454183e-21,299965161737292e-22,12986847014992017e-24,0.9999923143691966,2725377810089283e-21,2004926589537272e-22,28201863065465825e-23
11156965670224273e-25,9652075020033924e-25,6497370618919908e-25,7075044553313847e-25,0.8346281324433659,4744856269829434e-25,39438922194679083e-26,0.0329089843613805,0.007890631239361633,0.12457224693975072,7094528996622625e-25
8732590808997857e-24,0.15575397624902615,32908311909839974e-21,0.5716594947724397,0.1985771420307579,24023449309934714e-22,5381051863089095e-23,0.07386427494218352,6763875291742856e-21,25085480261513518e-24,0.0001029498449092608
2083603107199634e-23,5099138911098878e-22,19140239349141218e-23,884120132004148e-23,2022187802119286e-23,0.16790287855648167,5246954201271288e-23,0.2037374549711153,0.029010433301379056,12758271657009705e-23,0.5993483019028963
5588705284966553e-24,10744912015955698e-24,12961356391105685e-24,22686518452488093e-24,0.39000406754838374,0.04492458347741983,8893828826840111e-22,2182652214558918e-22,4088054780495296e-20,4296824207362712e-23,0.5650292658286001
0.008934061912980226,196459424582128e-22,9309076813920433e-23,117742411526257e-22,5226916062644503e-23,0.00345555391085406,9776467644643212e-23,55836247707873e-20,24640848522307614e-24,0.17527678842158795,0.8123327382064616
18444494937724575e-25,3449289144662252e-24,0.6043163074037393,0.35232944446251585,31208608799500905e-25,14811585586914128e-23,2974329435622943e-24,2670126107638436e-24,0.04335406962288343,12252870616134733e-24,4083075327295812e-24
24040180040197077e-25,7467655672173713e-24,0.6622846722249365,1059049749708292e-23,0.1621982520671305,8361325901263827e-24,6305138381692384e-24,6896812537237825e-24,0.0704573149815068,32670416483390507e-25,0.10505971543393726
7670379299128296e-25,28506161744062128e-21,18850971431446634e-23,0.10367016293961638,7138869501937422e-23,9995555699243702e-22,409813755495194e-21,0.8380915675904129,0.05820745047243554,8017729968278269e-23,5626237108695176e-22
15559329338109367e-24,26956140080802627e-24,0.9378544364661114,16043226958487292e-24,1385184884522737e-23,2652568006706067e-23,2941246419776614e-23,24034702171602635e-22,0.0621429392930025,40071456135798865e-24,5235662724154364e-23
10603168576666707e-25,5555188127875048e-24,4693704629023039e-24,0.0651816077285592,0.9348183432359061,5263960277183486e-24,32776422420098958e-25,15642502990448036e-24,5712290519479812e-24,29109948827894076e-25,4919043461230923e-24
8381639224502604e-24,2206785057336181e-23,5622124241052062e-23,18121955083489183e-24,0.6743995120624448,27627314132963355e-24,1752659106668875e-23,0.30858592068257784,8010363449126453e-21,0.017006366410873604,40534109601550765e-24
6558235871479007e-25,0.10353439200754205,5261193213717274e-24,2556730061768747e-24,0.8964637876409629,5453602616091958e-24,4921083970089819e-24,12615445024622636e-22,40944355420137755e-25,52254483699853e-20,13318969380095588e-24
31109119023274982e-25,0.6284300700753147,7237708240332577e-24,0.1862910272495671,689003719048608e-21,7597896892372854e-24,39494111594398305e-25,10284409556106157e-24,0.1852781671089171,684399126811462e-23,7537672340777447e-24
