5449873385331118e-24,5828596058220115e-22,0.1670820456631599,7420430666513497e-23,9159998865307644e-22,25546100497085333e-22,18497195846378363e-22,0.10446921251997594,0.030985778964650344,4594114495437745e-23,0.6974570610060712
2686898785852264e-25,8926042414455104e-25,10671506530908644e-25,27575679618002155e-25,5125455560856762e-25,9513333859949833e-23,130051492739611e-21,22044347608181088e-24,16021402904442998e-24,15460641267005911e-25,0.9999997297048113
5046209954801579e-26,5928141555491745e-26,6011625621655351e-26,10646769054890195e-26,5235330119857762e-26,33303833419143555e-26,2114091141350715e-25,0.20842023563499643,0.0194870267329706,12851003632318484e-26,0.7720927366303931
0.001111100309318469,10470400086040815e-24,9375236612578759e-24,10430891953592515e-24,12238095107923916e-24,0.07515411513397877,536892486457465e-22,46260632275382437e-24,0.001447631480069,0.054900356528862104,0.8673866540832678
8218629635349066e-25,26155638235444403e-23,7030059893455747e-21,0.00010086227330795012,0.9371833970880764,4058809481041729e-23,43893669993700434e-24,2822293544121232e-23,7573713596825764e-24,0.06270787788497602,4500390494754019e-22
5697812638515216e-26,1713325866003545e-24,19196394688295805e-25,4463438717914632e-22,0.3897063667532489,9137148792870609e-25,4360807070802271e-23,2794809949054957e-24,11907360618377685e-26,10809847098277212e-25,0.6102931346962908
29529240103332153e-26,0.20967926143994814,3900497627630322e-24,0.5394049662460956,0.14175554842687985,4146121029520374e-24,26098506253850516e-25,5917224473574775e-24,0.10916019989134866,21965929461033025e-25,4930108469195372e-24
8353806713423328e-24,12552192448140622e-25,17059276022886555e-25,9320159756006632e-25,20839127855192763e-25,17836183767668214e-25,13510608840411428e-25,0.1653932519275166,0.004050758712958465,21669184201712386e-25,0.8305559697271567
4307965921525465e-24,5979829408746526e-23,0.3230543722805922,4193441952088079e-23,0.19036249709818143,2038282117099914e-21,113584485850452e-21,18800749693126171e-23,0.022583294443595858,1156251835519815e-22,0.46399727465654017
18006123809433928e-26,10687890995308256e-24,0.5565319537178602,0.3182997826490338,2777116865861258e-22,9080917257628889e-23,2775447162354382e-24,2867649853060888e-23,0.12516730068860513,740320085996914e-24,5513712480978037e-22
4924056945545913e-26,4409323937601049e-24,0.3803361364417249,0.25581423882826543,12782934039215218e-26,0.062434441748372434,5764058310159824e-25,2717665422793889e-25,0.08218771940498171,14656590607263746e-26,0.21922745799549934
0.0013730279551791933,12494935773643402e-25,0.9091201608442742,3458341133603292e-23,15375714262438957e-25,14392124851637485e-25,723709746250562e-24,11815001914439545e-25,0.08950676655763798,6730536596090364e-25,32556475523602462e-25
975482633179827e-22,20822492922695155e-24,0.5347382096475426,0.1835295902551119,0.2038426589519795,3814253050184967e-23,25901941814695122e-24,7535803401824019e-23,0.07788919023921989,7039594047443743e-24,9875942339282475e-23
5222943420652005e-25,3602416801875141e-24,1636294332779257e-24,0.2071114417182507,6606146331353386e-24,0.014656726418898786,3739151373001797e-23,5385270512202641e-24,0.03885692780163692,10360129611243663e-23,0.7393747453158619
11106969366781166e-27,7137739522931956e-22,0.02148631393255163,0.40519105098418445,0.5466071166935245,35427062225813455e-26,32263155118235194e-26,3449532746110749e-25,0.026714630686081188,17187736212939512e-23,10284775964772638e-25
8412109217523887e-23,4671570458551165e-24,17359398101865113e-25,3491032999702508e-24,5922534731910181e-24,9120648908553133e-21,28048146452864724e-25,0.06291727373926655,5025836896491073e-22,1997286706335474e-24,0.9370729982838625
2119478251511896e-26,14341433679407369e-26,0.16288791100659317,42843884252232104e-26,0.439604151582299,5091642291498159e-25,28729863190921384e-26,986589135008395e-24,9433119899154416e-25,43209125268245835e-25,0.3975079297708006
0.0014748875843521262,29374552048658284e-26,18123699432121935e-26,0.11312042967551018,262749658572593e-24,7384334705626278e-25,28488452925648175e-26,7585718851114119e-25,0.015004107338653672,0.07822467474746196,0.7921758981343995
15982579158917542e-25,24416659554422987e-24,9234050017488171e-22,10530937249316022e-22,0.1766904222083631,0.0010388896880530198,35401000079748933e-23,11927945725337841e-22,8311725661010262e-24,23683955262112112e-23,0.8222668936358211
5255206135862506e-24,0.16676690489722132,23667607177218656e-24,2511625721652137e-23,48923568789269764e-24,14370561293613957e-23,18552350483575827e-24,6654819045318891e-23,0.009073286950205225,17761426044549426e-24,0.8241594586223528
36250655874612675e-26,0.14756031695933042,21100808519352392e-24,0.43439556935056595,0.3577939688810443,1908530453771812e-23,12035619749895828e-24,12511763631616256e-24,0.06025007492177562,4430373015217447e-24,2170467949295631e-24
11295863140551436e-24,0.05423948174417147,5512822686243059e-24,9094962303773673e-24,6852987272802466e-24,5515800371963357e-21,566428977073527e-23,5707461661554825e-24,0.0015356084590689254,38262463127318066e-25,0.9442193460416269
12841105324835003e-21,38048504486248554e-24,38909141934113946e-24,6883072552354476e-23,10082258057774927e-22,15015143676672669e-21,12408635132856444e-24,38198009005815505e-24,8496558839436174e-22,10239156591284975e-23,0.999969987089128
1846896946183398e-25,20700134228550165e-24,622275897396021e-23,0.6414452191973824,0.2529229984198846,6390106927429214e-20,6944043990667378e-24,3518801306601852e-24,0.10556707957339585,22988370675186148e-25,7618710655307151e-22
21490575963872656e-25,1248550811848343e-23,0.4453206658693169,0.24834896774812365,0.22769748378543095,8047153728665701e-23,5314362423275473e-24,28717345048379517e-24,0.07863096704284454,5543494065195442e-24,17819598292795758e-22
0.0005290994655269373,7191369567676654e-26,0.18119089222993573,1245403767450961e-25,2275343803437312e-25,413992807804149e-21,9703077400152478e-25,5103333468967712e-25,0.014542818012966906,7767063956466543e-25,0.8037367736174365
4820629684519874e-25,957061790375179e-22,0.4951921895548465,0.2620420283915856,8664635560588379e-24,15913616718414306e-25,17012980092305338e-25,3167309321290053e-24,0.12051205113255271,8739486892696413e-25,0.12225361873658605
3367053707368112e-23,19032614371772847e-23,0.22942744703723342,2941074024527974e-22,0.3997148834596835,9009081044978164e-22,41507574774721505e-23,19678033072922842e-23,1617390856136202e-22,43112326451050643e-23,0.3708550459411424
256050067056232e-24,21642776648859146e-26,4628157172691051e-22,34276658103863907e-22,14038312097934111e-25,0.040514702170026125,7085964328168426e-25,0.01646216807811106,0.004103869149621215,15583098654467841e-25,0.9389153659774996
5828567845692104e-25,16918072819300872e-23,0.26815069224181687,0.0017208610675985287,2228901897665319e-24,23237222709002334e-24,22330448873613224e-25,10125929147277554e-25,0.04645142852771604,45177329304823537e-26,0.6836768192355928
18458060590162925e-26,4800730814187383e-24,10748203110222922e-24,0.33819798983123817,0.6618019792498545,4235259720706028e-24,2534356149926614e-24,44961615844769446e-25,949073968128474e-24,9013820426481075e-25,21520355852079954e-25
12409037933671346e-28,4458352874296472e-26,7044724644507743e-26,0.13941313549437917,0.860586725053655,3711428367340749e-26,1387845795220098e-22,5812663876945015e-26,13668392997629416e-27,36015848786262384e-26,8168222464769587e-26
31464848850226687e-25,10084414531573015e-23,0.43024725703400246,1801630208017477e-23,0.2877592927688099,15586710010425043e-25,17577303010643167e-25,33785526347173192e-25,0.03603909447414583,17691464428335044e-26,0.24595422690380167
26784193213445575e-25,1231375653092343e-23,0.7606363271834085,2084038784866838e-20,0.10215595737652243,21083165547965857e-24,628124112489149e-23,18647331561444756e-24,0.09966073100660938,4515077473662173e-24,0.03752607852662743
8229018609231411e-25,8509672836825157e-26,0.6414170683292149,0.17448360856240172,6341401070277042e-24,4802710279508617e-24,9101828311774149e-26,8423131825023267e-25,0.11682973164419752,5546587746314735e-26,0.06726957842329823
937617267735788e-23,10907822824917396e-23,15114317464412646e-23,0.22234357047193332,0.7776551236715482,8754124460608396e-23,5096232583768725e-23,4744556086667972e-23,5668378624427887e-24,926983591199414e-23,8353721859112286e-22
5818573769223383e-25,47142497755634535e-24,0.596377185088214,4955261625462189e-23,0.33774500298415283,6021793902605074e-24,5569027540505839e-24,11439139682693629e-24,0.06587755364188208,4070226933212735e-24,13390888852619863e-23
4798373301402398e-24,3009087866854321e-24,0.7692642027286215,0.10076576965365118,43565784034226174e-23,4437550567585969e-23,2324552116021235e-24,7122019910934256e-24,0.1299677683692359,7062514004789704e-25,17612557691955557e-22
5974153079356237e-26,3608361330222995e-23,6779629998746236e-23,10383356769223605e-23,0.5039318204790104,6343088612511578e-23,0.030009631427802972,0.02880760134016096,58866792846976415e-24,38576279087497624e-24,0.4372505781065882
21913029540312939e-26,23415498230197887e-24,45912395103617565e-24,0.33270353315509277,0.4478200772567505,14707779322354052e-23,20333648269458673e-24,2335751400508887e-23,0.03377044443284268,4990227667824145e-24,0.18570567996218884
0.0009221751895917596,28933071498797008e-25,0.4137346550882599,637114411037029e-24,29568191434123042e-24,21704209742609095e-25,31558606927049475e-26,11565558308983879e-25,0.05790409409220191,34339286932858593e-26,0.5274390385453946
13379311721736836e-25,0.004356711121820722,7979818757851075e-23,0.13304173199496472,0.4381295278660622,6982648215144772e-20,7499803176777044e-22,18997632032523223e-23,0.0211562118648948,23526151878535334e-24,0.40324494605120054
7917713105479686e-25,10383220367686678e-24,0.45397962308377293,47397801098703616e-24,0.2790317602087582,9420937384326693e-24,10702094590727377e-24,19992115796305525e-24,0.06278691166237826,4430418958728563e-24,0.20420163299525868
9350609937071947e-26,7341241588048968e-26,0.6235514300915895,15697542707885734e-23,0.29611091846494747,8303737489526213e-26,6302795228983043e-26,6163567935459646e-26,0.08033749302988503,45742485130578e-24,10186744658991826e-25
5020280738662266e-24,22622191126096664e-24,0.27268737911869495,0.1726609933577431,0.5049007084799905,4518685780065078e-24,4627109066860338e-24,6348480888387365e-24,0.04975085334775428,397765199761361e-23,18582062901184254e-24
1027956645438134e-22,11043505627902699e-25,7068190559625796e-26,8845723752415582e-26,19896685861021648e-26,0.03824770031705984,3841772751875597e-23,27635979024306166e-24,22298853823511427e-24,518684594200273e-23,0.9617521018854035
8168556022802063e-27,11325168617037222e-26,9803562301790532e-26,0.38814171981309864,0.6003921527353276,48981909786448435e-27,368973740893872e-25,4474822967382123e-26,0.011466127014161779,37132785351218565e-27,5059036841927659e-26
4499431929973404e-25,4006106833696057e-23,13909863698970982e-24,3965629494320303e-23,0.9699796659112186,19583791160968296e-24,0.030020122153456195,20136473144885764e-24,6791207157606912e-24,8178857088034749e-24,6939783216226885e-23
5129033252836615e-24,28264448681437587e-25,0.7973220743009317,20692045988428016e-22,7236804964118104e-24,69729478820682535e-25,2742938200009784e-24,3749135947232395e-24,0.1402555742402225,11857429619895444e-25,0.06242025241119816
2882621410603445e-24,41576069625892616e-24,8838397266613414e-25,18514837192366789e-25,15330763678818696e-25,7611629895623527e-22,15156888021204066e-25,4096660870943171e-23,0.007618003404958881,179333035469203e-23,0.9923811424293326
830530566752344e-25,64982122629723215e-25,1141105598753918e-23,0.1776728691287396,0.8223271018703108,15045894780138627e-25,2665961138294351e-24,2523572074953402e-24,4019403955485309e-24,4066667838092345e-25,17439810744528224e-25
11190760878860783e-25,0.00385405704038671,0.18117028926779447,1792792694290397e-23,0.36917278931988373,9166320334709649e-24,5913185084381479e-24,28859851493408124e-24,0.009224853720365394,762912757800719e-23,0.43657794003607014
20678591316913122e-26,4683102526155124e-24,2271839719368807e-24,0.1571084649748541,0.8427533067548806,22117283001415054e-25,30875283384978868e-25,12025993642962599e-24,34571287619407435e-24,0.00013815992092725156,9293419802442261e-24
1512515817182728e-25,0.15279085676421136,34318392709261817e-23,0.1618792843717691,0.6446254698294873,2490128289840919e-24,4478953299022408e-24,2141910031831493e-24,0.02804635145018295,0.012656979126062284,7060125542078374e-22
31182426289483996e-26,3619887780705651e-25,23272183556242566e-25,0.5393514653693906,0.39758891830498216,14763695563725802e-25,336148738609148e-24,17376364618185245e-25,0.06305958140820267,4849698288992829e-25,27881280595909747e-24
0.0002803662846759037,11918376015137963e-25,7009813942443894e-25,26961307198586346e-26,700698836635206e-23,7875355758628013e-25,0.006881090964473813,6637445197598342e-25,11325366583874866e-22,0.00756758495823619,0.9852698146352706
352205476464693e-24,7434578697236788e-22,14598437504543795e-23,1583106843268311e-22,0.43305216664795865,911462895072308e-23,3616986280750471e-22,31611515002231256e-22,437424568334592e-23,0.015793465398621913,0.5511497835113308
0.0004684036191413977,6973425390098809e-24,0.21191662119318075,0.028286369688625183,9347858278021419e-24,16908557777844732e-24,200266128438476e-22,6013626941179364e-23,0.03746902230440441,17997852781068515e-24,0.7218594518040591
44223630803539705e-27,10089039958886892e-25,0.025912560396188337,8203649985344516e-25,0.9740874335091173,6237449646292219e-25,5926804724633988e-25,14805789512300332e-25,5742427511914274e-25,6238495711180008e-25,326465353510807e-24
8627595568463037e-25,4042514886292397e-24,7607690656412508e-24,0.11313476051614052,19622964339829286e-25,4714902121352523e-21,2470689033003573e-24,0.03594987462431599,0.019284913271930586,5173481720310314e-24,0.8316257145662271
1203943978582015e-23,13391245329291264e-24,4728351374327911e-23,8248258855583911e-23,26330494914930357e-24,0.13666899477882588,28959908576534193e-24,5340696741251756e-21,12661521933249624e-23,19234290565166262e-24,0.8633253081877403
4379241401134796e-26,2763525010864291e-25,0.4101539782503472,9036997486000075e-22,0.5129332373422422,36628667716989633e-26,33677883345989313e-26,4855817360687565e-25,0.07691166045984356,16416946452244202e-26,2185749136452382e-22
2890445337926388e-23,24936818032588225e-24,7125650854507723e-22,8037097663319182e-21,25329970364206247e-24,0.0010679010236496283,2677378193850621e-22,0.06857699794353636,16897430913120993e-24,3337284069313492e-20,0.9303126147228771
0.0004094986085427519,16434839664849633e-25,18879738984741893e-25,2070505781694252e-24,17351390987431404e-25,4027872388324104e-21,4988002333916957e-24,32579136973784854e-23,12189009764565247e-25,0.013392008077751734,0.9861941261059414
0.001954897739488965,1410695676016933e-24,0.8697573651414885,12325672241921903e-25,14278236590682343e-25,18054083713655613e-25,5783523991069296e-25,1535093222530868e-24,0.12826292303415,5553823130341051e-25,2480554038129454e-20
4827054479001599e-23,2707263295622341e-22,31448451547274345e-23,1330624649082972e-22,23878150245061027e-23,15282442880672084e-21,1361910287920399e-22,0.20738180082115243,12313252039064372e-21,23442238155823293e-22,0.7925871177437148
12792270714789372e-25,2060178240527013e-24,24248155646448557e-25,1808167911457054e-23,11685953745466025e-25,34225203618420104e-24,0.08188974412429978,0.010226100164604233,0.019102338284411484,3880237345773426e-24,0.8887817543067421
20414234283682228e-26,6974155146096931e-24,38048432332358606e-24,36725052183638897e-25,0.9352644831203238,16406448844901341e-25,9362037974068093e-24,0.06473542241381286,11667896156928566e-24,27825598805903222e-25,20112509175191806e-24
23548697817530778e-27,11052189886907307e-22,14327297447083404e-24,0.3434002259275795,0.608711342478568,59816495871510936e-25,3419302529567708e-24,7468457940581424e-24,0.04788728952459039,5232168058390194e-24,3764853015512097e-25
26235955941867808e-25,57117584223004395e-24,9263471608871051e-23,0.09221928520691913,0.8979861839602963,13811708696584323e-24,1718347977306571e-23,19077727927435164e-24,0.00979427982638012,25940924765536357e-24,22617002789084516e-24
22993918128876084e-26,12209189718213369e-25,9461511103074918e-24,5444572395016875e-25,12278472226271158e-25,0.11301484675199984,5024207682140702e-22,4147578926933159e-23,872833416856373e-24,4415187621676384e-24,0.886984591378741
5772800413322191e-26,0.17088138294768238,23539392979017396e-23,0.6196051292695686,55346038687708224e-24,25665084552924896e-24,8101969420173574e-24,7344854863333028e-24,0.10861286375733613,21079622232806668e-25,0.10090029099390643
5858968991064047e-26,4317785672259584e-25,0.2535857048540399,38433098323080813e-23,0.7262039620567797,11458436445044202e-25,17759296768471232e-25,1740779551933876e-24,0.020209930027996724,11107574366827483e-25,1246622201084431e-23
6653603218690964e-23,13264683015753887e-23,822709660905859e-22,3927749512735732e-23,6999662741104128e-23,6704836602521318e-21,8343199085239056e-23,0.26628433888035485,18418764311218616e-22,8179260408259129e-23,0.7337065584540675
4550288681791335e-25,5903602365541036e-25,0.5797201218977737,5543420760660892e-25,5469605030444116e-24,22694460797662393e-24,7315888058732313e-25,0.06341041280110395,0.09726270947707993,30156220934223183e-26,0.25960672502748816
0.00015835715699807714,5275164491198203e-24,1053672341676378e-23,0.052427948341372335,20312569611707504e-24,18151292974262902e-23,19066834778183702e-24,17516508255787432e-24,4010537416102399e-23,45012159564452236e-21,0.9473683880159598
14146435637875038e-25,2931096569756122e-24,8553180847913228e-24,11576779683753758e-25,6046621466021578e-21,8250836008124687e-24,24339524695880697e-25,0.07010160229848958,2806806732050889e-24,2982918798936234e-24,0.9298923205489289
3045676348357019e-25,0.059184278425536425,16913849265085088e-23,0.11700847353207894,1028537799321438e-21,3955940657019981e-22,21874823696323335e-23,0.04113937936681603,0.024454009190596645,6297726099770249e-23,0.7582120164808372
0.0004167089773747919,10169034806850903e-24,683275914220838e-23,6760721658492635e-24,8953146319862207e-24,0.05924752643975483,2143181135098272e-23,27329008230510615e-24,5474374980461018e-22,0.0281530553404682,0.9121820803284229
2756789937791908e-23,5091671388326725e-22,10636149687514516e-24,737339347147428e-23,27195374904216757e-25,0.06525134338124525,22096341189216924e-24,3147169855955851e-23,6558606507912009e-23,30062312634943535e-24,0.9347479499382177
0.0007894136115574358,83586582878049e-22,0.14779572849187736,7085969070956302e-24,15757693981317235e-24,13633214414921613e-24,29274414209171207e-24,0.003666018786952098,0.015196559315220716,5718380623559676e-24,0.8325521999660617
6816540091334451e-25,44296963772991085e-23,26816157646043282e-22,0.8859113391270304,22249580847760803e-24,5740031547215994e-23,30585089513067957e-25,11446970406637152e-24,0.11408542735969435,3149948325350591e-24,10940732602672967e-24
7140842111759373e-25,3401797356656836e-23,1177236120267195e-23,0.6551928509591277,14003984649536038e-24,4512857615953541e-20,5441956094318312e-24,6621122450165542e-24,0.10278811495944049,38139081045814845e-25,0.24197382911950438
0.0006860893634220512,28223953841007224e-25,910036594629594e-23,12420823853464345e-25,47869095595576834e-25,70367345316960806e-25,0.08549121749461872,0.0009318174879809238,0.004715572112576721,3556541554539566e-24,0.9081752749963887
0.004385693886986319,0.0005866611360966925,293630021298692e-22,937543788056676e-23,55461102542256565e-24,12316359513944546e-23,24489898163605225e-24,6273362816754742e-23,17442311690232003e-24,0.19345708275119933,0.8015702401967435
27435598762600156e-26,0.029374917902023623,26381451001256863e-24,0.8171374546029779,10027360308314775e-25,0.003805496264138215,13787132585812576e-25,1221305428204611e-24,0.13800997353739197,0.011672104065334834,23372515438814836e-24
11852120844482747e-23,610238861086103e-20,0.3189457921565511,5341600609006155e-23,14487684614447895e-21,42398445712382937e-23,7170779037598558e-22,0.03410336229741939,0.04044146819736379,608791304970523e-22,0.6064874133970968
90705152312495e-23,8762318055257257e-22,19176497577839195e-25,2803993141193938e-24,3361823903410046e-23,14538152719832686e-21,1694117953629492e-24,0.26899425853942666,0.024948787011566973,17129532673202746e-25,0.7060414974104843
18521859476082018e-25,8508635689207746e-25,4945367871866944e-25,0.04118943731323415,0.037801193580079946,0.03181778067259026,31567089295040646e-26,13496795986282306e-22,12537072131654117e-25,7360032303037172e-25,0.8891902332515289
4768444693417834e-24,14043276406594513e-24,0.6640203017621623,0.18647706887725699,2089969846044606e-22,17463844246229904e-24,8255297361610577e-24,1921371545819702e-23,0.07997010483910655,0.06953196412165365,28765826442799815e-23
5463164216414381e-22,3479838602896158e-24,34367615056483016e-26,38472991039938884e-26,34153921111815715e-26,13677356039874203e-22,843227269164556e-22,0.03909947209103307,25244244613196978e-24,49592210546541053e-24,0.9608984501479717
22961279815598783e-26,3085524146948807e-24,0.31540978338048714,40704074233810365e-24,0.6845900726818173,16578030403929374e-25,2929126588960636e-24,33620073790152414e-25,8983262121038693e-23,1970118837126647e-24,16682885905760121e-26
1341443784766441e-25,1600933710516393e-24,13506038917901541e-25,26257663466525754e-23,0.9488188807792844,8900414467116039e-25,14118934671005757e-25,5066774778474235e-24,769004430108997e-24,0.05118081286719714,32553127786588065e-24
47103393629005784e-25,15195923552619003e-24,42403362451968286e-24,0.10961976537796145,0.7206378500651363,13395853630086785e-24,13805930531236177e-24,26772475057185648e-24,0.004620714143559375,0.16512150867628955,45580366778682477e-24
6938388339237764e-25,1820609840276288e-23,0.29126891301565117,0.2845420896549015,0.37638738737953137,16644016023965294e-24,10923970123666277e-24,5214897104495498e-24,0.04780018100304833,13669129961471632e-22,10351087118304518e-24
19063731436071064e-23,1465150864800909e-23,7814547259314232e-24,14627816741442467e-24,8018220268687735e-24,0.11549753798227459,11496580155299466e-24,0.04049266547836941,21169123973094675e-21,10634026515671623e-24,0.8439883695353644
5839597849001678e-23,21595213433264057e-25,16878287821074944e-25,12194118101787302e-26,12494995611196587e-22,7232269507035962e-23,4415870387076464e-24,7860521950051427e-24,11745489974312013e-25,31123610928323436e-25,0.9999985992491718
5853522764695585e-27,4436732117346445e-26,27955042197342326e-24,13216521353075163e-22,0.9999986499205145,3406327113844834e-26,9675984451895685e-26,8532201397951829e-26,23612444778740475e-27,12966312177662347e-26,5741184774501123e-26
2821651481170191e-23,20217599124256905e-24,3438121289201369e-21,25462467959825674e-24,3517417025806987e-23,0.1868306597603851,8582183592506751e-22,0.07753782546056566,0.00999000675793053,7465750931524879e-22,0.7256363560356806
49235958795153236e-22,20516605446459425e-23,2812074759775798e-24,34523187028008376e-25,8811486020764144e-25,6933525221425052e-24,709810653598837e-21,0.1463382304944646,0.011521103325749911,5742513493798819e-21,0.8421290710145676
0.0007610470616932211,3293439915745497e-25,39708334441112387e-26,8277370624186135e-23,3839931271798329e-25,31380467751240516e-25,0.15015333533602426,0.06955544775620477,0.027409731166294634,7132821332909493e-25,0.7521203509443266
0.0002736698534000634,5696133267014583e-25,7675662534788558e-25,5717337201362591e-25,5909576851451166e-25,0.035126483507682285,8633681412206391e-25,198283228659394e-23,0.0010429694942011907,14443802382797896e-25,0.9635568703542653
17488815061946538e-25,12194513587279185e-24,0.46278740385832806,32366796754201725e-24,0.5360673921672628,13428248254324838e-24,6516805631808789e-24,36145936228774855e-24,0.001140681175840919,4385934621269462e-21,3446327484635693e-23
30744095440238573e-26,2037581620806114e-23,0.6092196708451686,18312959186137393e-25,6742652801760989e-23,0.03680779756343931,8098199895337441e-24,0.1252257648568181,0.05950510366770147,15467207484893168e-25,0.16924156350219458
17266222723117138e-25,1576549988591845e-23,16532692633471055e-23,0.08072090128523324,0.9192781633308189,9844543784157313e-23,12753480517948204e-23,20545260936280233e-23,13642259238618655e-24,25874940561474954e-23,48748543509919835e-24
6945236753996062e-24,73042563413324924e-25,13935934648084282e-24,27243970652707892e-24,15534725483113945e-24,0.04894498319767515,0.1276678049298669,0.07823563415517798,0.03694198640689216,72035510964146125e-25,0.7082095131427129
6075670026944636e-25,21884475708422903e-25,0.8721082971869866,28222754165317295e-26,15703771807105607e-23,6413779479912205e-24,15864177035992755e-25,652344842713101e-24,0.06361858906784619,27843633298241214e-25,0.06427294224363597
17698577251554736e-24,19952966429625442e-23,18161336296150952e-22,0.11239616737461158,0.8633697227021486,2659017755138742e-22,1324881229417053e-22,37013437266002737e-23,3904869879795913e-22,0.02422964715613963,12704008722095555e-22
19647581845578585e-26,7437951712303779e-25,0.9145417727033299,0.019231238816341818,15540212535903207e-25,6601972358505874e-25,5723179071750512e-25,7759787186497246e-25,0.06622698192833579,43710750329748477e-26,16097028016156926e-25
3359567930745891e-26,16367162612302074e-26,25791113796305503e-26,0.7534295806060534,14471184733289237e-26,1425925282587471e-25,0.00960271506251259,0.04687671412207077,0.13509299755320178,10564535139709452e-26,0.054997991808005894
29128157759709285e-24,14491439268522876e-22,0.047848449413329816,0.0885008472341729,800558741136021e-23,11066163237815723e-23,0.1463187176833793,12814255476085082e-24,0.05457464670796775,10909473754631614e-23,0.6627556201128507
0.01413012124879042,7347732399753624e-24,7317297668603343e-24,22626101887040142e-24,9832393423333251e-24,6334037374087314e-24,3517792944018953e-24,9401671497606159e-24,50501680008961544e-24,0.5430092772702753,0.4428604846022279
2993900303473444e-25,16222330119435726e-25,0.11794981537050517,6484386107127821e-24,0.8820501712979771,6533369237548363e-25,4101956086512549e-25,1252281372921929e-24,19758811748114098e-26,22766551718531717e-26,2184447134243256e-24
7707897804286585e-25,0.06221732642462904,15658201126473462e-25,7969084702902294e-25,14312454499657624e-24,58227465518526176e-24,8812565219645356e-24,22390891248682014e-23,18782121431280356e-24,31626339948553426e-25,0.9377823432357012
3996604050468005e-25,53477416891117435e-25,13888804705342576e-24,33025334949947596e-24,0.99999991779936,4024551615901052e-24,24358535025540764e-25,9546020778364983e-24,568025622708695e-23,4880090918061461e-24,2971470062746313e-24
19827842097255166e-25,0.24891762389938035,13393730762781836e-24,39500585908888945e-25,6407339305096309e-24,8460355851877948e-24,62525860248091154e-25,0.3881953411187619,0.0016444969730310434,8139520168396362e-24,0.3612424894233101
6441456926351744e-24,7510123072511223e-24,14211863948338248e-24,0.4296481766149985,13712045790679357e-24,30533178766994088e-25,5810044797880497e-24,0.13229579930909935,0.07569580684924451,30424744254965527e-25,0.36236016344533767
11121191514847439e-26,5550387637617434e-23,4661346310960753e-24,0.040007640266519325,0.95999202218555,270717468126334e-23,7800685361195284e-24,27197500277483298e-25,18951906897849074e-24,24110033866938586e-23,39915218648204636e-25
14415905705726187e-25,9467269075754429e-24,0.39963083416214995,0.20935710632375193,1559156066498057e-23,4150434839470935e-23,4794245602224717e-23,16842473820544837e-23,0.10472378547126866,35518334747843624e-24,0.28628795527156353
8678286658345802e-26,6866442817504356e-21,10880179240957543e-24,0.04353071618251225,0.9564623012093822,10040005200762446e-25,2846526658213845e-23,32923234371985886e-24,59224312306576265e-25,16906929304053317e-24,1997694101956468e-23
9607688756606855e-26,5105875661536586e-24,0.6783901866038007,0.1382002863875871,0.06789347123726804,1991862894688525e-23,9266567044667558e-24,815758571964572e-23,0.11551600226655825,4882381228741495e-24,60765292288179246e-25
8353499855036527e-25,62823487902882726e-25,6262732487676683e-23,30698183451532187e-22,0.9614035579075858,1002552480914255e-23,0.038592741976963024,8010087725324759e-23,2554130443982389e-23,8043409013018886e-23,3644501772981544e-22
7293669315531078e-24,2543424787289754e-21,0.19476361774758721,0.5995137992959229,0.06183801076430641,1862426750654078e-22,3084283477418911e-23,8614720987600566e-23,0.14388161259130253,4710546685162182e-23,58544238370150554e-24
3023113428017765e-24,16164383684927039e-25,11370245459783596e-25,11983919055103722e-25,11388367181232894e-25,0.08549372967851512,0.006436476672938298,15155284131477649e-25,3154927813149165e-20,19564344783693815e-25,0.9080382327846539
4817893534955433e-25,478183225147566e-23,0.8700251168971203,2592772986711778e-23,9002777797059703e-22,20323264487688213e-24,33917738796080265e-25,38424178859350855e-25,0.09840403358872805,11978095689589034e-24,0.03156987850818501
17246330717676352e-25,21564957125174765e-25,15307989002427868e-25,0.2063605718777111,4820586301172591e-24,1915054738126261e-22,0.031191374911457643,35705978630778357e-25,0.07669400472940871,12231281812101506e-25,0.6857538419497083
2831361134227602e-25,0.4690821151957361,8460639806412044e-22,0.4089377415641378,19191649633694955e-22,2485376027162288e-24,3065236034444625e-24,13255176630515458e-23,0.12197723072577044,5525637689593305e-24,33691930096478977e-25
5586393760462505e-23,53985708028101023e-24,54734188193182605e-24,0.4210574974103965,5029505341207594e-23,11309049232988e-20,12757222384765635e-23,0.40408402866502013,0.0863363639799823,7434084745004165e-23,0.08852158006213652
550396194626713e-24,3056198136857497e-24,0.6286415216115178,9496319892289031e-24,0.002770836556546419,37794575390899136e-24,4341478246280771e-24,902707281925936e-23,0.061901525339505825,2098493696017281e-24,0.3066860501277676
9581812685113075e-25,20499755628630096e-22,23384760839253952e-24,39457226224967404e-25,0.43736823249655715,1235601428588766e-22,14933090517060658e-21,0.15711886897870436,11697052866619769e-24,6665721637105501e-24,0.4054957452479366
8943629250306324e-23,0.00037817451806594914,10896114225254715e-23,0.8331144849669229,1553927167263701e-21,20308363831964086e-23,1452324596223349e-22,2414155920189994e-22,0.16650471389649354,16567751247003887e-23,11888412480953383e-23
0.0015231833296427883,23016275517933268e-26,2455834971657473e-25,1776691496323145e-25,23631687250862557e-26,367940581656044e-21,1450352134973312e-23,8647610823397367e-25,54550529321364176e-24,0.055424304624478934,0.9430520732967523
7244809324425032e-25,19656906043541682e-21,6935047011603995e-24,0.8024303778129391,12180281552457545e-22,22999767870604152e-23,55424376093469075e-25,7278193997147838e-24,0.19754847184629537,28619293132878112e-25,2206695676007671e-23
3448305992640538e-25,3514507415001093e-24,0.9269913434026542,993022985387173e-20,35007963328739273e-24,1087479183714199e-24,9667116448407384e-25,20572781557593856e-25,0.07299867903419979,20267365343015183e-25,2329087476816252e-24
3240633163463555e-22,21783046157488011e-23,1424156150456527e-23,6198416163305339e-24,12200258013350681e-24,22805708211305385e-22,884929426705495e-22,0.3416104504897526,31603256779315837e-23,27492111780436065e-24,0.6583862623877854
5815737301103831e-25,50981425774076654e-27,6114000033086693e-26,6526870606327248e-26,4884038033857665e-26,0.05465013984108246,22982330793072415e-26,16298239316321302e-23,0.002893031750886873,54879105597445843e-27,0.9424566643331449
22546066475302948e-23,688388567090739e-21,33580853118138316e-25,13112678776420644e-25,6132098393869688e-24,34223112642825596e-24,3341041636873637e-23,0.4152170944252907,1741369365239605e-24,17893000336075026e-24,0.5847818936561288
10839096493280979e-25,43276414500435816e-24,0.7236037232104385,0.154517077972231,739028116618633e-21,8820861962451177e-23,9182484398672237e-23,1433003647758644e-22,0.12187768953633986,10569583206265738e-23,32918157213502957e-23
4949589122219044e-23,6253256104419997e-23,55791672181623586e-24,0.790976677652058,8953130883517217e-23,3744715818459381e-21,0.04866679493021078,17421688062874853e-23,0.16035212752599828,4414375011385459e-23,1794636277883751e-22
7977392929153333e-24,5716991082237028e-23,75696676736155275e-22,0.5743873825250618,5822464443251764e-23,21604586570292084e-24,1789333671384214e-23,0.3127544850406981,0.11285033409436393,14033790426740874e-24,5176866495825591e-23
20371307460600442e-26,23379315721524044e-25,38299518245164717e-26,0.4665746796354815,8828268947215303e-25,5014801584136244e-23,465291689402318e-23,0.42710846055440865,0.10631673481579283,398446183670218e-22,2654080334510449e-23
16036009658786259e-25,8412847578387122e-24,0.7425952474725449,8351414702274477e-24,20096019811998063e-21,6777499052281978e-24,48547970546663036e-24,0.07689750938542737,0.11354269591870018,0.0669442928879567,8461819101282636e-23
61516604058311654e-25,59502412556154936e-24,0.20809112594917734,2530167347865428e-22,0.7919081495753147,34689649896611796e-24,3747807970989647e-23,31264233558881e-21,24893729647545658e-24,23516988167570296e-23,4233982025004119e-23
259484093358641e-24,14396257774283509e-24,5763548638429913e-23,10683420383137798e-22,0.9999982929666261,44226548620697963e-23,7554952626612403e-23,11520511186043363e-24,14128730760384686e-25,2762961025439788e-23,8020362661317299e-24
1483329830775675e-24,21191892915182387e-24,0.9101778076189787,29228906245073108e-25,902233172824806e-23,6548792240210736e-24,7275701803504949e-24,7214295141321292e-24,0.08982205403260636,7046765336456455e-23,12221732192527752e-24
9989100068927958e-25,0.3234818381120717,1407377513724925e-24,11964581993438242e-25,6637719260468768e-24,17844724735495215e-25,6142271136784128e-24,23557700736050828e-24,25253126097776403e-25,18685692075734176e-25,0.676518115768404
603795780972196e-23,3476001991308897e-22,1851630071519108e-22,0.9300751881535546,39497118072286775e-24,38225139023325316e-24,2566404119473343e-24,5083562758175257e-23,0.06992410436624548,7398678394009018e-24,3015645978672406e-23
10680790098486262e-25,0.37040470733082115,6599725199181731e-24,0.21716501401854013,0.41242957324771584,3826836462256597e-24,4700493650650606e-24,37353503888685636e-25,656636072972588e-21,2107914331070348e-23,7757227366129261e-24
1181546351951616e-23,2918865247567823e-24,4346479760482967e-24,20618812209859517e-25,6039498992553279e-24,0.07311809882175976,0.01657776015573802,11361859430431794e-23,744850237437267e-23,4163537226535899e-24,0.9103039886095945
38468464680792924e-27,1449813973533784e-24,4058723529385611e-25,6692109041771102e-26,13830181803863788e-24,11154727689695292e-25,1661102985289533e-24,0.9839138673169405,0.016085765606655,32573093522028976e-24,31593439069307395e-23
2634585181379109e-24,17179600029436013e-24,584958758973229e-23,2353254860084603e-24,5700045531737912e-24,3141402047679216e-23,0.07953052501161909,5364066058292512e-24,0.055193885779703016,3984929764490634e-23,0.8652754788642093
11312728927030772e-26,0.4235505415725348,27483884343124616e-26,0.4793051833820668,7938305969632174e-25,41558127463718237e-26,26584424178282884e-26,0.027749012399561866,0.06939525969366192,19844443714544098e-26,8905066108133907e-25
5725766418270604e-22,1977496724100188e-23,3160356702194214e-23,39669081769403845e-24,264316999542188e-22,12149948772568358e-24,18478966926000186e-24,0.3238303540214096,22640147425305647e-22,14463595629535642e-24,0.6761666468153525
17130677098013163e-25,0.20486855944595767,5104050830747508e-24,0.5945051593379591,31580880535064716e-25,10171599751966543e-24,16041742353918472e-25,9622202174785489e-23,0.08333351540804793,0.11729264280863787,50263794840607276e-25
2838631982828053e-24,4573982893620381e-23,38938708682952476e-24,13835318263443193e-23,0.7215720786607203,46312693396063365e-24,5310627722724049e-23,28604765010928265e-24,7980543678055472e-23,0.27835801603238663,6947179590233079e-20
20639477777898873e-25,699866533214115e-21,0.6998186091966876,4777189819192762e-24,0.30017876767088664,2090651509910969e-24,17157090402094516e-25,7475156836481728e-23,18300242863533386e-22,56092735228254934e-25,2307904823622246e-24
9254084525803125e-26,10327134094601503e-24,7098272166171111e-25,0.21621839696647294,0.7837779460532672,6360907641329117e-25,9104679737389973e-25,7009426772210315e-25,1394960780563672e-24,3640515565414158e-21,16944152581034841e-25
4008327928080726e-26,2447831431522674e-25,8521230814258425e-25,0.08275908326353032,0.7958420037683552,14474249796668214e-26,16162191840338754e-25,4116758388974899e-25,9063251236333882e-25,0.12139878480846336,12394388906487855e-23
13219808731709624e-24,0.4154088589656988,9759615851070789e-24,39868041636666044e-23,29908811040401787e-25,937450593158655e-23,35767720640979844e-24,0.007832237336881966,19368537914230826e-23,10658714681190535e-23,0.5767581336328444
10774515463038465e-24,28676132421337627e-24,2158546472975477e-23,3363791586095114e-23,0.2021444261127707,2146035590990169e-23,234341197101193e-22,0.7978432367001979,12088539725204955e-21,52386808292321204e-24,5669141049616235e-23
13931940215564395e-26,5912590932050653e-25,40020549657548014e-26,364891341367637e-24,0.8879700070691979,27369136661157975e-26,2739282754663607e-25,41968544967840794e-22,0.015327985161124172,0.09669780850744306,36363445069557544e-26
32768407460907517e-26,16408020333557032e-21,0.049018209366512806,0.4211390790300919,0.5297882623622241,7420684309114859e-23,66429120403460326e-25,37279286403814707e-21,51660777741393526e-24,15686262637836876e-25,6275282512922768e-22
1966630196934884e-24,3261493367319063e-23,895028646845577e-23,15037283163808752e-25,35590718700036454e-25,0.1396601948363901,33441097895653534e-25,0.1457962751775183,0.031035341764046022,53956905528518315e-25,0.6835081308875739
9016639019831748e-24,222669255415612e-22,26947143095328313e-24,6071445915752181e-23,0.45515602702387575,0.04102752294875923,0.0001959976070292894,1222772508619019e-22,27326646673492833e-21,41145313953895325e-24,0.5035928434060287
0.0057219034499004055,12550795087779204e-24,39322208587396676e-24,6828229761731763e-24,29369274083485014e-24,0.022911269941006084,12148241001297565e-23,2594583989285335e-22,14418735262573024e-24,0.11405293319580936,0.8573134099832324
107695185743699e-22,25497804559831906e-24,0.5919219435358326,0.34798770327523965,2641109708058099e-23,24543089005910876e-24,20836244712453653e-24,22673758414313782e-24,0.06009008184411738,6030373324883114e-23,8030974796207505e-23
27820935568880242e-24,3645090286659303e-23,0.6127416434349376,32586036817065844e-24,4655591465203314e-21,9414445122545229e-23,13766344765957147e-24,2970532135595886e-23,0.05517801926404351,7100704314879433e-24,0.33207544013492535
14446799905819594e-27,20874940060668296e-23,11043772548110477e-26,0.18197680279775263,495988439443174e-25,5946425816420117e-25,9881870195239427e-26,0.7439812978010829,0.07404168898014211,4006167549689492e-26,7642339319387797e-25
41428544062789686e-25,1052603786221776e-23,0.9179747495566997,5456141847040201e-24,4702777746707636e-24,11760891475862048e-24,11919351007937643e-24,8608043738798529e-22,0.08202430461839781,12687291003983341e-24,23824082524145253e-24
15987975126950055e-26,1189923661097887e-23,68839086881799196e-25,0.15407916234069466,0.8459205357156822,10801094121878633e-24,951729726507688e-23,9288851759650871e-23,1513232941215481e-22,10907575301819254e-24,7562342876703792e-24
9855078661950658e-24,31077741686807324e-24,7611994024687404e-23,31600649071543344e-24,0.8034933757969109,3414502122034297e-23,26962487836579237e-24,0.1596352828266671,0.0008905307103944499,0.03204844163759183,0.003932159267602651
4480788014692679e-24,0.024414600619519642,25607465703952656e-24,16912140899477946e-24,0.9755829149184172,3062501106341502e-23,1936228239290575e-23,7215325711418897e-23,18762906811308198e-24,22493447084589324e-22,4722652782289048e-23
7369453010472471e-24,0.6019485004206963,5814032855012936e-23,0.20526467751184654,5223069031385155e-21,33968952660496006e-24,16747533863175422e-24,13581980732682596e-23,0.19278127423382027,3196802348722057e-23,40750509229807276e-24
