4775818162138429e-24,5980250150889614e-24,0.27875884910263204,8221679211608212e-24,21044180969298822e-24,14851257804060594e-24,16640497426655603e-24,0.635512516707589,0.08572847331864027,6430780997331965e-24,8292660617906429e-23
8438122198496543e-23,2357673039197143e-25,8875735222702324e-25,8290377783259201e-23,3269697142829463e-25,1047107079248702e-23,12677708243416863e-24,7764984377098418e-23,20586335002106766e-23,7908049959006719e-24,0.999999516694667
3434182368565309e-26,26589134765928547e-27,31596248747406e-24,5910315238066686e-26,3324775524462346e-26,6036440783325496e-26,6049777989148919e-26,0.9452296025635165,0.05477039490822592,3679072232000808e-26,22896143341131837e-25
0.0068766571264493905,9397840919247024e-24,11688839753658832e-24,16015417571794202e-24,11831492926218755e-24,0.24363753192127433,22434217911888692e-24,16456510388184e-21,2257786794541603e-22,0.29095320953366627,0.45853228781561134
6756669625211019e-27,31099596260497934e-23,1967909299905076e-23,2189641222832309e-24,0.9999994177849041,17342445797957073e-24,1034265144778011e-23,5667244615724851e-25,2936677921345174e-26,2205570522130539e-22,5060278848478167e-25
12382108916703594e-27,988668611645031e-22,14643980608577624e-24,13204909678728576e-23,0.9999996473727074,14657031878416818e-25,2061271309455187e-23,1895436976096605e-23,11316719917683894e-26,3543651741325289e-23,3047178152234911e-23
4795078797386231e-25,0.34546966950643565,663157473455202e-23,0.5806313565437722,2783530890210305e-23,11956067826033184e-24,5243990690956705e-24,3043144824159508e-23,0.07389886671792478,16406071154914505e-24,8515559306977826e-24
6936226262153057e-25,11170279462657353e-25,16107185661494085e-25,9435892581746693e-25,3934337675314632e-24,26786258542828015e-25,9855178887978105e-25,0.9461167594649955,0.052391746260994014,11495632093893008e-25,0.0014914811706749536
0.0003245443965088254,56460007200201415e-25,0.9089632749053216,3639081490349067e-24,2790529156052152e-23,26916802296327143e-24,6193909421735239e-24,1310607343558906e-23,0.09071208036625901,5881029297380904e-24,1104373155660939e-23
29841381181257257e-26,11394875975840348e-25,0.21781761257856724,0.6597910403934282,1024756531906766e-24,11368153374993872e-25,684323244714345e-24,14838365117538835e-25,0.12239133952016247,11632287272775251e-25,5769813638872894e-25
48794749485489054e-25,5105547857757513e-24,22474473213663467e-24,0.19354044068639195,20921927410018375e-25,31059933099027734e-22,0.6803681333355364,60644948396612055e-25,0.12608826402011336,33314030293895266e-25,12014987497876118e-24
0.004738197955039018,10641181863035733e-26,0.9637396832558224,30135317584311315e-24,19794832514412796e-26,30901980512605415e-26,6782236683517005e-26,19008878414922652e-26,0.031522087245841796,10768731358169482e-26,4288024146073875e-25
0.0015982944658818501,4442618903992068e-24,0.9349490188008929,16754559372796096e-24,0.0015688027085919184,31541005718064077e-25,5368114361206198e-24,2238916860187586e-23,0.06188382596764162,14520960471861123e-25,4496193419786976e-24
3045122211015307e-24,11933739043415176e-24,7687021504043259e-24,0.7398449121024749,40063658829714046e-24,0.11316481717191737,28819740655395104e-24,12804985652376967e-24,0.14673955194698587,28306084176357397e-23,0.0002503313623428297
0.004259540958502332,603212687860031e-22,3075864533527402e-22,0.456193043582565,0.0410052611379295,4788452919484563e-23,11077304072807172e-24,41783207085718815e-24,0.10617291122153209,0.39236874459562465,2985077479062126e-23
15607553100212028e-24,10630190056513557e-23,6661074034171625e-24,9647707581422318e-24,3110676429332368e-23,4976646221278299e-21,43206075678529855e-25,0.4973083905035829,0.0018898230072088638,55875260739989376e-24,0.5007965803216823
1100253480635053e-25,39917998267989703e-26,8801064279182142e-22,33822232720786675e-25,0.8009044913616352,540619550649302e-24,4836144288958829e-25,14197230551100777e-25,223185932063803e-24,0.19909457862859856,4334369156186603e-23
0.0028618877808318267,2859261477116103e-25,7001228688889091e-26,0.6641678637869814,3201040547213714e-25,10090789125347979e-23,1557548882552673e-25,6719816743468607e-23,0.07327780906339104,0.1692046491098431,0.09048762132116263
32380750350357226e-26,1928163176344919e-24,4679659466834399e-23,0.008661601515101014,0.9913272340355718,969118459368879e-20,1367576540911965e-21,22080847074920433e-24,26962221711405365e-25,4431448243766625e-24,2744522636843476e-23
2337619843923562e-23,0.6974870741415887,37482253740697234e-24,8037829359944441e-23,8699449306426651e-23,2746177083016413e-22,29083459542505644e-24,20063094845496624e-23,0.026931796191415905,21167036856530905e-24,0.2755803759344543
21043161581802116e-26,0.4409518034048211,59024762493803715e-25,0.4770899530974846,17969964153274394e-24,10768086979240843e-24,4963277407450841e-24,6651015069983714e-24,0.081958182997924,1198205560174308e-23,2052527456710216e-24
26453171811639957e-25,0.3064069953101294,4172892063918614e-24,5898152240088001e-24,3878842223041133e-24,0.008887867316464312,30132344258321496e-25,4580228085441767e-24,0.0010222305175368654,2065910647940412e-24,0.6836828806000307
9175420043593044e-20,10398375784254646e-25,11796620627185606e-25,14266687329824129e-25,558462621425045e-21,37756413025136264e-23,32810816989731935e-25,11969276526545738e-24,30110692457216704e-24,9182016314909738e-24,0.9999072515835767
25401767175409836e-25,8057926074043413e-24,6841903667594147e-24,0.8477705027210807,15470378204025687e-24,64012035314291865e-25,45146513044685495e-25,7903455448158883e-24,0.15222942907350556,48575286191317825e-25,11573301080048267e-24
0.0012209453992673518,193698338452992e-23,0.8970145087115607,0.013368747447047982,1145854956354468e-23,11907537282749356e-25,6269153005659279e-25,11048297273891703e-25,0.08839577929357867,11309780511749893e-25,16996954889412727e-25
0.0059361570077106195,62783872358772875e-25,12765718732187024e-21,14228803573148643e-24,23404965964871505e-24,41500639325078364e-24,2265682454496775e-23,20404712887869243e-24,3182175830203395e-23,0.24063786442973478,0.7534130525477305
11546652662356192e-26,0.30071053405442955,16806481677423596e-24,0.5370714286481825,1501941908332252e-24,14714546417973997e-24,29283872503904965e-23,14474136668551053e-25,0.1622087291644483,8978684933709882e-21,20227966152237916e-25
66460787689513165e-25,15607463220154637e-24,0.49306817867426794,10919626964984735e-24,0.5069315522925312,3874187878905039e-23,24969409428470417e-24,12711633755556308e-24,21157848803060173e-24,11380463402686635e-23,2447461175619211e-23
0.00012005458720377322,28122033666216486e-25,0.8491576208524487,6877408739002543e-23,17129206147002224e-24,5435575351075029e-21,19730318371449564e-25,7614516320340653e-23,0.10905516561177264,22935821732675175e-25,0.04166155424704362
16694026780147803e-24,0.06449754325594813,0.7811496420636129,515212190163746e-21,51252686572716604e-24,7450782959219357e-23,23421094247583972e-23,31093768404002164e-24,0.15435092861406136,18993518838976807e-24,9441040934007926e-22
17137322992891577e-25,8685435241686173e-23,19070364882418787e-23,0.4049557645430325,0.5950436437406206,6334320624638846e-23,7976078646597941e-23,51419746285685894e-24,6260849947533251e-23,29097720270419137e-24,2842148563791822e-23
20003777338573902e-26,8235155792437783e-24,11229618060303312e-24,4684302395449011e-23,0.999999777635608,69063710105576485e-25,12356517226781683e-23,8356475007709669e-24,26520498970196523e-25,36798135794517457e-25,12901935164960773e-24
16491361741561686e-25,0.00010116934348248195,0.4085116350392618,6577562235958769e-24,0.5913871337694768,5872428545956759e-24,14880993851483404e-24,5964398096702179e-24,1584565331918513e-23,2371918093253758e-24,8685820553618972e-24
21644818281545928e-22,5034816522882083e-22,0.8758989636771589,5375356782711348e-22,10585203796757811e-22,1558604015249466e-21,13636935829826666e-23,9162820997904702e-22,0.12409388047915523,8052860450786519e-23,20004007022034003e-23
37472071326913156e-22,4683613837522345e-25,0.8811792644070169,8600336901095684e-25,8937052422775716e-25,6316718537829789e-25,36596001140754055e-26,7916187444295588e-25,0.11881698165172672,5702511039053944e-25,2153914351914727e-24
67956010329269635e-28,3959209896857099e-25,4249110975583964e-25,0.19003087079451506,0.6639943791734887,7933620824418909e-25,2354328235489527e-25,0.08710762332375321,3173719637273641e-25,0.05886712356529717,9691382238391877e-25
4977187854610161e-23,5286611751645657e-20,0.6361703591719966,16203867581415166e-24,0.31750470897721056,5382908378454347e-24,10159824543630487e-24,4085173351971616e-23,0.04627193382680983,45387709011461745e-25,4997926212056709e-24
19275575562695832e-24,43910579609643556e-24,0.8546553225950123,35686986944988676e-22,38122394122107155e-23,17122004794066622e-23,3769245233004026e-23,6635266306871622e-23,0.1453401555100854,26501286635974663e-24,20701965388929473e-23
788789834261613e-24,6753824902184067e-23,13136721589246292e-24,2475462262751302e-23,0.9304174306208316,3678980637785323e-23,0.06958149630599152,8150481357890134e-22,52497813814364085e-24,5228860912496911e-23,10230885333549624e-24
10175523648029744e-26,11092821692185893e-24,15298510503566784e-24,0.8400166193721934,3384903553321793e-23,0.018412624328480023,6000703859898911e-25,2066587835054656e-24,0.1415706881960727,8665026056566786e-25,42305486036918775e-25
19930714134954372e-23,0.25526837122244855,0.632308593678446,813524820758162e-22,33157956396415915e-22,510754033392996e-20,5478503433394487e-23,272579143655873e-20,0.11240879418282841,6248518356566043e-23,26938593654824035e-22
16471186076083572e-26,11818134681769753e-23,1921916431073538e-24,0.2088765338893922,0.6903960591610983,0.05138866898033196,2009470169248603e-20,32971952689370096e-25,0.049318511560602664,24799495994332326e-25,5661802002776082e-24
20518171817774746e-25,7023378070156236e-25,0.7269746735964174,5012644592986584e-23,0.1566370773888921,13515658391194441e-25,9061563176146492e-25,3300597877975039e-24,0.11638818712894718,21772880857718725e-25,12692851989147932e-25
0.0012411206024246382,8254709315525023e-23,0.8876426529055329,12486079160221403e-22,8281097563298922e-22,7592348788269159e-22,14999716823875671e-23,8539994701975024e-23,0.11111271053464859,2613478438084781e-22,10071287779902033e-23
6995985272938464e-23,17407241075760094e-21,0.7492970380214716,0.10145157525046336,37272998529899043e-23,6314797109402344e-23,22522481686819458e-23,12376660399929206e-23,0.1492328571811334,9943008054916429e-23,16804696690577535e-23
12403776780124403e-24,7488027793902924e-24,9381287980077648e-25,13241735997106538e-25,3975102204331353e-24,0.17145239357852304,3205330616510398e-23,2446373032650608e-23,17583310385617327e-24,9312623012694067e-24,0.828547496879303
35843756648502336e-26,4319093518960937e-22,13596891208971724e-24,0.6374745381682656,0.36252483104162897,5515770647382908e-24,2883150865850315e-24,706617523301857e-23,15506234223856385e-23,32685264705267514e-25,1785831046405678e-23
6392777972206849e-24,12389387342221024e-24,66342616428562365e-25,9121834191138756e-24,0.8200854642205021,9826203284390728e-23,0.17989504238235002,1828203119024279e-23,19165637776559236e-21,1081475034765144e-23,16586229904482e-20
29998377586464337e-25,6415211127119643e-23,0.8281239636440749,11854725638423494e-24,4072240578761144e-24,4972407319560961e-24,2299036348957142e-21,10693123377545519e-24,0.16530379360280364,0.00656983750902667,746699201225091e-23
3515674505561195e-24,6375317317493003e-24,8296095239430086e-25,13938378084603276e-25,10045489574653008e-25,19182844210365275e-24,9763109532803276e-25,0.10000759367892341,0.008971027037661748,12514930297650197e-25,0.8910213447537781
14817242496093046e-27,1885999594835649e-23,1230926775381583e-23,9178688484123837e-24,0.9999999428912248,5532279998917898e-25,1154828047360029e-23,13716956571093398e-25,1096915647741827e-25,28562143966401096e-25,30637249791460904e-26
6554077845631348e-25,0.09013482136667492,0.06341266922436772,22086777921592986e-24,0.8464524290622536,71423963511034475e-25,4722274980299839e-24,19929525814639692e-24,8297528468030829e-24,48215180986060835e-25,12691196938162192e-24
0.0013046787555644802,1194991191890845e-23,8320705189734891e-24,0.23355261793442472,0.5977141557524281,10061089187864958e-24,1229900414796146e-23,9644760870577236e-23,1390554791522559e-21,0.16742699293443752,24990070755802552e-24
0.014447328432963197,0.23387065566080942,45596971589179345e-25,0.07981925878373688,4311703971073363e-23,2367207845960584e-25,4032281848102908e-26,18249601434847726e-26,0.03225903334378422,0.6396036612392751,14403201644499628e-24
2671127518574793e-24,2382222026484787e-24,4183481984969758e-24,0.8862248004504396,40531729162207105e-24,33580600046971437e-25,14876841782716098e-25,20740021034930993e-25,0.11377513679501836,30695842844051376e-25,2995748821136743e-24
27276198907860947e-21,445234302034313e-23,5693053392964118e-24,8403848997165386e-24,12649210122604727e-24,43331188147598614e-25,25831764387194847e-21,4055226919125779e-24,6257374366861346e-24,36672739809476386e-25,0.9999468425252551
0.004447916114747977,9220115862114547e-24,22750431624158174e-26,56201141075877e-23,0.39405447472673877,5649838436270046e-25,6032003556818993e-25,22456205639823247e-23,3837743487679039e-24,0.2606078397342728,0.34088952984662496
0.003694412722219289,5627159068564573e-24,0.6446125810349084,0.260713175188096,8134506908884035e-24,12494445283875825e-24,16573163943293048e-24,9365559823786517e-20,0.09088346977801766,933632167963695e-23,26535126737350584e-22
5393475134447185e-22,20657747233899474e-25,0.44514406152621105,4760528896879255e-25,0.5548553925415988,6575680374915837e-25,4932787892523887e-25,5025524368523232e-25,7689144383652565e-25,5022780910693721e-25,11182343116967945e-25
949126102714363e-24,5916715911678592e-25,626150579487251e-22,0.3312716458528361,3706845441555368e-23,2550787427070401e-22,8299537450408926e-25,0.4486591288183398,0.05676659273190752,9775637888906207e-25,0.16330227448633963
9907360251302472e-25,14987120675621933e-25,3695776571904513e-24,25986624832981854e-24,6185401085511282e-24,0.6327667934098038,16587588926430815e-25,18308214488898778e-24,8933570729138216e-21,12028730714816565e-25,0.36722421349610646
11876442443921808e-23,27132657900650324e-22,0.8154402459674148,18659956988870322e-23,16269481985029379e-22,2659860281488112e-22,17112526431900033e-22,5112650302845388e-22,0.1845522942739866,788472114812183e-22,2468317302885278e-22
10401009908123248e-24,3964293485549513e-24,20832477892201323e-23,0.00028775903629903437,13513163175436146e-24,2011797333838702e-23,6015532842497128e-24,0.21239134515676017,11619357836947793e-24,43009420923962306e-24,0.7873205788414664
48028990460329825e-24,4517315373564444e-25,6812454712448677e-25,9574184668597658e-25,8121334104030539e-25,0.04365442855763115,12754315110041955e-25,8527907887661936e-23,42239157535151445e-26,4905511540159611e-24,0.956345428628436
8184968032782455e-20,6064228336501367e-23,0.854602751942196,2398953837461894e-25,36184893446790145e-26,10979425435016575e-25,258207605934837e-24,606534420631814e-24,0.14531533438289226,2852764371225897e-25,5028085246608694e-25
2450966723953072e-25,15626221813642106e-25,12898065992299295e-25,6297356014600612e-25,13977025450311069e-25,23486893024412826e-24,8086409090260266e-25,0.45338723517136964,954636413303165e-22,3351424654497929e-24,0.5466126365931031
8560919835997687e-25,1079084441712554e-24,2307044380057671e-24,2255510113410115e-21,19898824954262377e-25,1852099297137276e-23,0.3022836422200504,0.21521110512918676,0.06836404455029932,1675197539053164e-24,0.41413892616226333
3134915150134071e-23,4045514248370117e-21,772705148778939e-21,10131388946690751e-23,0.7796739502348403,1171242589797984e-22,7324838141172879e-22,0.22031971118327753,1606039677861265e-22,1420915223743956e-22,23539578987428896e-23
19366843421489183e-27,0.24489937733320985,29055319272133564e-26,0.6486509126937793,12601543332415413e-24,18120113256627576e-25,3792790110879914e-25,6695648911961586e-25,0.10644969341049446,2550050028841633e-25,6738614937175008e-25
21254915726336728e-27,0.5313624612382039,10666804884915995e-25,8419211513169103e-25,0.37616367026714886,1087484717872735e-25,1380006775510324e-25,10585465589203587e-26,0.0924738654954672,6031343205440863e-25,11119288584743975e-26
9429763761317593e-25,1514026791103447e-23,17422061571596465e-23,31382978998724806e-25,8468175892917006e-24,0.7049918457603549,8739945218038617e-23,9493308726923704e-23,21936623086582995e-24,22090630765381794e-24,0.2950077259695181
5267838673106404e-26,0.16344619950197578,3957127733883637e-24,0.7288236100951527,13576093309173122e-25,19064114264285722e-25,2905631090459771e-23,16333030791587356e-25,0.10773014758108185,16387999465994909e-25,32202542546797454e-25
22089148820762976e-26,3509892547094281e-24,0.22093806659342816,576133582680791e-24,0.779061919237687,4733970181429737e-25,14687017891999451e-25,25811512316388613e-26,6619778256811527e-24,551436574845735e-24,4907038916537914e-25
4840888423450247e-25,20163994480620337e-25,22377677335684884e-25,15364205469392156e-25,285932118925441e-23,14418258618274944e-24,18502617850528206e-25,0.9999999537223953,8837294717772963e-24,21551253597447513e-25,9882848630299386e-24
35036265044097043e-25,35824729537548404e-25,0.7715687157872507,38796161670334305e-25,12095357118334422e-24,9631149424337232e-21,1576305660564555e-23,0.09831035224203585,0.13011125026470283,24081661881827927e-25,9324278100206156e-24
32751016845209184e-25,3372832225158241e-25,9942460583274641e-25,47147699452140536e-25,18294997260382277e-25,0.0017819014825330535,9995782298206481e-24,11933155546085938e-25,12626140803530812e-25,4428116634693688e-24,0.9982180704867376
16454507378847767e-27,34693829568453414e-26,15864545908525482e-25,14028859271659524e-25,0.9999999352031269,40749141696985453e-26,8041170590737315e-25,3930267173896916e-23,1809519341885241e-23,6858813789290055e-25,2152559026764674e-24
18614922012772032e-24,0.012976914759539018,9222035902954403e-24,28538301339400156e-23,13055264853100415e-24,6440644292783162e-24,6350879903988567e-23,0.20408172216213663,8885378153577127e-23,0.011677414072737763,0.7712634639271256
1108404322749888e-23,36048360469481764e-25,33784784742477707e-25,3217819870817025e-24,2993621299005365e-24,0.3749844022904018,6116833297855964e-24,7694872533374029e-24,21591711583838162e-23,583723619981675e-22,0.6250152853296188
3005072539192629e-24,66887610213160815e-25,36866297356586524e-25,21336862516013534e-25,9589642582956867e-25,0.4470961402396186,16130509495411114e-25,5402685254931381e-24,2602438725498625e-20,9858518147963296e-23,0.5528777132991455
60708679679331585e-25,5359106841689998e-24,0.5542762669812403,32732403610728898e-25,6467431521424088e-24,4635193750271662e-24,543070164200684e-23,0.3454041820119277,0.0948643920756325,17347917159232765e-25,0.005455125960031712
0.001296898046806287,12677297483023946e-24,7208425847190787e-25,0.977154336542122,35295832129480024e-26,30975282927129615e-26,619790887710587e-25,29086406955001633e-26,0.02154875071692725,1262380303210535e-25,15384991787578933e-26
62178850577714375e-22,4258914775743649e-23,25585712071482555e-24,0.9079672959238468,29628182208403514e-24,18702930578303534e-23,19662282928221186e-24,3078155995711812e-23,0.09202609153333523,3765165723114327e-23,2173968170428692e-23
16521340227655492e-24,22019443274695775e-24,6307044238482508e-23,20165710931563292e-24,0.753200865813272,21428943249341236e-23,0.24678343832862748,18220400808610516e-22,13122981301664127e-21,3603321967717072e-23,37873714653386384e-23
0.010168468671708517,0.15313811688313897,29313114354044005e-26,9290153604927186e-26,0.21192317406138367,22835657755644955e-25,18457792589913163e-26,45390152858061085e-26,105487873467306e-21,0.6247701286389983,29488159230051846e-25
10941819194892486e-25,12002959782936153e-24,19630899543176302e-23,0.8482624847482444,3161879694570322e-24,0.025142754263806244,6025513784567587e-24,592166927739774e-23,0.1265944136122412,1157991922242751e-22,7061684446781748e-24
18274092478558512e-25,0.40981586102844814,8855221789504455e-22,1218749106745316e-23,12483005754156167e-23,8288598089970066e-24,783158682358069e-23,0.4638332576377011,0.126349068171634,12082681709803046e-24,7605921682610813e-22
6212134905121156e-25,0.10302657528609158,35852024758105476e-25,826079118529794e-23,6430553100055967e-21,0.1109189035592682,15924172929585565e-25,0.6915524080617239,0.09449547849243234,14863654525158027e-25,1885012966060449e-22
5521992593060321e-25,17876314813025708e-25,17230606281664968e-26,8436107384605804e-21,9541653582055477e-25,0.1942030708028852,5207808656663332e-25,0.10380469299267969,8025838040527022e-26,2603267442489088e-25,0.7019837957694773
0.020579558029512737,32069875447994315e-26,1880055040576374e-24,5962211677846436e-24,28979292441771633e-25,2947811210416335e-25,27012522782517986e-26,7045099923422941e-25,1806690080913085e-24,0.9794204262038535,16266464629913902e-25
7621620267222029e-23,3287656903135013e-23,28189031905364634e-24,26929977791519585e-24,1914320808681483e-23,16468466100519785e-23,9851291608665977e-23,0.07929650787345108,4633830104028701e-23,11113433808630199e-23,0.9207028881013435
14173597583608929e-24,17468637453339032e-23,19810231913657862e-22,11722487342459499e-23,0.9999974022190588,3236555507135362e-23,49264040920132416e-24,5781945604786833e-23,9068182370079489e-23,41668477038875275e-24,3887900922326533e-23
0.01736693103765044,1177214584964139e-23,36837749073338804e-25,2362649923275085e-23,0.24997937605627882,4154264679734097e-24,31397442860711486e-25,12911253698561485e-24,7711789640335508e-22,0.7326484118135653,4450625860597424e-21
0.02143643880157174,14083168915316874e-25,6550276540001366e-23,17465841484013484e-24,1445978212742268e-22,1679871862855848e-24,6412588832105831e-25,22433594199397575e-24,0.020082758741141328,0.9584805126223399,3610557891389336e-23
0.01626278928797861,23935976688064638e-24,8773221873972298e-23,0.38130484059788616,1254323594203137e-22,254012622303707e-22,19847504695679787e-24,1588776847184584e-23,0.0044408386069395124,0.5979912111261144,22144093069573734e-24
4020444101433388e-25,14651352623643032e-26,6251897266992361e-26,8947691334230234e-26,4541474682687687e-26,0.6774332490565822,5264638828364207e-26,14433547243666008e-26,5543484225751155e-22,7319703670541175e-26,0.3225661955795903
32678012351784934e-22,3263699459951108e-24,764652495213749e-23,6749234830400984e-24,8694705924238154e-22,42507029949479886e-23,19096291403907394e-24,24210912921411654e-24,4882963721447054e-24,4880782258294233e-24,0.9999953669274633
3989156951126236e-25,19723777516841462e-25,3523475942389561e-24,26203943648495485e-25,0.999999983229827,9796270467811761e-25,19827972404496814e-25,18546870656692884e-25,1388762029680455e-25,2076921052625711e-24,12221068875528031e-25
2178295981419786e-24,3663330076138816e-25,18758873816367633e-24,6253560910937232e-25,19071318336451586e-25,0.999999622257625,6023083829821056e-25,19426312327742547e-23,9283912152038328e-23,5624293433187051e-24,6056312821611535e-23
3247793869609879e-23,2402067082084335e-21,29520487678560406e-24,27131032589616886e-21,11039525864236712e-24,32473967314188465e-24,15416361023049214e-22,0.7635221030524034,0.08693108107297537,10588387192156227e-23,0.1495155297430574
0.004462763571721926,25983825392811453e-27,5256751919550696e-26,0.0595048136768748,53198987060659634e-27,13013687349990006e-26,0.4620857123523501,0.176782392039918,0.06787327486027032,686950801430588e-25,0.22929104316830148
0.0005817814251345589,13535081476933127e-24,2810954729556251e-23,2059725190568188e-23,1959018200098392e-23,0.14995024677535096,18578549094224033e-24,7829562577840514e-23,0.0006875256466326071,23761614977437674e-24,0.8487802436850119
0.015507955706152246,0.03668035886000648,0.1722949121356267,44398901898906606e-24,4739744239952723e-23,0.17705773427366112,8821697189597271e-24,197189956927508e-20,19839700009838097e-24,0.5984567926881635,15397905837400886e-23
8188140286281809e-25,8503530285653468e-25,0.48984590806233835,43235896153839657e-26,2639438783389329e-24,0.41916576972873304,7109212024730387e-25,0.0909879655350214,3490789744000104e-22,2861200973304899e-25,18571582309441473e-25
6150749954227934e-24,21698520366612662e-24,26314532935652768e-24,15666016191403275e-24,0.9999972843123536,2550564890719685e-21,16351780234897863e-24,25720018632200835e-24,12678765712938154e-24,23793643447503186e-24,16748617307248338e-24
19321125275394844e-25,4683281608312861e-23,6194246750042239e-23,16340975492400793e-23,87358497457468e-21,0.14148834507563252,720061734731388e-21,0.7901203458225469,0.06839001495480405,32349350418750186e-24,18040789654492494e-23
15386405142952006e-27,145726758289774e-24,0.9786337973340564,2470839098297718e-25,809941714336189e-22,41486383043716844e-25,24678383484765946e-26,15538914915377889e-26,0.021366079098556562,3705301432951197e-23,5605754883413024e-25
0.019138695111186887,24249742230340273e-26,3029158647537191e-25,0.05582429904209571,0.1696078271088418,6331348037881481e-24,7291150061264302e-26,11490272148298409e-26,46124205736867735e-24,0.7554291105398669,15009234111765257e-24
12712089435907017e-25,3106442865591408e-23,11194870305838079e-23,22274029794805556e-23,0.9997742594786961,0.00022533548987837626,11541810091449685e-24,12632296137723777e-24,3895552416020351e-24,4997744811816203e-24,4943779563456534e-24
30832633019459934e-25,322595708991777e-23,806929090246057e-23,0.8132192129907152,3541583865180379e-24,15684312903749973e-25,6366009124221961e-20,0.06515024710579026,0.12156684812576836,5065702713671717e-24,7130906506062074e-24
8643412744758846e-25,0.49047053107311944,4141826540830272e-23,0.13089199651847577,39730457941182e-22,3948136726567915e-24,0.2026536829008907,230481596210106e-23,0.17598370225832968,23534050986149136e-24,11206879458814097e-24
0.02279543028740497,9536444142071522e-24,2134550634676906e-23,20698720582078589e-23,2033251296296357e-23,11776615403869617e-24,7254887147999309e-24,4451373160029119e-23,869604703045483e-22,0.9772040145865722,14626178706485833e-23
2025446664322987e-24,6320994103765811e-22,7398677009871056e-22,15216803537536285e-23,0.999997061583051,1629109254608921e-22,5693278575299846e-22,20795597200189684e-23,9498099519720762e-23,35548036676422146e-23,21600306483788777e-24
336950033072527e-22,0.280757541364062,7147218218372162e-24,30166352955819996e-25,425368573099159e-20,7959287395724118e-23,13110165959489547e-24,0.4259836653882902,0.04634525792617354,24053157126781904e-24,0.24690912102071458
3556106940207812e-25,3832975173585071e-23,4921407872686244e-22,9508108006354963e-23,0.9999989840460948,3983493715884919e-23,20710976000884804e-23,5001206926303676e-23,16766430266706936e-24,569939921254971e-22,19329596889555026e-24
15365749389965442e-25,0.8564674750358688,6465316002426359e-24,27716985291261657e-25,3023947622510302e-24,8462427481536299e-24,43809218044030985e-25,0.1435324053374844,40771754939349715e-24,6258898069345453e-24,4595511734472186e-23
0.005952986163004307,348296242342578e-22,9915953664571525e-23,0.6819087301992114,5214368927570523e-23,24824167021366388e-24,4645798955646112e-23,0.31213561553207236,19838722173503787e-22,21763357493497854e-23,20918463570717225e-23
13678355615423397e-24,0.3153568098356277,996266028526355e-23,14093144400640976e-22,0.6846416500170495,10509489399646693e-24,902464978799929e-23,6322247343299447e-24,8344163372610714e-24,6393921631558202e-23,905205988559918e-23
32735319930651773e-25,46611544923028685e-25,0.9034878453043556,29630100865439305e-22,8435732833312886e-22,5799303157155744e-23,26662714188677013e-24,7378330965695049e-22,0.09167470784172733,0.0048325094453127975,3004080971263796e-22
9333762012071642e-26,0.6798053469635179,35949548559146753e-26,10202147854822664e-25,0.0499060867967512,12162289211621596e-26,2597108261367178e-25,0.24855250066914325,0.021736061851789407,2140335525177701e-25,16498881333859134e-25
7039152185080547e-24,13509840941907065e-24,0.9197735081507404,13316121804146284e-22,0.0009857964348637428,18975646767648187e-22,12928700374745845e-24,1256186281648876e-23,0.07923739708574264,14237169234346542e-24,8874804379912179e-24
17425537171569198e-25,12405772287648212e-24,6624743935095553e-23,14115852369484147e-23,0.7301890604109661,23230357961481277e-23,0.2698100916912186,17961271065467482e-23,1333980776063807e-22,4750793796895261e-23,33521341196147836e-24
41250783154802375e-25,7399170540356957e-21,0.10837555725903637,0.7886233098908272,33097417946701196e-25,2415109041263247e-24,10814035435430682e-25,22042282616361335e-25,0.10299371691929642,2196257916265643e-24,14281788667916733e-25
601123075454362e-23,3610600250318323e-23,4115617948731763e-23,9693848859313031e-23,40994209995697996e-24,0.19980227703340592,0.1332106322162673,314896774998455e-21,0.09386896174807606,10015128208204149e-23,0.5731174927480829
17968112081639472e-24,4779678578732536e-23,0.962780644932862,8027537901779992e-23,12875666893083208e-22,1852902336279199e-22,26762487687336642e-24,3095863315790266e-23,0.034885801906908556,0.0023317238669462257,1526747608550973e-22
11426207078446576e-24,9670913367352614e-24,6375066741907295e-24,0.8329922312093191,1394057967220102e-23,22672025510351185e-24,2686727533378588e-22,6877131858640728e-24,0.1670071930934354,25902063383284956e-25,2334752311366925e-22
29001861218882455e-26,0.9523901431311199,5976124753365106e-24,5238798000198305e-24,13390087933797484e-25,17969124055237977e-25,378710006944598e-23,2144376517199254e-24,0.04760804010810833,17953333742869355e-22,8546266674073122e-25
10776097593888228e-25,6298947069384878e-25,7653117632372852e-25,22347046484248886e-22,623831270691006e-24,8244088814994911e-25,1073279218487416e-24,0.9999977531938216,4160605616805398e-24,10246315033292474e-25,19230841804173e-22
40697794253129396e-27,8546461883486579e-25,0.3314911521792911,5284809965916595e-23,0.5096244097254846,8228244645507787e-23,24308357418618565e-25,0.1588784441991878,2302637870533514e-23,49689263229981135e-25,5827444266613376e-21
5243655988079123e-24,15508953270653892e-23,6735739666418502e-23,14544852760185238e-24,0.9056938304381055,0.09430392213673712,17408510512545107e-22,11193666470166108e-23,8025697867953208e-23,1495261945095069e-23,57192282771419445e-24
5877340599120845e-22,6730977674895433e-21,5910034384536479e-23,0.9278892021472844,16435477154119646e-23,14048276577940438e-23,7151614256046431e-23,9800114345531173e-23,0.07210277307474408,9746705506654275e-23,7514289748479041e-23
0.0008066333962267851,4224496050119996e-25,7766988495346167e-25,4694234683150552e-25,864931001107935e-24,3454953903755489e-22,13354329437914529e-24,8658129420724086e-24,17551344311862477e-22,5421606618378994e-23,0.9991911872119237
27924243534891817e-26,2538021902054172e-25,2364499496557439e-25,0.854383240036006,3409128309679893e-25,19390997027761327e-26,1870272581272413e-25,21828411727597342e-26,0.14561675781965328,15035766507527274e-26,28458138312085796e-26
47666225031247224e-24,0.6992633947047561,0.22672823130889855,8468054177083285e-23,9318857858469422e-23,21729323939968875e-24,2162129942493674e-23,3475138247138326e-23,0.07400794141937592,9247068623118338e-23,3645966882554818e-23
3259209765067656e-23,34990364676541806e-24,14029037967078614e-24,919168984549834e-23,28257341587335245e-24,7485665222857248e-23,164565053191887e-22,0.9999993638559133,13434395647667534e-23,14763374569584835e-24,2766630417839615e-22
3094571386525613e-24,3055961118773754e-25,3618857931523807e-25,8262006934486366e-25,44175012930028545e-26,0.22409155859770993,5466592823809773e-25,31095072748646177e-25,1730777538476955e-23,2294597897268462e-25,0.7759084151788901
8957864053958749e-22,40332927456596297e-23,7847600972535314e-24,55694694851598215e-25,350055450388159e-22,7533537764265051e-24,11409995606779201e-24,0.9999607958177111,857161699187872e-23,3896071526326914e-24,3782523291698324e-20
14977979979430887e-24,5426033902336802e-23,0.9022191343641492,11242337155208967e-23,6636197229430713e-23,22306541673001338e-24,28842984062429727e-24,31526013746888726e-24,0.09778046328883445,36707921010916393e-24,3493988382222655e-23
0.0070525680176688295,36062857027967368e-25,5612686360674224e-24,0.8240601669085481,5003748535475246e-24,8946264751170957e-24,0.16888646194750978,8216455547185198e-24,7583165586207694e-22,3051134076421412e-24,10373552976569299e-24
779744842762957e-23,3677583813280548e-24,1773498443251039e-23,0.8444071203896077,3945355593364808e-24,22778736517886284e-25,3943989217660083e-24,9787402925534917e-23,0.15559273294108492,33613317215054263e-25,6057140059631534e-24
8107293136101001e-25,311168721887799e-24,259961430246068e-24,0.5003406960084069,3303429792906719e-25,4364268869111028e-25,5027651131870465e-25,0.4996592855236987,1416657330240811e-23,9804116285456241e-25,670676921202407e-24
30258837687339383e-23,3512748871883874e-23,12235700222520083e-22,31322755699656e-21,5519946535788333e-22,26808220541186133e-24,0.2881703786751825,0.621886930157864,0.0899404166533548,5578705259105599e-23,4731467178007922e-23
25001843244541655e-27,29275515714443165e-25,4491643707754671e-24,5369555413618339e-25,0.9999999719939028,9459483935317031e-25,7727974793562814e-25,28807486712826073e-26,5170547604629189e-26,17745603062629823e-24,2204697063218011e-25
7380227271690255e-25,6085142614163355e-22,19275639917467662e-24,2484987541903306e-23,0.5297586126498908,0.4702406688457822,11023629615583296e-24,9890452985992715e-24,16380922089623816e-24,4696478009249869e-24,2313475568506438e-23
22499575297650173e-26,8362753616257852e-24,0.8661206691658763,3314737474088628e-25,9084717603412677e-25,11917665880177205e-24,1143342963800008e-24,15932462379414534e-25,0.13387701742776772,228810469802014e-20,8196840873514326e-25
18332898033849988e-24,0.999992843318168,3875663772235445e-23,7599446782463246e-23,1764423311122963e-22,1325795630131831e-23,34798004708342346e-24,7447837265215382e-22,11573007524909751e-23,4288447432508304e-23,5895701232968946e-21
1951353262543213e-23,2145311118317043e-23,24693807863955856e-24,0.9999997901655298,7329789867853734e-24,11977268472899522e-24,7819725648870047e-24,962240459163752e-23,8372213732431947e-23,10774253289782312e-24,12928438902763846e-24
32982603735717824e-26,0.6551644178511024,41937546097986315e-26,0.344835492043434,8659095033298193e-23,2663732841747366e-25,1637062930139813e-25,20480167975733415e-26,14938951865814427e-25,18886780244630075e-26,44771830697084257e-26
12744680734458222e-23,1753583541520339e-25,3996035550206344e-25,8830370798905567e-26,8599413415759027e-25,0.6826639123711737,4631417931725933e-23,3429072227172157e-22,7151932359763932e-25,9169289646275217e-26,0.31733556863056833
4758725875343852e-22,6096036619746534e-24,20142558887357256e-24,11537419177638179e-24,23319334050851933e-24,845295917791264e-23,11391052947034665e-24,0.9999992916081389,12444043339527433e-23,34971237339672747e-25,23642356943390557e-24
3387506854046418e-24,23748588943716177e-27,24756855373712317e-27,2312639156268433e-26,2960605530504701e-26,0.016844687954797696,0.13305014631903128,3574054295882055e-26,0.06167689121600056,6247245418830692e-24,0.7884282647384322
4764028814248747e-24,0.488461997395009,15786717163601568e-25,0.5115378820320607,10406972168794422e-24,88320697772481e-21,14760003530325785e-25,33238448913666257e-25,5653189037073496e-24,18155750485555695e-25,32248580750904685e-25
649583747494323e-23,878708280423231e-24,4735719487600879e-24,426894858237585e-22,26203018356024358e-25,31235114923890088e-25,16922610002352436e-25,0.999999729798453,11378703887015553e-23,3694392414565677e-25,9380914386513116e-23
0.0014980578739109314,24296076680830557e-24,1830475153816818e-23,0.8573970317941814,991002712181515e-23,688946383113669e-22,9118110440729074e-24,18734226866968596e-24,4964553480354683e-22,0.14110425117648356,13442939404528973e-24
4077814296360396e-24,29330878300638536e-24,12366123419901776e-24,14461724883938112e-24,0.9999991498820925,12477101311703395e-23,30966056927849277e-23,5167147889960577e-24,3539041256316914e-24,340369560734867e-21,6374795440852909e-24
26928166242579954e-25,0.9999982933654491,5667318809666328e-22,6518035427150574e-23,17967971417122268e-24,379795541424464e-23,3691499681259441e-24,873286782028331e-21,141327395315337e-21,24756289479648397e-24,7201550425467213e-24
3780167818115412e-23,1186686490059033e-23,8211941329843304e-24,5307027246644423e-23,0.7244008542539027,6176076982740304e-24,72135474658723814e-25,6840482862879744e-24,13805436147995294e-24,0.27559898045716563,20303572679453703e-24
19163340963035923e-25,36883973404186873e-25,5011247086322809e-24,8893873085450526e-24,0.9999995781162211,388115664913298e-23,3635402875821803e-23,30613879478089877e-25,34540987739307056e-25,35005654694646865e-23,5566176287320049e-24
31465817009707444e-24,0.999999879650174,2574275875996973e-24,27244032786096536e-24,9488070064024892e-25,3197757970162307e-25,13235657963942764e-25,5280926193002203e-24,2795285424023449e-23,3345827698104587e-24,1989388374869534e-23
10401806593963988e-24,21896908069856883e-25,17819491751853486e-25,1993545680136568e-24,37218518912487295e-25,19277157482441176e-25,25277337819425867e-25,0.999999967783258,24847153204182807e-25,22002022559761605e-25,2987497580856948e-24
0.03584964493408136,35934231384518574e-24,14215576052612548e-24,10979430206246415e-24,4912716304778601e-22,8669949942535526e-24,6674436871158541e-24,0.14109334712144808,2615457361410088e-22,0.8230561553273017,23326186085493914e-24
6988935636020192e-25,6226225932171834e-22,1563263908904941e-22,0.9999990816244898,21696860610572034e-24,8622739592169517e-23,4261250700326994e-24,9597137349858883e-24,8544970826687082e-24,21176836292951684e-25,6282336621015471e-24
5305086216030291e-23,5946637537050293e-22,3805091637809545e-22,12533573867288057e-24,3932740578561118e-23,0.47453456877669664,11018578071299242e-24,0.5254638688143428,9136708792672967e-23,4552471889488598e-23,33441394780691706e-23
102592728373733e-20,3658733828449509e-23,25044347769910403e-24,55220150892683526e-24,21372346605758443e-21,0.19006930292730465,48133793565509626e-24,7016572020286026e-22,5909332926087348e-23,3034515629211549e-23,0.80990734271707
0.009047555053218803,6222248344272426e-24,27716505510455656e-21,42543213173225826e-25,3315955884986458e-23,692191029054384e-21,371174260543858e-21,0.00012863625770305476,13415299779177521e-22,0.17885521761809514,0.8119384260340768
0.011336587983063513,5169830811619267e-23,12632964239698338e-22,0.3922369234734938,33977363311186095e-25,0.05069723507447277,19314988273238132e-25,772225035799845e-23,11455334360224083e-23,0.5457278039886001,6880893664506588e-24
6098516535568205e-23,11153558523040178e-25,0.9657530561961457,7057903324431593e-25,1277376636172291e-23,28354131636016886e-24,32798471747819543e-26,701342608849768e-24,0.03424683301470113,25912794247991523e-26,5566005878261176e-24
22650048178700946e-24,18461021031998732e-23,3378858157628689e-23,18367576412883308e-23,3619117072303973e-23,14869142575424268e-23,18948731350542676e-24,0.9999986291268589,6425838591702651e-22,3944859876541147e-23,602847490094221e-22
19671932988409348e-24,3800503180386141e-23,0.08738552428188086,17219542105455282e-24,12145811753825625e-24,2639089144255509e-23,4392345774759761e-23,0.9125697226671243,4449941438872942e-20,6357680980631836e-23,3270308060766035e-23
17893677790057707e-26,26101641058941607e-25,12256373112088191e-25,0.1315626842660782,0.8684371809512915,883065402618205e-24,10709751622279178e-25,12713140957203346e-23,7357766158298206e-25,4563790978509262e-25,4903054010159642e-25
5166163933449685e-23,5065876025569861e-24,11101507071443768e-23,19473039787282516e-25,0.3324653420258408,29355194793393715e-24,3838047311240903e-24,0.6675342619242718,8182768360284981e-23,11017186838383408e-23,1167364079945375e-24
15994436346689603e-24,33320588588022057e-22,13771694786974882e-23,5163635795225786e-23,0.9999949368989179,742308725606251e-21,18106822443156052e-23,2583909509245368e-22,6377374201624648e-23,1689061916821117e-22,11124656984854801e-23
5492573474479859e-22,0.9999958880864905,1714328075656908e-23,5692357540243627e-22,32044261211814365e-23,5423578917173615e-24,12711269906804155e-24,7211182029101745e-23,2202950238893529e-21,31519313365830166e-23,47444461086584544e-24
