16046979710519282e-24,18419569130504339e-25,0.3085455045326224,21905060708526427e-25,72320730408861695e-25,1852202794262091e-22,10888699897415267e-24,0.3159275088552513,0.0699930507681728,1224539910668873e-24,0.3055337111990148
58517752561711985e-24,11008787604894852e-25,14871727789348672e-25,11886332805259968e-23,5208578705319897e-25,6557147463750105e-23,451505183232052e-22,4840496673461796e-23,8748132879199118e-22,5636607037714798e-22,0.9999982219090586
51645259187312466e-25,10430535625454372e-24,12364044190526712e-24,21817464601704444e-24,10117234929460965e-24,4774273127890983e-23,9038677463494744e-23,0.493616782225348,0.034819361670202914,3819198392639077e-23,0.47156361988915824
0.003792666079776168,4120185130562766e-25,4242459458994647e-25,5197725987263521e-25,509151833079168e-24,0.06698463226338876,11020659157320273e-25,8128062640931929e-25,1329532839074682e-23,0.151479871732485,0.777742812848965
40949376564246676e-28,13434246963561303e-23,15714031876584535e-24,40128103737862924e-26,0.9815574167049849,15743328794637987e-25,6582586853551773e-25,7312973962895595e-26,2950464450082986e-26,0.0184424303712835,12698303960843483e-26
11576947552395248e-27,4998258249195226e-25,518033363004247e-24,22363409271628777e-24,0.9667878978722413,1989518417840544e-25,5478445989063211e-25,9614833724222381e-25,7354052233824601e-26,29624533196779626e-26,0.03321207665947827
26541213467617566e-26,0.2919536553402782,1370591445325446e-24,0.5923155958907982,3854576378773283e-24,18669729815290775e-25,1102475650748548e-24,3753564520437082e-24,0.11573073335282995,14318596596685088e-25,17706395751210085e-25
13375434265900866e-26,18152934523684515e-26,22037092351539363e-26,9667071918968037e-26,8691250703547513e-25,12121857145234643e-25,1332240268004373e-25,0.4542666886085294,0.01648010110163413,135491446664986e-24,0.5292532073074651
22445013557976745e-27,40037988222343595e-26,0.5133450750405436,25074226653744955e-26,0.4684825693246373,8564985569645535e-25,3681987199040062e-25,3949857881239198e-25,0.018172352133450514,6258424945687515e-25,5825277579857937e-25
23106572604968248e-24,12346039785177208e-23,0.4512723983978572,0.4227688640748059,35543243468222547e-23,8212651085253808e-23,46988942756335676e-24,10040680599847644e-23,0.12595745622995289,7504187734750574e-23,4747341191320572e-22
3202030830854468e-26,21344194515039022e-23,13663372196620998e-24,0.4695948767546271,13463063484861356e-26,0.09659102146428025,0.30917174668952047,30322057878610647e-26,0.12464202535252195,21394186142125656e-26,10195090375973638e-23
0.0025033981094375974,3314381951817545e-25,0.9277333454502436,12034148082700575e-23,27935423783466133e-26,2850739241823284e-25,1610151699556773e-25,2432485984028738e-25,0.06976313416116839,17610403500259872e-26,4614644863346164e-25
23239760084633307e-22,19856456992610093e-24,0.8105900319000995,0.09196304004282953,8708450189964692e-21,17927054413977622e-24,20205561230603143e-24,35566216394330153e-23,0.09743544938088484,5514734740375969e-24,27079341971248364e-24
6323220802357307e-25,10295287733061259e-25,19451590593872563e-26,0.40832922360643314,1039510554827264e-24,0.038680595512441275,24012305571803314e-24,6766531219454659e-25,0.07994866266913428,3160384005015547e-21,0.4730383302431544
3979083736519601e-26,7418322790825003e-25,876602890427637e-24,0.44985399874780957,0.4490941816667199,3068992825384886e-25,2886694827994631e-25,3843700922525594e-25,0.04035873596875954,0.060693080670286254,3082748802282411e-25
7103390155828607e-23,16385291407519695e-24,5356870981545609e-24,10469722849376275e-24,2366385646045267e-23,24935938760432905e-23,485534312661062e-23,0.2100094606214377,43833328704852466e-23,63972602806514146e-25,0.7899897135236464
5647240318826346e-25,24099357257854307e-25,0.31160146231564306,5734140955315279e-24,0.6883984977513767,4802655370303362e-24,31106383123907447e-25,7825496405729316e-24,11770292397562067e-25,8678628563625036e-24,5626366972141968e-24
0.002478275456051202,29558419186543797e-25,15705540258375106e-25,0.31896413419925135,26910363181465997e-25,7496761310037919e-24,2402967666075149e-24,5571668524359695e-22,0.040624162139831374,0.14226777019665138,0.49566508372420887
18448000403916984e-26,13587919419209185e-25,35851259267844796e-24,0.0008235092201511068,0.5824081391263757,8110146570972348e-23,0.0031053165727361713,19416016645310366e-23,18611991036598754e-25,1072940941865124e-23,0.41366270983394715
17099067028410138e-24,0.3533795421630406,1918224275631479e-24,17792992128200505e-25,3856950145716332e-24,4571731566944748e-24,12323620312429264e-25,3388912850397921e-24,0.012519845766253498,1227225452171516e-24,0.6341005769993374
5000219881261508e-24,0.3210637115013739,6535231543166765e-23,0.5633743794233662,4055929428060977e-21,6887976756795282e-23,3221739605704755e-23,35074304443917955e-24,0.11555757139162856,3653070021848068e-23,3869937680068035e-23
31433703989368572e-25,0.15342537508383552,2120510409007513e-24,418512293063498e-23,28247646394624195e-25,19054100424129527e-21,16695763091407891e-25,27315957944001174e-25,0.0006322054499137669,11707359512951766e-25,0.8459233475201016
6771000366454575e-20,7133131730010595e-24,7077565712170839e-24,26594584014268833e-24,886714418226649e-21,19314548974974568e-22,7855303750205271e-23,12966742783430152e-23,45500564006441263e-23,4587095115844517e-23,0.9999287219246819
7436535303735496e-25,3249950133198323e-23,6208071271284342e-24,0.8362766410808468,56578034459308866e-24,13253079891197678e-22,48834706281554777e-24,7373355682982054e-24,0.16372184371801285,9368234708043162e-24,28286987695388982e-24
1838918748316539e-25,25552811767659442e-24,0.4782559791423476,0.17543534840303782,0.2956663746644604,14524106147375917e-24,22860876619018754e-25,1066296568824696e-23,0.050642227569780734,45640945219505535e-25,13422159999162573e-24
0.002578516074598213,12089013256861276e-24,0.06414131033908149,27918031634604978e-24,4058041818716166e-23,577979149261811e-21,4715084573214492e-23,495114133801934e-22,6607630271613784e-20,0.08516298961979121,0.848050352434942
5824193896752105e-25,0.27186245911061535,28738303335562555e-21,0.577079001435434,6786012462339211e-23,18438274867897312e-24,5905942300627723e-23,4017522498157139e-23,0.15102797576308194,5479539387781354e-22,11152998550765787e-22
3006119490931272e-25,37230221931502333e-25,0.47968277126303327,9486982283403538e-24,0.5203166945595039,3989149508897699e-23,6217899051712487e-24,5672196601278986e-24,20315141409880656e-23,11104406719065627e-24,25462981128862637e-23
14791868725470314e-26,1186336782741667e-24,0.412637629012913,2681071775306239e-22,4591519686564641e-23,0.023705259750141296,7241603124871518e-25,4828053601919815e-23,0.06106668212697366,26520791950750576e-26,0.5025900652258801
2901585075446851e-24,0.05381001135993944,0.40916181005210406,3931681001644732e-20,18183295007027154e-24,6625081092263125e-22,5126888138039666e-22,5784075535168917e-24,0.08324621932076409,10650368863213412e-25,0.45374143932612326
5575443502780084e-24,33449187507298057e-23,42789863883993745e-23,0.3579514874744225,0.6420460718859691,15625071926347569e-23,3295939000143213e-22,13370211892762765e-23,36931951564687373e-23,6238086963269963e-22,5999969822461347e-23
18262777674122877e-28,6069937128882611e-25,1501138011101537e-24,0.043612982124677006,0.9563869427357354,3838762512111245e-25,6467434356013631e-23,9990498150036804e-25,23614388128810332e-27,51013877417020856e-25,18459440585370019e-25
15228811722972994e-25,7269871338236428e-23,0.6157319705873814,23102405054491725e-25,0.3362446088254913,283930023760634e-23,28549478362170258e-25,2013142338379728e-24,0.04802333415197621,613472714806444e-24,15830376668972001e-25
0.0002460066017564467,989281873728855e-24,0.8817059886970762,11187464476635334e-25,4680756840740977e-24,10356114301431584e-25,37797261138547907e-26,8196875403539811e-25,0.11804799377433,29992591472326954e-26,1604869641417547e-24
0.00030792504070854945,49166737459068304e-25,0.8805496016997089,27250769445300374e-22,9638851153965721e-24,6832793770479826e-24,4200581909987713e-24,8193354140918595e-24,0.11913968823901218,40322808043183025e-25,22121460590594508e-24
3298696507934971e-26,3219680007781747e-24,14338739155939652e-25,0.2758969532620597,0.7241026959236765,3985167569355181e-24,20841216730381354e-25,3374833367035941e-22,4956636912479993e-25,18057245590748732e-25,2727068015696821e-25
8555353704513668e-25,6392838614030028e-22,0.6183968602749983,2567937393776294e-22,0.3236420667954723,5567076513080888e-24,10548781431423497e-24,10033038236126888e-23,0.05796005276413285,2758800180205248e-24,42288647991971725e-25
3968384727795422e-20,1905468539730737e-24,0.8677655004587113,33327558485163865e-22,5895492593659742e-24,26219924418521753e-25,13187140170711896e-25,20491431119804654e-25,0.13219146238817886,1197272391801166e-24,5562178657391711e-24
7960365118658225e-26,9688214998300653e-24,5081686604956878e-24,4731016835456714e-23,0.9245296630544532,1693337464269868e-24,0.04166729410737191,0.033802923469460136,5267806958240832e-24,20117976490312235e-25,4823752244689138e-23
3929619675487021e-24,37851699883355103e-24,3776777590849406e-23,0.6520764378649669,0.2554548691148267,29885740592471574e-21,26976452628085983e-24,4037651022744337e-23,0.09243850778983542,2698601877899398e-23,1256018141674865e-22
0.001754927931276833,14147278229015663e-25,0.8732630076086264,9702974317144093e-25,10531655679319891e-24,4905820616618055e-24,504318773874597e-24,17595920333684257e-25,0.12498197754882787,5700776745956599e-25,6625183941905515e-23
35553078812537605e-26,32208467875566346e-23,8845186738554236e-24,0.2084343024326861,0.7644801207654571,0.002680108369148956,2787236567264004e-23,2355626928003357e-23,0.02440504025440646,8035459549937894e-24,3741928190653673e-23
2681290832300031e-22,593678210666658e-24,0.7376013805427917,9366313919820048e-23,0.14918579622524727,6134548723039761e-25,46273233385351265e-26,820869117933978e-24,0.11321236065153949,4424764226629997e-25,9785517972128888e-23
0.0010851116415950665,7846732857005031e-24,0.8770632156756853,3703107346056208e-23,7791861776107415e-22,13050450351554267e-24,7001421582924338e-24,7461237377071502e-24,0.1218508016424458,64029130206314295e-25,130446853976165e-22
1019503669435644e-24,19900657764439784e-25,0.42918579799592477,0.1916716237540053,0.294954615019864,76978629760327e-23,13265457001820376e-25,9759183433711313e-25,0.08418794940379731,12975953291007312e-25,6699466315626336e-24
34667405087933126e-24,9332468756515298e-24,3287990009042354e-25,39932578606547795e-26,19352677717248224e-25,0.07470110322905055,40121758803232736e-23,8371111393396804e-22,38639711751672635e-23,15793362686686784e-22,0.9252956460455697
53347516874841946e-25,38805675072553715e-24,2559650245638885e-23,0.5003121552109783,0.49888208260002836,13449064879169395e-24,10296225390486276e-24,11782368523657087e-24,0.0008056364082782443,9494731981980718e-24,11022921190502015e-24
2072421715976369e-24,371745462268236e-22,22816327717189208e-24,1051225954702608e-22,0.9296529183249169,27941069055937193e-24,0.07034616216028547,4110554876133918e-23,4203454874392886e-23,3668175280689532e-23,6045659914777216e-22
42152683042698066e-25,54197229141945095e-25,0.8395764281209969,5483934561584948e-23,16823530541873825e-25,19046959280536818e-25,9714343755422235e-23,3698294098322968e-24,0.16042339335340738,21171866208758697e-25,7509016656614034e-24
23538906851950013e-25,30423152214527905e-24,17546114437532346e-25,34533257352096914e-25,249422231866589e-23,10402759001842816e-24,25235533166333827e-25,0.0023708479328989284,0.013999441960535503,27360527647798183e-25,0.9836296539649984
13943100678908607e-25,9578289723307867e-22,9665862444661771e-22,7194300273163931e-22,0.9999959493507327,16402635933692773e-23,5682942799292742e-22,23665596889628975e-23,10292391203952491e-23,10618365519248446e-23,22732881150471299e-23
13544402369785697e-26,64189022491063824e-25,0.4294298640988083,51505710640366244e-24,0.5298898965044276,9154256159342021e-25,4885288677541561e-25,1892275153803137e-24,0.0396588905828634,39059788181748077e-26,0.001021287069776629
27969733125143443e-25,18270883477177537e-25,13716276379451845e-25,0.17656184587676638,0.7320221036666141,19638944183203926e-25,1731254391709009e-24,4932893905946144e-24,3737271158602023e-21,0.09141229671815553,18433470480540189e-25
581591147390505e-23,0.5146984047415505,29041488586944724e-23,0.28131672763363236,0.02208040001533459,3983962614586994e-23,4072459483087281e-23,27059687412999013e-24,0.10382369174750596,0.07807995511699668,4168897010225188e-22
59775856771690914e-25,16271767238116503e-24,21470637891237242e-24,0.7402548540347721,0.16212341367169925,177504156345923e-22,8630029663440916e-24,11340223485710274e-24,0.0976216159111482,15954142850913838e-24,18987577628986853e-24
0.00021887733417664493,12173396878588015e-24,11583867790909444e-24,10069921245651163e-24,29961932821851616e-24,14682471339922885e-24,0.017859267540360844,1092573149398107e-23,1204047954489457e-21,2992953130901752e-23,0.9819205317506552
4920456017823724e-25,3180664374138837e-23,26673457829181152e-24,6060379147065719e-22,0.9697522415081725,7600634521756955e-24,17548118697536394e-24,659488287164308e-22,5920003278151697e-24,0.030108641100265107,0.0001383553644683142
0.0009452279767526823,15397247254606416e-25,0.21201829906270692,0.27781297973299635,17766064434424771e-25,4438275831730815e-24,6834128630071183e-24,0.00010824789374223388,0.06221748999264443,508667281965843e-23,0.44689773566584695
27742646907255903e-26,5513803239228765e-23,0.22187859340013014,9624655200434307e-24,0.7781211282251717,13725896850412073e-24,6772234548406351e-24,9157806379206796e-23,543200551632572e-22,3874733984676447e-24,4373688946346973e-23
5872973567750665e-23,3159826720682131e-23,1223575551152485e-21,0.08942731538370839,13802585653961417e-23,5636841562134268e-22,38167191080179297e-24,0.2379117302886797,0.022236671522323663,3667705304780409e-23,0.6504221923476458
16835397294726612e-25,43004948212488383e-26,9484157748448154e-25,10575822963709742e-24,22681405712472873e-25,0.3307905670017758,4929237144904643e-25,7459041446127533e-21,1796240051315205e-21,3434974709715687e-25,0.6692001609742988
20976541865775476e-25,33082858105103256e-24,0.8333476668888191,4342832355957518e-23,4114619215935412e-21,31920363622031275e-24,23446766336099798e-24,50262341868411897e-24,0.16664801373266583,815237150768921e-23,3047256901738184e-23
13009776018997695e-24,32823815500935517e-25,4453249658616066e-22,24445599097540783e-22,33370856684574273e-25,13465232318334675e-23,10641941842637212e-24,0.13053768064762386,5312792217612455e-25,10683311704697744e-23,0.8694591571796009
581819063712535e-19,14179871872910208e-25,1952390972351576e-24,2455688279894479e-24,2244584093764361e-24,0.001661393317050727,27245047496181235e-25,10130017185132081e-24,15871659578714395e-25,26784277867604343e-24,0.9982803754799613
0.0016897513449289712,6244411668829589e-22,0.8702027154933257,8349756306996818e-23,1323238124007736e-22,4082268326478664e-23,4767950065654895e-23,2234823146162051e-22,0.12810505547775683,385184963343941e-22,12869198137603968e-22
13643423885680875e-25,38384735305194786e-26,36747712428488206e-26,11047174527630536e-26,45012590170231734e-26,7475801588408848e-23,19871497101592135e-26,0.31371709627143185,26538756895924177e-24,8347866904732177e-24,0.68628279120894
10927652310414777e-25,9116904976241693e-25,11960979737515154e-25,5076417262095462e-24,9167245129191458e-25,4537845235292906e-24,0.18290094780376262,0.04789750381621257,0.04083703885631409,9853439110714376e-25,0.7283644948068073
2929441870678849e-25,5787202539277549e-23,3791628401433887e-23,3765608711837002e-24,0.8581667814997443,31601806836526806e-25,4472866342362582e-23,0.1418329150159236,130131872593512e-21,10363761023197353e-24,1525386555745983e-23
50883483197529034e-28,0.21260477745210118,3133325534184498e-25,0.6627632769990829,6205685267027163e-22,2068535286784654e-24,3456423252013928e-26,13497723388689662e-26,0.12463132224642345,26655631750911154e-27,15035081463336503e-26
7292905963477753e-25,0.07510642131378503,3397074118572941e-23,46856681282057116e-24,0.909904517314821,31634228199351742e-25,4526621020405182e-24,3637560077554563e-24,0.014988944928283305,1997699280451252e-23,35813856059801597e-25
22263248464672817e-25,4409456475610174e-23,3058864415162032e-22,6653638550938325e-24,18631331097772973e-24,0.27733385599987337,39599384556407197e-23,26456955490933504e-23,16424163668128205e-24,10798740860875551e-23,0.7226649815328501
9697975505327458e-23,0.17625540851806606,166006741683578e-21,0.7081610583012511,15237573018226906e-23,24399428617917154e-23,1260561194905811e-21,7208131996574738e-23,0.1155813202602395,6304789299114507e-23,15787384562591756e-23
4014990474875936e-25,715777205653038e-24,0.43790331464315985,8372727505890911e-25,0.5183222481701001,1929466497064543e-25,3214450979590357e-25,28580658009201385e-26,0.04377443360243868,6206135290319652e-25,20887435713941661e-26
5667683930724762e-24,20549776773047362e-24,1249217097669258e-23,7681746214447574e-24,24121929359643562e-24,17791471724730315e-22,12156669709657026e-24,0.6446344020877535,40828824801620174e-23,15721491658799826e-24,0.35536331208534816
3388822851868494e-24,17588982882116788e-25,0.7668639688719241,17982171768630274e-25,1004928152686831e-23,6522759365745539e-22,30944484267569553e-25,0.10878488772356326,0.12435046182988255,1048957749844312e-24,8158719128288275e-24
29014529445444182e-24,25921352564437945e-24,56873394740007193e-24,12238874417133563e-21,1288447088828992e-22,7415438797949998e-21,8726354751814158e-22,12505352724999876e-23,16812551828867026e-23,26904963064838285e-22,0.9999762502834315
8418670348943585e-26,3741984752171454e-25,8478007693398274e-25,5011105377902321e-25,0.9999998305727273,3840219093003728e-25,6134393204097846e-25,19152491953228743e-24,19744066690460253e-25,4951087615653113e-25,14500012578933202e-23
22593815935987832e-25,0.08467297220153984,8845796925476589e-24,0.15730629363891047,2284953171213386e-23,47219817033929116e-24,9348462096020729e-23,0.028129992162882284,0.030738771471263894,25080742663349408e-24,0.6991517707855128
22820782692062572e-23,17239400973261066e-23,10818885892293399e-23,8549079637955412e-23,8476994950739747e-23,0.20088215091446898,7519200097095015e-22,5276246902514996e-22,2343684330080302e-21,42639435216819096e-22,0.7991092828615339
1948404967867698e-24,8334208963939363e-23,17702703649304982e-24,1520871168504491e-23,29557756428146217e-25,0.2125059211001431,9288583308535292e-24,49114271188157863e-24,38744799700506127e-24,0.005318252089865397,0.7821756085046827
6241485114771503e-20,7398606767766788e-23,0.3520018479542725,24836665923568808e-24,9206044218256165e-23,623132112080228e-22,7068679497388478e-23,0.13012596149641628,0.05470734714041982,1711385118907953e-23,0.4631020875607114
10810724534049573e-25,8467669977479764e-24,33755511387362435e-25,0.9186640398970316,18360998832326e-22,20657707531379417e-25,6360789805699429e-25,15654606736763277e-25,0.08133593885965702,7672868698713458e-25,14483929739268141e-25
6680640804225116e-24,40793894336417956e-24,2883305537790734e-23,0.8759129113394181,929419006233912e-22,13913098078079675e-21,1854504092259445e-23,2713289486677667e-23,0.1240727709397769,23642355924585257e-24,16605337992221512e-23
0.0012691337096374063,7184553688794485e-25,873355942219565e-23,4265415529910319e-25,4947669986167932e-24,34260107402207065e-25,0.13800950079302648,0.0720176285253128,0.0053953536914049605,14099776913125805e-25,0.7833083636184248
0.010676731994489878,0.034378508893941166,1209231299038387e-23,36516578629714455e-25,10781323820054691e-23,45250549140999954e-24,6764054229170512e-24,16974489000241514e-24,38621177124276666e-24,0.48158983901272767,0.4733546889313624
20121608829835003e-24,4993293325546437e-22,8301168336718074e-21,0.8691422451904391,5248221281941849e-23,37919309821403966e-22,8430602451272431e-23,716161656867441e-22,0.1308436534668853,11108414036168729e-22,16954728019794632e-23
66924476807335905e-25,0.16847567289429066,7757544761687746e-22,8122104421922257e-24,9083417240811055e-23,21443385842831302e-24,15116905920410786e-23,0.26972421731946994,0.06289677112885991,2491593764637769e-23,0.49890225972579966
1220929325027867e-24,0.11626440955213252,6087480993126352e-24,8529351041678752e-24,0.05772309838778226,4990738524217941e-22,4792704755169366e-24,0.5020188573439346,0.06818995616740854,4042698211476269e-24,0.255803154801739
7720144099870776e-23,3451691388716242e-22,14687143126879706e-23,0.045314394707515374,10570033314695785e-21,0.09849024439169664,3885890222061443e-22,0.01660113905622737,293920441018543e-21,19638296081160024e-23,0.8395822036768108
0.02205886326946794,29710598659642553e-24,0.01871845345310578,0.050007386324224,156873664294314e-21,2433233186313465e-23,23978224298047207e-24,5206130070007488e-23,2352597553576503e-22,0.9092146343979086,14033971891969965e-23
6489442279013848e-23,2738974376919438e-25,11551942191605174e-26,13442493135205802e-26,10161209923458359e-26,13476666042509846e-24,1665794515262348e-24,0.043519992368418824,15547030391995443e-25,2489909807714636e-24,0.956479922924633
2431224429511014e-24,2391515425038052e-23,28340820181199503e-22,35233192181533365e-24,0.9999970401612469,7860015715431179e-24,10724144002201972e-24,12915575990161559e-24,1375725349685289e-23,8902374794614991e-24,1002118180565629e-23
12955990566278309e-24,15125755684228736e-23,7082179450830902e-23,9801768829036496e-22,0.8550694644720102,36059297735327524e-24,9346972667845276e-23,470927328607919e-21,23881050849864125e-24,0.1449278633949137,8325834495253822e-22
0.01415811572605005,3743894759274666e-24,3201384759103144e-22,9463912720458817e-23,0.24417439598566182,4259599955602018e-24,4313557360329565e-24,9690259125702839e-23,0.01744724298896426,0.7242194653079459,255994184374003e-21
30231380324345235e-23,11573812242456512e-23,0.1818205894497858,0.39725544920769484,0.19043346955350737,5405674078716956e-23,3958217236225511e-23,37853041542479026e-24,0.06747152375187603,0.16301837545220743,4304104661249228e-23
14155890690552381e-24,6477899732428692e-24,1455410548600847e-24,13577240892356979e-25,12465508219443806e-25,0.32120592004765114,9858848161153405e-25,9966004742911779e-24,4500445197349927e-22,2205502330038983e-24,0.6787935920570227
5524173795231915e-25,1665986126689082e-26,5002948027632655e-26,22566855942701768e-27,19961477234188237e-23,6665606263026403e-26,28279234494918797e-27,4879931779484521e-26,2085635738748754e-26,25255058051065997e-27,0.999999799553708
2742669882478368e-25,28130362420448114e-25,6182700014659143e-23,2169024072888911e-23,0.9999998936657275,14244548864190057e-25,5724603752163771e-24,4920353316501673e-24,8145503861262753e-25,5848220093149925e-24,10339742957786306e-25
13920522292319113e-26,10647864042896673e-26,18189394033707628e-25,1576520519160543e-25,23028963916007593e-26,0.4311679340645411,35590422040808683e-26,0.29142710154922236,0.026148485554678885,5905626837327055e-25,0.25125647543195595
12417979581829168e-23,35628411365810656e-22,6837450951606856e-23,15739607279730948e-23,25087149714689875e-24,6398872427151666e-23,0.0005956088398015235,0.3490459618956067,0.03391076689969796,13498362232529249e-23,0.6164435255140539
0.001867535301883759,3297345080850489e-23,5544320785901429e-23,1163498340041815e-21,5531079640073755e-23,2401942145301573e-22,0.1463335712332221,0.3011635491002733,0.028690199023574812,9451606703046148e-23,0.5219435034049642
0.00016519006088225923,3823219456687175e-25,7007854980327795e-25,5035197496131316e-25,5266929002639435e-25,0.13402626936135975,5353546171866211e-25,14255698786453027e-25,0.0012954182141822466,6399671413171014e-25,0.8645131176493319
0.004908340218790085,0.023125031980896823,0.6873887692975637,4444984566025008e-24,12483311549592679e-24,12802464797904772e-24,16683306776469692e-25,32566855858845965e-22,0.03828814180716693,0.24628641788530983,10725582285271808e-24
12962685569729531e-26,3080174759617765e-25,0.7284279859442452,15301716664267155e-26,2022551538224114e-24,0.1445907599722447,2664167169019628e-25,0.08304143639516907,0.043939811451267526,9681678276203776e-26,32608322808272534e-25
480890978579289e-24,4208898011329175e-23,26551787997498277e-23,27094059565266587e-22,0.9999744959288291,2097191770490084e-20,20538319155942152e-23,5779353660267982e-22,3363606980509408e-24,5612565572137842e-22,16672109939338414e-23
10964463575494186e-24,42418975858510687e-24,9651167473047702e-23,16105320724498536e-22,7045316719551431e-23,0.19128976846300183,10399569665669366e-21,0.6549268868204017,0.07985251313108288,4722186643972219e-23,0.07391855391502111
3701991209945569e-25,45809464000583684e-25,0.9432651215065571,8631046132114668e-24,3668107692298729e-22,774691542599826e-22,6140863368839155e-24,4092609140286728e-24,0.05673404733301018,928030343111516e-22,2702618148581464e-22
25640411830891482e-25,18555653312222045e-24,3176889538578591e-23,0.04021295092618048,0.7815252059256557,2359867993641668e-23,8895774799303438e-24,10318781291635642e-24,3489304005279983e-24,0.17826171344675218,3051059678027115e-23
1343102621376168e-23,12202287487033358e-24,0.733563182884837,0.022043442188048025,0.22506658930876455,6220976711000838e-24,36394505258198572e-25,84582544016918e-22,0.01932673531000717,24863291773675764e-25,3870367351434025e-24
950461448399736e-23,18044390327457284e-24,2557035427918195e-23,0.8261854360041704,24169207912908995e-24,14425432196955837e-24,11589421144649211e-21,0.035314854988872164,0.13848793974417575,19584947092577147e-24,6854230380508967e-23
6070408028239283e-25,0.1868312982858043,7475973917839068e-22,0.36867928618489515,2242641786899058e-24,19728110889512184e-24,0.1941355824689756,2152789185689218e-24,0.13969297024163743,9564846642554579e-24,0.11066008092589655
0.02488321004339882,8839014793028762e-24,12811541487001539e-24,23901789357705746e-24,14799136053286091e-24,7271106591116474e-24,5270888102318336e-24,13472286023479973e-24,2115128613158107e-23,0.9751166022006732,8023282142296086e-23
7545362157784393e-24,6500668949855384e-22,49334359825313695e-22,11554438004161943e-23,0.9999935666066901,6660364602358417e-23,38460796849777224e-23,8976327789453292e-23,3839711559596618e-23,9837611614108006e-23,49052865151578765e-24
9302133770291887e-25,0.134271521468246,12607119950146698e-25,75297753981725e-23,4997198367700343e-24,37541923196428414e-25,1544029238140881e-24,0.09298406264892818,0.00438786008227111,16547133058859527e-25,0.7683565409065191
3458833591351712e-25,11053845631220871e-25,6516215653230872e-24,26733007690997915e-25,0.9999999810771254,10635017169301476e-25,1528624546376246e-24,16254124398639732e-25,17023840578105687e-25,11849353003083014e-25,1178835784842151e-24
29899952778698357e-25,0.4069303381076804,18878024121715934e-24,5191464249375962e-24,8028128745290803e-24,13798440516352757e-24,779348634478151e-23,0.5073487565446173,0.0003696833533295195,13069286427553242e-24,0.08535115224513894
0.0024014500564399346,5857467265257894e-24,8504713026427058e-24,0.5870125568709205,10766251590150766e-24,2443091640961481e-24,37022568353573305e-25,0.367751601619297,0.042833209765010934,1873046487552703e-23,113168417871924e-20
6322712552861671e-26,12551152254640721e-22,8521088995021199e-25,1938540769933865e-23,0.9999986998123693,5686244063651377e-25,9736607092033525e-25,4018396755750864e-25,23313328146915976e-26,2195536995909726e-23,6391887416227711e-25
1015537461073334e-24,7002311214461187e-25,0.6180537732458546,0.24181749974671818,5114586967732214e-24,9242187936061201e-23,7122813260524955e-25,11994802296548398e-24,0.14012832166551784,27080048517818786e-26,29311185097768375e-23
2161059644908965e-25,0.2715325684630271,17319056851122014e-25,28249371810060435e-24,0.5522275960216644,6000508974516386e-25,13455185392894029e-25,0.17623970297873048,9362343606096195e-23,10152698137485453e-25,5755689338932451e-24
22535968838522603e-25,3764878622265046e-24,0.9009485937809822,54838107337704404e-21,18843413331953702e-24,3263472020675621e-23,4118635024875374e-24,52858797205651144e-25,0.09899649378785652,45570132124728645e-25,2871073804839599e-24
8131106889053136e-25,401302624810221e-23,13399520300658269e-24,16648448280583437e-24,0.9398370269776283,9604314314415307e-24,0.06016288034301283,1572961658304791e-23,765682832964705e-23,9239002482365439e-24,15575495893711293e-24
510635872725081e-24,29944817474047503e-23,0.15109056395445614,0.7013523956758658,4399392304566715e-24,1054681177285512e-23,2095211521510871e-24,3694837651199008e-24,0.1475567079152035,10482515988654675e-24,1276464453615796e-24
59213221106048204e-24,732516007013503e-22,57146103515162425e-24,8192694797824458e-23,5192336425444595e-23,0.1268615221514665,0.06751303206918059,14577102190227025e-23,0.026274735694682534,8774835864639604e-23,0.779350153104058
3516218205990485e-24,6315152467289716e-24,0.6084869349476322,1613307569399819e-23,0.1886450901702396,4653080559379396e-23,5269555235257969e-24,4938380303755904e-24,0.06227970095108702,0.14058813908397585,5214386374561544e-23
3230574275500319e-25,3588271530964551e-25,24779546127797745e-26,0.6703805299127562,12405859442285165e-25,4188056088375264e-24,12778897617513865e-22,4297654112834707e-25,0.1703083379614046,15965678882765947e-26,0.1593098472867579
8551966550177213e-25,0.7669148193436743,34391321380912595e-22,0.13685794397631307,22571886544059938e-24,21350885222741445e-24,4998615632865187e-23,5250520590125752e-23,0.09622023937811047,33991236324147026e-22,13688476339834267e-24
3934481203158429e-23,621909765701874e-25,4074454038272568e-26,0.27381922479131066,306833193782729e-25,45125724990645777e-26,22800078046859885e-26,0.6889462155036705,0.03723451781385021,2709822485516313e-25,14625329522889018e-25
9674297033470219e-25,9516005190073832e-24,0.5569560279711291,32002277116730004e-24,0.4191592919391612,9072532998728436e-24,6625999192790991e-24,3455212736335187e-23,0.02388450151958256,1150809468119104e-23,7433184109954761e-23
6561551727960316e-23,34536802492797524e-22,6228906072415619e-22,11072579318987125e-23,0.6679797286421054,9466118008519481e-20,0.08087149321578678,0.057865938724658554,8664210104362318e-22,15522587436764307e-23,0.19318290550286296
65883706913251814e-25,6510307067137604e-23,5732997750763528e-24,0.8621102698609382,17147446084168993e-24,99568562884487e-22,7055804865570777e-24,972107559998498e-23,0.13788959252535457,8176458869958662e-24,8132992650763775e-24
0.0003468757189153183,5335873049346907e-25,7170596238514865e-25,759622373336528e-24,8349992717570118e-25,14705024017898289e-23,7602021313312366e-24,17519380762870577e-25,8728372865182345e-24,19472922382928235e-23,0.9996527615740195
1922275291453185e-24,14788857242752838e-24,4616107253993851e-24,0.817792431708356,9929999379546762e-24,7859399960017146e-24,4759214864334871e-24,4491303893958173e-24,0.1822075115343327,27464055507950096e-25,564390624109207e-23
35849559165852686e-26,0.01901073707769209,0.9157031342238235,14848805042762627e-24,4169352044705918e-24,17558480380316045e-25,1010409814681247e-24,14150272327010025e-25,0.0652860986745167,5292531619922542e-24,11732695477408464e-25
47591864030776575e-25,239585012577386e-23,18230354358258976e-25,1315059186799681e-24,2311254316106894e-24,13299180925084846e-25,20461273839770167e-25,0.9999999645547449,29610592133613507e-25,16070539639277187e-25,14904584310667293e-24
2856095407987823e-23,1303663829820038e-24,13831907176934325e-25,3437081852557755e-24,16007246647350923e-25,0.12334084106467395,23277349951156483e-25,8520629579679681e-24,0.002964135896780077,10237729093596067e-25,0.8736949748807404
6495127884551444e-22,29858287458302886e-22,7101588651618735e-24,6503386732237258e-24,11777862548856747e-24,6910007153766628e-24,13329794226708601e-24,0.5793663221098625,48265845047952875e-25,53047460113322274e-25,0.42062998679439373
26427775555078883e-26,1788361139414478e-24,0.7939805771084375,0.06166256968219555,2133839142793644e-24,5478710739206658e-25,5741167091260966e-25,6631878580207123e-25,0.14435684554129538,8202817636142213e-25,8761008050418509e-25
10503479474353818e-24,1938282083798218e-24,2106952713238685e-24,0.8645014818915926,11512942181199134e-25,1832435947179733e-24,0.014203338038329882,15671961605765354e-25,0.12129515860827594,13037667476624378e-25,10438505936081848e-25
13594955577828915e-24,21344332695262003e-23,1647282964268356e-21,0.5956229189983878,3868033978558808e-22,3609473059625032e-23,3955994985768491e-23,0.29548010412642706,0.10889378258702412,7393288885952088e-23,7835756480333326e-22
2237654510099522e-24,1943539691964954e-24,13886540796615021e-25,0.5731381036258975,19082293987078677e-25,28256506972121444e-25,2953595317453643e-24,0.3589956005824311,0.06786627388155429,43024392992700665e-25,4349663546302103e-24
4385390031551515e-25,11191643647508474e-25,0.44994412415288615,9425891147395879e-25,37444856279825734e-25,11015248927815137e-25,0.1826020968746409,0.24228493071389084,0.12516882905981452,8453906816554459e-24,33985612800727264e-25
19316802938083414e-24,29641643078309966e-23,40013155674877e-19,11793148918891243e-23,0.9999567160220564,9595979543144509e-23,918086849355956e-22,658156379485212e-22,5033701399604688e-23,3846903262427119e-20,7604397647664286e-23
4973411038053243e-25,1249552039034969e-22,52922162516472074e-24,13828760899349676e-23,0.8629805675870211,0.13701897330289634,21841224133878622e-24,19379798824500985e-24,8161044771020121e-23,5222026283643627e-24,14394253996184048e-24
15194915806825333e-26,20522841668155904e-25,0.9008344136657679,22422263918282833e-26,6216432414461784e-25,8929486078746009e-25,6055912561778598e-25,6329263225492192e-25,0.09916555802931999,2257501076136762e-23,5491139834343025e-25
15797142386065472e-25,0.7148807356103971,3735990374720035e-24,7154350998532372e-24,8046679403351682e-24,25118283021813343e-25,14473994677997073e-24,122517197666967e-21,17816183721668267e-24,694828439886423e-23,0.285119079605382
21977247682080002e-23,11711186018959725e-24,33364797931180442e-25,0.999999566714596,14361834205559504e-25,2035574916557513e-24,8978744528007108e-25,10958939189971652e-25,19091997533360422e-23,1083719554870728e-24,993198294239954e-24
1105596343959027e-23,0.7666994627755085,2281167579393521e-23,0.22375986913892285,0.009540505217774609,1489361170844066e-23,15069176470653004e-24,14125600372565341e-24,43754626258032656e-24,17039896385299127e-24,24117572529416706e-24
20789941987145954e-23,7748526208217215e-24,14627551584033376e-24,25991779415849745e-25,2551682537727732e-23,0.3427450908092633,8805118391878733e-22,8952414015830738e-22,3208543514587758e-23,84171928985479e-22,0.6572528345433661
84380328944868e-22,48204561452721054e-25,10358713133221115e-25,29993032419847927e-26,1806984404788888e-23,22095062120893466e-25,3771352721642975e-24,0.999999833955229,1072754946327396e-22,9908008358363481e-24,10216113879248816e-24
7288264283842316e-24,64421055557134776e-25,6516375642066311e-24,5705189232731005e-24,7518491775131833e-24,12959653247784868e-24,0.0769313285653795,8231841471300894e-24,0.09034511394763943,23583211736272832e-24,0.8327234792418318
23129213643294657e-24,0.577092039322713,13316590506755357e-23,0.4229037050446409,261486600067407e-20,6932501446381218e-23,44776721320156985e-24,15553635527382827e-23,6773855655446952e-22,4427671426624423e-23,4931711495835702e-22
1884210746032439e-23,8149313160237696e-25,20528713792330424e-25,7817968337910414e-24,11817220279698825e-25,19407238381799095e-25,22265929481354083e-25,0.8343080221419187,20800893597235396e-22,6177470157133427e-25,0.16568986227420468
0.006293558932942822,26354185861274756e-24,1252644548883918e-23,0.7249859866161692,64303249867990905e-25,2098817959399508e-23,45015530628828154e-25,11819500362466239e-24,0.04298477336496675,0.22573558980478206,86610451333415e-22
5780891676526615e-24,56898630476977084e-24,24162863592811065e-24,4241433751656679e-23,0.9953268342002709,449474707453754e-22,20107277216312777e-22,1764521887460099e-23,3476138186154033e-23,0.004670877398477691,5106177674101639e-23
4981767323453917e-24,0.8044344674415125,0.13490673277983073,24138858660315165e-24,28750787923776606e-24,8837685108733657e-24,7529730900054657e-24,0.060658629217380584,6637440454891781e-23,189825986421356e-22,10965447045545067e-24
26871224585042607e-24,25143670047631836e-24,2454031503273757e-23,15229065521087755e-22,0.7863014043175733,10089365743200663e-24,1731531206696927e-23,1824963147057194e-23,37433268127225865e-24,0.2136968193510022,9378207292796444e-23
17819915823609514e-24,4730886300304934e-23,14266618307305253e-23,10763084615730443e-22,0.9200332069766232,4263687900973693e-23,4999182436135274e-22,52349755224783566e-24,11933525244346774e-24,0.07996460304791146,29903366978732397e-23
20825942613674403e-25,0.88242919124454,5053889026631624e-24,0.11756752568453034,18583329358290067e-25,17235646627672619e-25,3840701409214407e-24,18947436594785498e-23,35402296008747667e-23,1064778501834646e-23,27144212443954663e-22
63408941281598995e-25,8440831070493074e-23,3941023899464376e-23,6058561604484999e-23,14833030858315652e-23,6825093590381321e-23,7424005081391362e-23,0.9999991342428027,10028938352215202e-23,15094453570762317e-23,13295973778205471e-23
30504468722106116e-22,67020113574551395e-25,36718977877076017e-25,34138473122642456e-25,0.37271726628599866,30646250644878915e-25,18827799694086147e-25,0.4272282387253289,10218790360738814e-21,0.200041202907206,4109094488106052e-24
7397550695633253e-25,0.12908173386128763,383318777079345e-22,0.8709177384129463,3031603207818715e-23,29335978812771547e-23,11713904645541773e-25,14167593748771491e-23,10159077927344396e-24,8266567002654649e-25,11145223175063102e-24
4809602575948986e-25,2455378348820809e-22,71489019525763675e-25,2372069556218401e-25,5298139435131519e-25,0.33163752148205033,2579877894191233e-25,0.5627303772748542,0.03019196021131808,6860842507179116e-25,0.07543988615318753
2836876065341837e-21,17499123067842826e-24,14325766944065326e-24,28028544897467598e-24,18535049112086656e-23,0.13992269459625215,16236055010529103e-23,11974552538495471e-22,3130469867095053e-21,2144192765430549e-23,0.8600697115961579
0.010210838875534077,224081722656242e-22,39034533663398173e-23,1504172826513402e-23,4368155331561136e-23,0.023204412155577215,17190808539857813e-23,2990723099577669e-22,5055037081371597e-23,0.20629808100578137,0.7602856749555642
5026536715354972e-24,449416303036374e-22,0.5666632918134582,0.37937622744212895,19926587638658608e-24,0.030076911356138474,3018041394311966e-23,21387944841884484e-24,0.023883268583654887,13758569717086122e-23,41755828708774755e-24
10626819607829229e-23,236817141075484e-21,0.8994656439203752,3434008587915238e-22,0.0007271195726078475,25865207146373577e-23,16465450440536034e-23,15288149282623388e-23,0.09980061627233992,7026499220036284e-23,5287294545337399e-21
46676606557787675e-25,14725950636396235e-24,6467940125910835e-24,13812726993225518e-24,4101502482919463e-24,8074427545757473e-24,11580372030686073e-24,0.999962403979633,3751966436129836e-20,5634375376562757e-24,72917496490195665e-25
6875017058779212e-23,38590738414825076e-24,0.6343893642392485,10739793380821347e-24,6136185017976692e-24,10954585608921277e-23,30716372273179635e-25,0.32292027022177106,0.04268999413385551,10993636992084562e-24,1235770611732721e-22
43379853072839597e-26,4722016709262066e-23,8072931592136312e-24,6541869803031592e-22,0.9999968989462532,35508234538551096e-24,3000433150177752e-23,22944633948687168e-22,18118693429568342e-24,12480338170226436e-24,5649211364606971e-25
885830931688713e-24,5350891584854897e-24,600838570843313e-21,6014683740951632e-24,0.43526891708086746,2346027910554738e-23,5146765892491387e-24,0.5647290092102311,6285104375408081e-22,6435286199454451e-22,15997272558675095e-23
5264550542640246e-26,4216243757599312e-22,5486699257894343e-24,12833716463966978e-25,0.9999994098299129,7431925982178539e-23,6817751399218697e-24,3858805989732884e-23,2116999997015683e-24,3335677601437106e-23,6524738992935659e-24
10414973348074596e-26,0.8468937960475222,45944171301512564e-27,8719947812430526e-23,5651451130766399e-24,35192621889402784e-27,34038611533319296e-27,6366156654546208e-26,0.15310611067643434,8931366412597167e-26,8413876298974624e-26
