28522385766658642e-24,26798561957565952e-24,0.13543974421929705,1921348845221752e-23,8056737874842518e-22,20960090530303946e-22,18539488548894461e-22,0.06234110136974573,0.022554811211781992,2265025034634877e-23,0.7796594903827933
57156385321194886e-24,184552378031784e-22,20088521082171866e-24,5515092583689584e-23,1212655706543018e-23,25214992996183413e-23,13671672561141259e-22,662623007127225e-22,3651475251121884e-23,20356817818814277e-23,0.9999979113599554
4837401540073479e-25,20630391281738652e-26,7176689065917946e-26,8584499743057366e-26,6033248604386031e-26,37127721932090415e-24,118208531855309e-22,0.17206669309058062,0.016605989158278853,17777556517208104e-26,0.8113272677167984
0.0011783901093947915,12496058146539092e-24,11154124889425469e-24,1264597066197433e-23,13204514796137585e-24,0.04372725876949201,4399567387296854e-23,4177061345809978e-23,0.0013710916898499374,0.05316692196146265,0.9005562022028442
907481537432581e-24,25522964413113365e-22,0.003960130236656945,0.03915350250933687,0.8640522353517421,4580229818695858e-23,5695973128067086e-23,3096236340280672e-23,10527017138030882e-24,0.0483451790533243,0.044486255599182026
51008400188974e-23,16871359117907593e-24,17407997279988576e-24,86324245632865e-20,0.3104373451480931,1532444089467116e-23,4644620716949565e-21,5200268503338071e-22,3279078812769145e-24,2134790313913017e-23,0.6895565522210517
15180913971772297e-26,0.18934944186891814,1969130842089429e-23,0.5260435390597116,0.18099989162924088,1111338626892162e-22,3974268576543483e-24,14268456160514208e-23,0.10360638470942139,4148856386427945e-24,4609481793678449e-22
3573345681920181e-22,3993644034373082e-24,4923264611613853e-24,3000610571578312e-24,796133471192187e-23,11654610857512143e-24,3834371056577806e-24,0.14764877719759145,0.001795424829479789,227539526606127e-23,0.850555402995114
29667506951539005e-25,4261557905271012e-24,0.21024095399026077,23641326690807313e-25,0.1488960834643502,1551373964906228e-22,7452633325370713e-24,2820489300856929e-23,0.010781065850421847,1628946246755483e-23,0.6300816800181261
4543091836764819e-25,13569769432378335e-25,0.5424787793312722,0.3309595065039519,10989615145969887e-23,4031676672186128e-23,5666307536090403e-25,34505599957167274e-25,0.12656078824460526,19785413585309909e-26,7696809989102092e-22
7424887117706493e-24,5171151870741516e-23,0.41248084687597136,0.21560307549592309,876650219912872e-23,0.014535178369059234,3176622635262103e-23,22981011468742394e-24,0.0801914139370557,8629592717895463e-24,0.2771893540422706
0.001153916238501981,17699434751539053e-26,0.9054620939973237,7585535819693901e-23,26719104693370155e-26,2381118699619017e-25,11016749526253591e-26,18818431666293036e-26,0.09338391219687792,9568998087592515e-26,6349531185618952e-25
14373200541105402e-25,1717123466613092e-23,0.3967485813007731,0.1920601163830198,0.3599031623878356,8309211103545931e-23,5130062205644434e-23,16128646433501473e-22,0.05128553177762653,14926499243537796e-24,10100545932293907e-22
18037704442379743e-24,14878394328589315e-24,20481965519131316e-25,0.18835686877548438,16273577121375935e-24,0.013588838783396423,2000289592111902e-22,21303939147153876e-24,0.034419116488964834,6821182402809878e-23,0.7636348351695684
21973408172540446e-27,20742296014780225e-25,0.12723292416723098,0.37438667560785976,0.4553766621951037,829281981791059e-24,4733918648728169e-25,6020070656479253e-25,0.04298708215445628,7250458820073704e-25,1665114847208696e-20
3186513148727783e-24,15023576643827348e-24,18065721406391603e-25,18110314689194203e-24,22261727708384407e-24,12029799168544264e-22,7060262016858665e-24,0.040052510316079794,1666889862618163e-22,2696624684262861e-24,0.95994604986943
7125553841735286e-26,11228117332191208e-25,0.11277979118224574,25605190382293707e-25,0.3959356190929837,4858918766552745e-24,26169274015705674e-25,12285518094866056e-24,18509731557837743e-25,0.00015474405733611237,0.49112982030048835
0.0012220425885974544,6757213942790423e-24,399778200354129e-23,0.07965370264315492,5171359993230694e-24,16069521824640805e-24,7501876822742355e-24,29920517135107805e-24,0.00980655987588996,0.06221266200345035,0.8471049634706359
20376963904584888e-27,1589322788413766e-25,4152188360236517e-23,329678570436003e-22,0.219407475364153,10223662934234387e-23,7865754371328943e-23,19551269229171048e-24,36465682578578734e-26,6710313148748947e-24,0.7805922424463626
26456568714688686e-24,0.13110534590054948,6029525996783905e-24,3062573063424231e-24,18442026551287253e-24,27874785001257653e-22,5844870711969033e-24,16850644500075496e-24,0.0067162412936715415,24484202632609747e-25,0.8621755461926169
14361346160635765e-26,0.14166920141443978,16238308423773543e-24,0.4206882569274397,0.3790729654290281,4580592072163007e-24,7596046186807338e-25,994857302340735e-24,0.05856955058244711,1546696845202737e-25,2773822609224012e-24
4161922988644193e-24,0.05096199373522255,12642169571238245e-25,11626562468765849e-25,1201118440105948e-24,39302532985325644e-22,1660378564710061e-24,3734099836378319e-24,0.002324818560380752,8713760666651945e-25,0.9467092433953286
22448690343018796e-21,7774577246246006e-25,7392343604878448e-25,14092193973071665e-25,1500451135418706e-23,17337187618346152e-22,31012485810704736e-25,2152154370832991e-24,13883087456284093e-24,2212604912560727e-24,0.9999757783113771
28861734654589866e-26,21456603515653948e-23,1986168364663219e-23,0.5609650251234936,0.24987085524329428,1567348510243539e-20,17731429512082486e-24,4749467757581727e-24,0.08913549557351727,33634994529109375e-25,0.10001269001352679
4687157991523445e-25,24741150632015683e-25,0.4732985240210456,0.2310636027599093,0.1444822089897423,6984678768829945e-24,2203089480017239e-24,4055642645521154e-24,0.08748094015732458,20612257360560835e-25,0.06367470582571776
0.000391507290625331,7026609948955189e-25,0.14682383379399164,11777299067810982e-25,2238586839417226e-24,6819220613424695e-22,22072911863659208e-24,13765437027590472e-24,0.012413398078315202,968445732404234e-23,0.8403705292732258
2460827520995511e-23,1529854345435277e-20,0.43340323184536667,0.22519317495904206,22965091953109225e-23,22214915420818224e-24,30835606870957365e-24,10742394723347083e-24,0.10421208048079579,6596615410261648e-24,0.23717588999868053
13644329403448928e-25,95107449205815e-21,0.18199681597449363,3142923733606741e-23,0.3240415197972002,1217578736528263e-22,9443874517334332e-23,4632906690035205e-23,5978575645174749e-24,2773767308667639e-23,0.4939615042390733
1257739370071059e-23,14475214674127223e-24,5130657615979104e-23,8736592758190037e-23,5030206189242452e-23,0.030504978965199485,2478025486502997e-23,0.0179447481591934,0.00378767199959386,3969904733308009e-23,0.9477623203695354
23864491740114144e-25,0.0030171974891273863,0.21944020751132126,0.013302676762140456,13231459801753867e-24,1393385038018811e-22,13903466858156937e-24,72964086268098195e-25,0.04103072050118546,30511685156937945e-25,0.723209018528836
8382039129965729e-24,3759504773324826e-23,10103587857553971e-23,0.32411050509157413,0.6758888607258322,53812757742846014e-24,3641671794906543e-23,5558566141038187e-23,2565748035696631e-23,665352658842775e-22,2491603894257504e-22
684802071297098e-25,24806938961079507e-25,1845419331681306e-24,0.14114682706019696,0.858852638709353,1739461559279991e-24,5084596639777549e-22,27993238379347326e-25,7374939269139811e-25,52674297773745305e-25,1083582597727888e-23
10656853018260823e-26,954601773250735e-23,0.3931017160306973,2632842447316515e-23,0.29115309640531,27274303800852496e-25,3339754523989864e-24,32113534645965374e-25,0.0303309126930395,5561670326414921e-25,0.2854142290550437
7091446896512394e-24,1193451141708132e-23,0.6874993313124186,0.00013894900818231623,0.07525746043623291,10586240464302993e-24,65676888650972445e-25,15408797446628503e-24,0.09074639513667004,489924207978885e-23,0.1463578076190024
3774400007366151e-24,4171547912396432e-24,0.5368756897151865,0.16168159463925524,9425190710445464e-24,24726448173637694e-25,3944556406903594e-24,5221587472692695e-24,0.10051525325677953,29254249172803782e-25,0.2009274304588092
2072848565934687e-26,11522008061226524e-25,27053326136462105e-25,0.22026122390377204,0.7797387112959193,15723170795677018e-25,134408431397439e-23,24086396066287636e-25,4673944436459999e-25,6165772528594375e-25,5451333119704468e-23
6450638032689059e-24,13861844632932729e-24,0.5527318602748765,6718401905159437e-20,0.3890933707006981,19109359139605556e-24,14244772301834685e-24,7672220290469165e-23,0.058107172723679865,8505485169764985e-24,2733883321215139e-22
2961016947166875e-23,2413764705605029e-24,0.7579964102767462,0.11067813874029074,4239914852020771e-23,60107796938413005e-25,17424853556388489e-25,2890822255454402e-24,0.13126842479323725,13156630762701604e-25,5693980763823493e-20
8300922408314758e-25,3854245323269719e-24,10465575625912352e-24,6323218323806774e-21,0.39834803673393304,12558760110034665e-24,0.022401869963095546,0.02391466067977946,29289674616844643e-22,27686815852495773e-25,0.5553261603640369
18830251563794236e-26,31076462287402052e-25,3777619986568698e-24,0.2742870801357977,0.32434151448785115,2989932010849822e-22,2702596724302199e-24,21592076859558113e-25,0.02953957703472198,2464053921723699e-24,0.3718315149490821
0.0006628121338303458,19663147689445895e-25,0.3247474046337861,11024826949119779e-25,3725040580710808e-24,13832226662636403e-25,5301348934693996e-25,13361748398315546e-25,0.046426903702540434,5892273946527629e-25,0.6281628688972455
10174246050733376e-28,0.004002614828561321,8515520124171087e-26,0.11796196612155596,0.3548270359138701,24800019250719555e-25,7689869471422896e-25,11645101135623096e-26,0.020963747999972734,30952961489326424e-27,0.5022446316534932
4862165263717948e-26,19663153800276154e-25,0.45901925458445136,8682727392499968e-24,0.2078909284289006,12418595517302066e-25,10730829544844818e-25,13742351387800503e-25,0.0645242136799388,25584977109774447e-26,0.268565591900055
24142534245345036e-27,5947885994790104e-26,0.5961912134998919,0.014562576228888575,0.30959741031974325,9507808615025885e-26,6085858544403421e-26,6934961453268102e-26,0.07964879929554236,45686220099842136e-27,30292904347144477e-26
4017850294690527e-27,9420876855674016e-26,0.2674875344520222,0.16923103173300286,0.5155840819008882,6490578722285111e-26,4776874240358162e-26,7358501884407392e-26,0.04769735073154609,4238688578034893e-26,8557106085046822e-25
5793500296423074e-22,12880106617453304e-24,2584390484103917e-24,3219424083922443e-24,6012543306149523e-24,0.022740056657365542,7631214767734652e-21,16691240993022731e-22,16813750091329316e-24,0.0024216229086525026,0.9748283992348706
1064846914415312e-25,14874423933597852e-25,14128633884842135e-25,0.3355534808812313,0.6602153920759523,6856721815210168e-25,5222507336147442e-25,6459320226201334e-25,0.004231120846704735,5395703264267849e-25,7942579399395406e-25
19356114178634717e-25,16206922061830806e-23,5814214949589441e-23,1425956836949768e-23,0.9456623754339388,6939278298329344e-23,0.0229086900702688,766780731442582e-22,3075319306045774e-24,21876610736679608e-24,0.031428527066587233
3395140743074551e-23,26652768269848335e-25,0.7194117987466501,0.0003884201436630362,4385232793913285e-24,29714528983257875e-25,20044445329136427e-25,24579031482353253e-25,0.12528346167044274,10558997006043546e-25,0.1549162699484291
7844092726914163e-24,6771467743825145e-23,15276219855474383e-25,565811020255108e-23,28378980642402915e-25,0.00016098519197633217,4490255302446912e-24,21418750971311778e-23,0.0033406701754846433,811598275288495e-23,0.9964980322563914
42985894486632984e-27,9605492191298894e-24,12886850355416573e-23,0.20551191223936902,0.7944879302571131,9558798260640741e-25,42208065870328816e-25,16150812586350858e-25,9481076474412184e-24,15551015177074758e-25,11599561521890477e-25
42104046958762177e-26,13874263048353373e-22,0.17712284452453003,55021848141764046e-25,0.3538051119608765,3682455405077204e-24,2294787599501164e-24,13592502555103758e-24,0.009135554234058001,29937601072827014e-25,0.45993507336731293
603700880056403e-25,23462818726528407e-24,54813535626541335e-25,0.13106703730695343,0.8689300133727664,12146323976146883e-24,7493933503660662e-24,12570509456456903e-23,26672420017251575e-22,7816681756079062e-23,29637753533836316e-24
15519162872373288e-26,0.10585627520903135,0.033770832494050405,0.15911742430500123,0.6584186575428697,51768175006291275e-25,15640059571465232e-24,3979144651474565e-24,0.026080671468102286,3294656810550778e-23,0.016756081084272092
145520727989659e-24,12194143879175835e-25,10072674176141238e-24,0.5173620843907359,0.4204708938581672,4923219204077763e-24,1230542089898597e-24,679277614310678e-23,0.06216686740105865,61429404998253e-23,1293516718911063e-22
0.00014684207866927438,636011062827198e-22,128950995035708e-22,3733624014079598e-24,15504861649149972e-23,11237551940954181e-24,0.012194813537424624,697626584875669e-23,22280805633315658e-22,17702260422731273e-23,0.9876556857884747
19032556239009497e-24,12221426988003091e-22,16796717800699657e-23,4997038443897093e-22,0.3268340480877905,8918806967922445e-23,5139097908572681e-22,5510356732132461e-22,8152437732002916e-23,0.01415745583925882,0.6590053515709883
0.0004062900882876689,862477574105469e-23,0.20558791136193974,0.029760532358690618,12737343181644029e-24,19595138148952883e-24,2197263887303534e-23,3366593671747506e-23,0.037403159738021746,19322729582512198e-24,0.7268419905344959
6355698928338548e-26,1545025460762826e-23,0.024858529072310946,9265550822862049e-24,0.9751414144101108,4641074894375682e-24,6899490260062982e-24,786465661377804e-23,45269890076251076e-26,171398378404218e-23,10166951101383698e-24
10346010134417553e-26,1080086110306455e-24,197851100669031e-23,0.10640216475429673,6895926510463553e-26,22445490769273588e-23,2244571103856705e-25,0.02602037763123311,0.016721377374343187,14309631204841695e-25,0.850855850898786
1788808060079685e-24,4274153858554344e-25,7416528915127145e-25,9548048199029862e-25,9077091575892892e-25,0.1053529631823784,5886775289101089e-25,18430528284788038e-22,12159672326257503e-23,4593547856391304e-25,0.8946450662996597
32154517154463136e-26,1284274200897542e-24,0.3914593851796693,7714043375099019e-22,0.5384037312679815,24379469923925635e-25,13536205712039188e-25,34414226280070153e-25,0.07013585458447812,29859343876603215e-26,2484237212811404e-22
115613652853153e-22,12256374778795438e-24,8326243482188613e-23,23076964113442585e-22,17874355270000695e-24,1652735473248613e-20,27508031030409188e-24,0.062165813276995996,23390467703398076e-24,0.0013059040888782523,0.9365092717299502
0.00026230836011947124,1355291870266527e-23,15044286848137244e-24,15334964931613965e-24,1351476495550849e-23,4469374454406285e-21,25261195912231558e-24,334120770245967e-21,1342291163254317e-23,0.008400552699103047,0.9913322393145099
0.001743345816362126,10536643277679184e-24,0.7650827237098183,13207939213783988e-24,15904215744919387e-24,17469122192705933e-24,5058089519516733e-24,11403777168359974e-24,0.11260972212710323,4615555115951555e-24,0.12056413015093757
2654206813336389e-23,1720110550283919e-22,15519864342334036e-23,42471550285777846e-24,8066046570022581e-23,13802299844833046e-22,7044614347884592e-23,0.16565680922721576,11508137764433811e-22,5548933348948498e-23,0.8343400569097675
9670043441407243e-25,1483639173781782e-24,19236952585684174e-25,22918662285143014e-24,967221967716791e-24,28789664920236744e-24,0.06489249671124823,0.0038323936932745375,0.015104529185883057,15518720685704126e-25,0.9161705218078671
12614941581758315e-26,33227773878558103e-25,10871515413114506e-24,29290557294260343e-25,0.9238454346218995,12323189404382775e-25,3110166314687746e-24,0.06805911900700992,3023993654612283e-24,1828829575501441e-24,0.00809541992941621
7261995464461634e-26,36574309540930857e-22,18194296385570826e-24,0.3300671854479131,0.622929893037813,3964359340935711e-24,3513114545804291e-24,5012029491569501e-24,0.04699922182079376,6609715180250361e-24,4896398350530193e-24
3672666737315519e-26,3615082661271049e-23,6521411264747132e-23,0.14050869226802534,0.8429028886872684,30832953981225185e-26,1909772300052543e-24,5594709965417628e-25,0.01658830767629085,6892151757317016e-24,29816830620457537e-26
2911939792282393e-25,12717440294454939e-24,35544129428336206e-24,17048529180997529e-25,59123327416463986e-25,0.09126437390133625,13839117885036538e-22,27203248693215256e-23,661224352567062e-23,18827320262800214e-24,0.9087338885449011
5544738680808148e-24,0.1297163799493579,72898512710573384e-22,0.5091887063726022,13409502396814261e-22,2306234787936883e-21,1460904879419024e-21,26212405830503967e-23,0.08759238538921899,6153693499397887e-23,0.2734898011419104
12784951494004229e-25,7316745020871077e-24,0.20545973962444944,1905255685285779e-23,0.7807454955996926,7256608334258316e-24,8641093309591546e-24,7034766798915237e-24,0.013794687530544802,669559642742733e-23,1997003703444191e-23
43259066302412155e-26,7565618600878496e-25,17113868913060014e-26,7385806820504317e-26,12728683328276886e-26,17759770707693199e-22,3409564694986995e-24,0.1996984608730724,2301379442201584e-23,9639689886395954e-25,0.800299734201111
31951297046583965e-24,11598598013318979e-24,0.47739720941599456,765458220324994e-23,3992936713366458e-22,9283735289936264e-22,1413222777203211e-23,0.03802265988508587,0.07951808169912081,45891038636730074e-25,0.40506065140678776
0.00020518597685000798,18712236837392744e-25,4248588116599645e-24,0.03916048947640488,11993034029287049e-24,35784795008003516e-22,6049502524790087e-24,12340161035469682e-24,3698911197971454e-23,0.003270088236157696,0.9573605843394655
7032487236951601e-23,4074650748894795e-22,6360773123298955e-21,5864642273458594e-23,12969818745561302e-21,2603949562678828e-21,3510658541682461e-22,0.04546617803334777,17856122745448943e-23,6579320187829388e-22,0.9545101634297501
11879123877279296e-24,0.061900136617220915,9058099180771093e-23,0.11496036186216596,18006242492940512e-22,7227487796480919e-22,22949855430211434e-23,0.012647991865030416,0.02511259228473859,7402502572855939e-23,0.7853759880141128
0.0011650899636283256,6379648821753944e-25,40255600809051985e-26,40056092573662253e-26,479228927126218e-24,0.024775804510108856,12941031382349577e-25,8696338160869262e-25,13515967843491919e-25,0.04811751172548331,0.9259415883651354
10122089091566734e-23,24919653738786503e-21,3460919825074078e-23,41782875195561585e-24,12857247647375413e-24,0.05816534953297269,7014027675070239e-23,19943270151060426e-23,19835065250762478e-22,7781449116394979e-21,0.9417995058144567
0.0008220144250741762,57670394297616315e-25,0.16093177733589242,39369269358070694e-25,10415256533629281e-24,9786821186378846e-24,62859033099272904e-25,5894264281529164e-21,0.01723095431425431,4384192093682641e-24,0.8210093190843577
19047924643514186e-25,7298452506033007e-22,0.022613341006521997,0.8591478051500051,5410017879831124e-23,6774743985477148e-23,6919716933624583e-24,49859823404240324e-24,0.11823787500522952,12304435579887615e-24,5615652498354738e-23
22259670115123645e-25,7580044453380916e-23,9982969857598603e-23,0.5652892652749232,24041866941869105e-23,8777030344473612e-23,4102112799550278e-23,55335972688192e-21,0.08957606668472637,3726993255719546e-23,0.34513402836849383
0.0004917861272275059,29472201554886998e-24,8895161222187915e-23,10103043386326584e-24,6587457535635001e-23,5602263078368414e-22,0.07908499621830652,5076999533954428e-21,0.006440465349516424,7359818944645086e-23,0.9139768470794865
0.0030471196395249443,0.004001669943777925,5346639907350457e-24,1642787556305852e-24,10738525214720283e-24,0.00022234117784263778,48889923508290716e-25,16036618638069645e-24,20680130821553924e-24,0.13704254656283685,0.8556862633423229
6870609972395107e-26,0.04630201204727711,5264667910217235e-24,0.7293771193039544,28802493446363186e-26,0.0017027177883786862,4106801763427438e-25,37393540967366203e-26,0.12616598105969934,0.0046862720052128016,0.09176589138956719
2286695639952322e-24,994119729173249e-23,0.25096811488388365,14494480568243823e-25,0.06217012578193299,4461117370415135e-24,5786564859965424e-24,0.024970070980914246,0.02890693454595072,17953231925077232e-25,0.6329847280869704
958227580687001e-24,23178442221954694e-21,17642192825713844e-25,27961766497855997e-25,3061584712370002e-23,1061405275320582e-21,16579661696062607e-25,0.20946520504719884,0.019126511425651492,1718782206924637e-24,0.7713840041684032
13876733361389568e-24,2248043421059501e-24,55224196445658505e-27,0.024894278843753996,2380799960494874e-21,0.033426196060555254,21390211162666145e-25,0.012911665709222676,20734120888718818e-25,21612100910416384e-26,0.9287654579779556
19944367365731586e-25,10315079324329966e-25,0.7406916221504266,0.17575018877005788,5345408205796128e-24,11860324945177185e-25,7600016649444665e-25,20643622715648517e-25,0.0835581581885812,7270313229441858e-24,11238868934824481e-24
11372910362949538e-25,3682789577134683e-25,8577701537289357e-26,10870438360032007e-26,7999744829697217e-26,5626679475602712e-23,1515404918352742e-23,0.01778490482318873,9400825244351224e-26,15351731442765636e-25,0.9822150203467369
2937813493188857e-24,4017429179910377e-25,0.3275069568729095,5066973345217181e-24,0.6724930228782362,1256726906272451e-25,18446104372699386e-26,297777414455986e-24,10929032298269035e-24,4552211706625713e-26,2605664081151205e-25
41306260290404855e-26,5418478219767082e-24,60628972119012825e-25,9047488572148162e-21,0.9476333503133838,30712575485423953e-25,4963822341492589e-24,23918112146755974e-24,3174865184166e-21,0.05235743365816397,12151693157472808e-23
4328547958431607e-25,17965851298445685e-25,4478818961388481e-24,0.16805955335365794,0.715596634861293,15349881027092859e-25,1690742097344946e-24,54712877786637485e-25,0.007409554504007321,0.1089342204067673,21469843420377058e-24
5252438592677371e-25,53384179056852095e-25,0.22870769254004578,0.26731208386957456,0.4669451363316879,4137249829917809e-24,41899339568407186e-25,29398912068207496e-25,0.03703497928478449,8564111203287052e-23,5202056530492937e-24
195098516271229e-23,8469589147915405e-26,5741622886024929e-26,7135640620559389e-26,7341436456536908e-26,0.0948433444453591,7202106450367221e-26,0.025242236241519122,46344233953978195e-23,8427416701787113e-26,0.8799139534766179
999552826184108e-21,3038474231666992e-23,13728043081735185e-24,6209705112803708e-24,9068604086776324e-23,26219658879430874e-22,5030788315833002e-23,7784722645416416e-23,12807865990494869e-24,20996218827464086e-24,0.9999960755135601
7221087334386279e-27,53472342742503987e-27,44826741916452353e-23,0.056371981364821286,0.9436275698510325,41342927137155e-24,8620300119962375e-26,8115187801669549e-26,33199221971872113e-27,1463627565442683e-25,6788947133175022e-26
25840894917942455e-24,2330423062763161e-23,64516833967612555e-22,26817256951794707e-24,3337632985768176e-23,0.15142443254707097,1305796352137352e-22,0.053501051177851165,0.007844690828731118,8627408648483715e-23,0.7872230475706751
0.0006743423872517209,3748375643905128e-25,49991523575229185e-27,5209782233673608e-26,1584197051941618e-26,9448513704023611e-26,4515945665203506e-25,0.09446439534953426,0.006096096928845495,0.018516255905268838,0.8802489083902513
0.0005870489904335508,8667548588347348e-25,10707660706219229e-25,30761944324940536e-22,9391252701174134e-25,30469852991304125e-24,0.13756347845083236,0.05713079799526329,0.0258834387149351,29628882447180247e-25,0.7788321233447213
0.0002504362713979692,9806560928674451e-25,11182854114428382e-25,830219718052079e-24,906990842842344e-24,0.022881641026326935,13055480015931102e-25,4012883966665469e-24,0.00136663441619135,6713084679707414e-24,0.9755012724184148
10194347590088633e-25,6443225900857996e-24,0.42724218614324966,3324524485777874e-23,0.5727483682647103,8078781967872231e-24,4259784064926515e-24,25589617954161115e-24,9297280584262763e-21,33092045958097595e-24,3658318895017588e-23
8013065734511679e-24,419348965117478e-22,0.528128226932988,13677675955999432e-24,5767793472808559e-23,0.009137345505726972,3132835850027193e-23,0.10197781366934934,0.050528869653649604,10527629540254797e-24,0.3102275810785575
1017337226230741e-24,7969307078118367e-24,4636323253739891e-23,0.11379907680020794,0.8862006807296552,22469969819558595e-24,27478944968662656e-24,5986721748162043e-23,260468915116674e-23,3648224624241126e-23,38217193105514804e-24
19906102323259026e-24,12159367871066506e-24,19435287786912213e-24,38519594977290375e-24,25344294959058666e-24,0.030157679492412083,0.1501253975645689,10357204406663371e-21,0.032294618015912775,11497905222349472e-24,0.7874118208601879
6304509107095135e-25,1050247216379607e-23,0.8161623322463465,17996666301619173e-24,12518886953416872e-22,6034058521828148e-22,44923184565243314e-24,14370313589599742e-24,0.05917234516014931,3128808365536626e-22,0.12466306599450791
9116122385959701e-25,12056058461096901e-24,7528634846346167e-23,0.11660926021580924,0.8744867089311541,14010354669365316e-24,9279058794537986e-24,22523964808544087e-24,2413780112425393e-24,0.008903839203210568,55168700851877426e-24
17040490142572646e-25,64700934078504695e-25,0.9280555808696459,0.002671463683262426,14545625873836259e-24,6398833606900991e-24,58604616185398265e-25,7512887407569218e-24,0.06927288500269416,43984855377728255e-25,2355366862708139e-23
8656041592133243e-26,10446160670476378e-25,11423738056312219e-25,0.6480273336593143,39253167240289256e-26,9032593368470348e-25,2979299121597405e-22,0.06379935482167777,0.1158621379435157,33573278166246265e-26,0.1723108717407839
643652271458314e-25,5729066536964241e-25,0.14328759488416715,0.062439708391863816,10657667140032756e-26,2774920974523659e-25,0.08981808241939009,15527178101032304e-26,0.049461547186299866,43112611750545904e-26,0.6549930655105407
0.011981739251979064,4593333668559362e-23,4857346943074765e-23,3928219632809166e-21,8500161187990889e-23,5514813593480623e-23,25405368756581045e-24,18008553000825858e-23,19466099511399005e-22,0.45874108682202624,0.5292708589489579
4932024745901199e-25,11866145909488238e-24,0.1346886857982484,1106662582876463e-22,0.8653105774008916,10758592197311772e-24,8624443966745356e-23,443060527982253e-22,3152635118283513e-22,10226032787669396e-23,549423289671866e-22
15599477370298257e-25,0.038412353407211865,5049436365542443e-24,3130777421058505e-24,5071362069129923e-23,1966628854028151e-22,4485902425723692e-23,10404474008232002e-23,10053722855835488e-24,7063119879778761e-24,0.961587223455513
7304234762406215e-26,1337426055540603e-24,29840925162836395e-25,14374829665673118e-25,0.9999999838911495,14010582789154813e-25,23262955894984578e-25,13085623596081832e-25,3095957457473885e-24,17591122410511164e-25,44368376208069307e-26
15506511837538102e-25,0.17377724895116617,8950992920336213e-24,25489940440119526e-25,4253115787905053e-24,629722575171793e-23,4020571394490788e-24,0.3716626742926009,0.00018358701519352865,5476752702486557e-24,0.4543764566423881
7456060353919372e-23,9822594505636115e-22,9333865453978624e-22,0.313106015188968,3931167151140812e-22,8763136837358024e-21,10065910700973468e-22,0.15421509900471816,0.05178295753117773,75477738955541135e-22,0.48087622744995157
824080682091202e-24,1600001250673303e-22,1605433775932353e-23,0.07386979288518689,0.9261294460024779,6909731067024477e-24,2779527099174087e-23,8220876192184422e-24,8065130481447077e-23,448322942109706e-21,12325505303155161e-24
28535791370405226e-26,20174838329248087e-25,0.3012553978111114,0.19024481365937798,20006614839967506e-25,4859418447074661e-22,22017445152338483e-24,7739202487547564e-23,0.08520779392495643,8324431609405256e-24,0.42329139662528775
56540306796125824e-27,70233492707335275e-22,7681763781520841e-23,0.06869865381109774,0.9312930720752802,6988741171999699e-24,21954714221416073e-23,2249040375238707e-22,2495259684266057e-22,22398251724437313e-23,24894179863758675e-23
8230134006640005e-27,13593480618595549e-26,0.6719131614796833,0.12902544928114384,0.08931633743388878,688686425521334e-24,2982359475526492e-25,849333278498054e-24,0.10974504864341046,13674369958154838e-26,1044935825513992e-24
2361070202287753e-25,15323428024583677e-25,3952144568328192e-24,4047700644138272e-20,0.9458749479226133,28537573776668967e-25,0.05408454349626992,4201289349115206e-24,1835804307995309e-24,2933664465391338e-24,14037263604871902e-24
7463988061662678e-25,10825895340412168e-21,0.11435872303711628,0.6018130205788665,0.1502917864187822,7147106919992863e-23,11653154994000715e-24,1111944798978946e-23,0.13352551734408297,20208735715068878e-24,11526959961070983e-24
3535950861613895e-24,15362317972990426e-25,10460071133887277e-25,9982791311297294e-25,9817563004449026e-25,0.07506678966084558,0.00010713658143565448,1382491815090792e-24,12237082102757005e-22,20426705503165923e-25,0.9248248385260859
829252719961948e-24,5745713394220658e-24,0.7355729764483281,10655128997549103e-24,1967633264735111e-21,29131837131360335e-24,4141991840146408e-24,4552304361561398e-24,0.0831454654266226,13577628644282424e-24,0.1812795218572859
4992807500919161e-23,10977666061327793e-24,6057684172141929e-24,0.11156136339412738,16403239588460852e-24,11850329740231637e-21,0.043133339058926655,15265103876607765e-24,0.05472677881244816,5819536489949737e-24,0.7905665639534528
11466454371385233e-25,0.29971735710786923,513438019772173e-20,0.3359042555729786,0.2805828100953492,1543788780801543e-23,4709543198039107e-23,18844606206184884e-23,0.08378979695013362,37644624235275294e-23,1732120590570499e-23
3858441539303752e-24,5052001547673053e-23,23525293224828827e-24,0.3466189493156733,1555250520534057e-23,36839244113689973e-23,5991357676560954e-22,0.31555640625273795,0.06956247981208459,16381694098863066e-23,0.2682609398180991
4636308102282651e-26,8943332915350803e-25,0.5116103068176188,335181402538269e-22,0.15101173592838324,3991498474216473e-23,18745709443321405e-24,2201230804248752e-24,0.046794870257984796,2235443047572003e-24,0.29058298943842314
8141249768882825e-25,0.00014375275250993243,12560845547145513e-23,63373016812970205e-25,0.39622919967676695,9400241679388848e-22,3317355576697048e-20,0.08259077901813118,30136031217780515e-24,28367110271683628e-24,0.5210019637097091
772477728913513e-24,0.05910590248628452,20196009169921536e-25,0.7777927018908906,1365800763150351e-23,4393533806211524e-24,2134612323226278e-24,35466168043733326e-25,0.16310136311711143,2486811195068621e-24,3494642590161978e-24
0.0014431860421446115,1203418893815631e-24,14714843022554578e-25,11833300477827936e-25,9952374381314475e-25,932694857258765e-22,4272087727154929e-23,38927973370781365e-25,66793965279006685e-25,0.05354661223362133,0.9450100503082063
11167281665830235e-24,0.029911211222460016,8626499941744421e-23,0.7760895001121693,6803097865063596e-21,4063144617457351e-22,6216260141395409e-23,11701188845531306e-23,0.19399158194306848,41103561724189735e-24,17959450626852397e-23
20136544253129557e-25,9096947129061603e-22,0.853832916257317,0.06151118817430717,34455692406787554e-22,65638681858942076e-25,598438696294169e-23,11821133806102995e-24,0.08465149029623475,1246929285917333e-23,11141073650981183e-24
2087894334121329e-24,27735553142764304e-25,22250289294960556e-26,5132224273352032e-26,16765930024164676e-26,11190867208508176e-24,1811869552357323e-24,0.28242836559061063,14328610119637405e-25,6646853327936683e-25,0.7175716140061787
13497598333669072e-24,11577561038284932e-24,13601616085593528e-24,1689180050623041e-23,9704930731290743e-24,0.04324641029159763,19565375991461872e-24,28375454197407304e-22,0.0026550043453532506,12020505459356135e-24,0.954095650958242
35752934105823944e-25,9615241158604461e-23,171682189530814e-22,1663318091886124e-23,35158057037891276e-24,211502930593083e-22,20135659949374746e-24,0.4104144659332467,10011867871638478e-24,13968387229858892e-24,0.5895853001135652
3519177564819683e-26,2945926240675308e-24,0.7221917814091081,0.15584202160008884,18481613449146545e-25,8589551997460822e-25,7151203746805793e-25,18393423144874421e-25,0.1219661852591044,15498546164815048e-26,34599830604893727e-25
494570348142419e-23,5589209776960309e-24,541336174362597e-23,0.7498520333131451,10882738842600935e-24,688902150707365e-20,0.08120663363005279,27715996142589758e-24,0.1689343322222987,4261127350040566e-24,53010548465653715e-24
6135739002443189e-25,2599852612071066e-24,9667462037518258e-21,0.5732080817732009,4094507325634851e-24,1348786536391289e-24,12148841009842778e-25,0.30667834203681615,0.12010389462809289,9612250260259873e-25,32670892504521616e-25
1315263442103007e-24,6772026336209788e-24,21325320861240267e-25,0.4389102379625731,43243607357827286e-25,31684768849064496e-23,12823010713220897e-24,0.4512378826119365,0.10985127077712646,9847834685752006e-23,16595539453095536e-23
16066972116424664e-25,685605627395262e-23,0.33272817195537857,12944868415835617e-24,0.3070262930984999,44100466268252715e-25,22657445944003306e-24,0.11106773425425716,0.07118832424668566,0.17797139944259924,1802855724110749e-20
7716260521522108e-25,1471700058359118e-23,0.24369634355993655,6420241185038266e-24,0.7563035871064078,7030061070655664e-24,10486651013032142e-24,7336777997975509e-24,4774295843315927e-24,8882474185361923e-24,8914547264083242e-24
30149105787062424e-26,1559728872156769e-23,8181937407550788e-23,20796465812298194e-22,0.9999975340700438,14235166635191202e-23,7699287770458377e-23,16572634925633814e-24,18500906102935803e-25,41156220199226946e-24,9640639693627248e-24
1458497476023684e-25,1565343287245089e-23,0.9030572439462838,26103996074831224e-26,2251625833139412e-24,25686142241279394e-25,8928945006694418e-25,7636886523287652e-25,0.09694271389295929,12909906842981222e-24,6714264630503739e-24
475848450112648e-24,0.22730551798095636,1924088787180765e-24,17575296850046173e-25,9446483016852166e-24,6783045854526323e-24,5250846881041035e-23,2238932479705391e-22,1727796446805085e-23,8642143573152568e-24,0.7726941593102209
3131027141794396e-25,6073632622956198e-24,1733387335741633e-24,0.910218753495462,39606242443938116e-26,7779166516977215e-25,2660215567675219e-25,5628000483248631e-25,0.08978123596314169,212741238841457e-24,20467440803434205e-26
3699744671624495e-27,0.19621521100964887,15632410245543994e-26,0.23198231471848227,0.5718024717106235,7988036452189892e-26,13039542396234915e-26,8084821818837201e-26,14463563007800425e-25,40950872485083056e-26,2542232199095377e-25
4869442026119561e-21,2770295181816498e-24,3734450736283274e-24,17504013929058655e-25,5482552615956655e-24,0.031185132687760984,0.035620141939326055,2986612161050788e-22,6012585194491516e-25,23305437617544173e-25,0.9331895406001688
2766166736845966e-23,10749876692938551e-23,5443229470078747e-23,20762397024717078e-24,968565757990947e-21,11214536896457527e-23,1582880922248136e-22,0.8510578224309624,0.024962366260411827,30213207630567162e-21,0.12394814874662612
341672325979256e-23,20255298765928154e-25,5155420494768181e-25,24516293398891806e-26,5287832450950164e-25,8010448336282629e-23,0.08522945351842724,4995613941857147e-25,0.04637957270028671,225094309639001e-23,0.8683908841945571
1283812710886582e-24,0.38732110072089654,5024666939593306e-24,0.47389596118512795,1257534302720661e-22,11663790446667549e-24,4893489940458051e-24,0.05148400236389562,0.08729857289461301,34525778808195153e-25,21076413217022786e-23
9975956258329732e-24,22969022046656162e-24,3799672576030776e-23,23113980048042497e-23,24355090795715262e-24,1778661984605115e-22,20365561865048403e-23,0.20170534805396753,1727156590505037e-22,19293671849803154e-24,0.7982937519786772
2344405053959775e-24,0.2604874990088034,7946672620048366e-24,0.5726795386543208,5819000391677479e-24,1181600334464716e-23,2497817924837921e-24,0.0031303369429517116,0.09166184515789795,0.07204074063509654,9177016560399031e-24
776926640210857e-23,3280973622341133e-23,13061249350754574e-24,1601876083790321e-23,0.6174206345934025,9987427887512118e-24,6054802835777638e-23,8119139111355884e-24,1723466344439143e-22,0.23908867659799218,0.14349036814777683
11795625754377494e-25,3434368225863356e-23,0.6253671722770773,7320566558992436e-24,0.3744078268396545,2169419362619618e-24,1910668714412307e-24,1681164174608311e-23,0.00022492461480371818,9093806495996156e-24,34391823236791423e-25
4760273764863348e-25,6108978728788014e-21,5926149376546492e-24,0.24084298303632135,0.7591487560389304,5567352101132074e-24,1471514443278336e-23,63952576969396664e-25,8779111084095927e-23,20109403044645978e-22,20134629525502806e-24
23112263605924863e-25,12555851201913106e-24,21212349700716172e-24,0.13031259648284899,0.7511678200216599,8907831349735416e-24,2152601073305687e-23,11416459604686761e-24,18735335153868074e-24,0.11851724995553273,2236874735926783e-21
4044486273432184e-25,0.36113362659538667,6043533307090919e-25,24030093578807157e-25,3436882953638292e-25,367931379786553e-24,11279871544001975e-25,0.02221839292088621,41287174976352207e-26,8557240038382992e-25,0.6166479739636944
22277779570874503e-26,8617688728239526e-25,6593757607025303e-25,10770676930065258e-25,0.4548021375638649,6242542383050892e-25,7751536039922066e-25,0.5451972881958737,5666503641167219e-22,17331268001846668e-25,16352585252065416e-25
6211471163240835e-25,34182380402601255e-25,2339576061815608e-24,205779990228978e-23,0.8930511861048381,14884559902043547e-25,16969940751909923e-25,0.0017545362129349467,0.022664088862847213,0.08253017498638969,22107161259256432e-25
2766955660204991e-24,11146087402626279e-22,8776438934812378e-21,0.2325249937862251,0.7674586189235348,46866816749108566e-23,5277670602810055e-22,22955136806732243e-22,17275559334426513e-23,9088791322696665e-23,29378831975921576e-22
20270881515854687e-24,6335064293790289e-22,18312619229938224e-23,14209794000124898e-24,3561767593767816e-23,0.10546122701361275,5285849474122789e-23,0.13121121581810966,0.026741193835934846,2073425392805093e-22,0.736585216400338
7276096048364596e-24,15638941981946234e-24,20090365705232793e-24,53521633727413326e-24,0.4017639574641225,0.022732954254383552,0.02724575178813631,8961077021280343e-23,0.002380836427293905,28130228275910316e-24,0.5458762857980565
0.004147914193693045,9790996217924157e-24,26100928718344535e-24,4543812425835118e-24,444637654282027e-22,0.026724859577020185,7422957475293943e-23,11582621828684669e-23,86711090517247e-22,0.08479909589872231,0.8843278467041595
24475701332602245e-25,8877416926451982e-24,0.6217218352024569,0.3040661541364804,8266243493820034e-24,19120466806493816e-24,57485684573540654e-25,7791489776497331e-24,0.07421187254646125,2912430379981936e-23,5673852868825389e-23
29573474609609422e-24,8369395472791329e-22,0.4489283816743614,4578098490793167e-22,11086398532549405e-21,33790099013768335e-22,14065664212823426e-23,7012509679471269e-22,0.03469383492372241,11107017828492718e-23,0.5163610406934251
15514693628655884e-25,0.06664300080744853,21910027154864524e-24,0.17471142508759782,10701987882422266e-24,48720160057540987e-24,526687139104692e-23,0.6755279907142739,0.08311090564681867,45076819155379385e-25,6585085618537249e-21
44687293082662656e-26,15848822161192581e-25,0.9061311449240431,7321288429608006e-25,6032426481104491e-25,16613896430974889e-25,15403545312804252e-25,15505093669282584e-23,0.09386868684552424,1500194990047905e-24,50806804779298915e-25
14727701069821163e-26,1864542087363204e-23,8153063245587539e-24,0.23101248255971718,0.7689859820137159,14285127463906773e-24,15017008496106917e-24,6864921241810532e-22,7654192649757751e-22,1755131100201312e-23,9715289553586609e-24
11752742629895558e-25,5808773298718735e-24,16995230880198166e-24,5079591222475733e-24,0.6973117916546653,554865574404614e-23,6462272277402763e-24,0.12645148590335617,0.017270147256748566,0.0002535334508688759,0.15871300066457214
4940403691722943e-24,0.00043251544495957576,3125332833446058e-23,23216613126726347e-24,0.9858766168338835,3321216687353857e-23,25264364289227944e-24,10802429807920438e-23,26627649444680206e-24,0.013690540098789759,7508795542304624e-23
7169919759003805e-26,0.560102466742161,5301353012148278e-25,0.25250236934783654,10687524526937131e-21,28367357687331347e-26,2194262442508412e-25,5104459058048665e-25,0.1873844738970478,3698703913952183e-25,5047475736494759e-25
