160464069307175e-23,3559295539622281e-25,34361177211853243e-25,684997013859416e-24,5111223804749817e-24,13331137938530845e-25,12967049707022986e-25,0.9999999234453038,6116572529387852e-23,41006409976598625e-26,11561560263003439e-25
3869192917762873e-22,23640390812701657e-27,33085572984727644e-27,28383365403853157e-24,6475252943460645e-26,1719229024461187e-25,19136210535962361e-26,8101383099509312e-26,4991055889788935e-23,36648406533663684e-27,0.9999995341843583
7133700347202365e-24,10892688094591051e-26,1779251809086774e-25,32313037563727857e-26,2442794057284823e-25,1098262637014488e-24,27357544718751064e-26,0.9999999536000507,30651689369377475e-24,1701727262974428e-25,6218321760706006e-24
0.019188861442813784,8344407650752874e-27,26724806122638658e-27,9165477218261835e-26,35708541661437945e-27,0.19788435872980473,8012117969553067e-25,16872243206505814e-26,1275404472718473e-24,0.7829267717539873,5665624481043383e-24
4996936486879446e-25,0.7291705057159636,185384257218488e-23,1369896959868768e-24,0.27082947481788966,5169954853809242e-24,1242908503810029e-24,696159067227603e-24,1736396416147605e-24,5708824460365198e-24,11883228473595026e-25
4306123654365174e-24,17303486536746825e-22,4300806645776829e-22,22130674274082688e-23,0.9999960990033173,9606182395611631e-23,14221804498077427e-23,6789065001540235e-22,7608094338363743e-24,10541258495507602e-23,4847611594889305e-22
16017746005070164e-26,0.97073005333497,23176472199030654e-26,0.0292699432579491,6214832558550842e-25,3755972606843654e-25,21308224760462779e-26,7333355723613994e-25,41709252671376585e-26,4337719438694386e-25,21597158545569417e-26
52247439692822905e-25,4840717466329068e-25,10793204888493312e-25,39775574567252394e-26,11383017620462777e-24,4232984402396134e-24,20199528819939597e-26,0.9999998703121493,8547827118184434e-23,31150522581741287e-26,20892433825469244e-24
13272543799934817e-24,15443023186077513e-25,0.9558007112893339,31373546153335073e-26,32943037363488395e-25,11827158961549136e-24,7587252504022708e-25,20156740154002683e-24,0.04419922419442182,12260575645214536e-24,1088111416874182e-24
2323888226620311e-21,13782203861869804e-25,6798836537668756e-24,0.9852327560394114,11355295469261546e-25,12579952973140351e-25,12356414046733142e-25,1668770696283588e-24,0.014764894493167046,11290171733379154e-24,8139972625345741e-25
0.0026880207871632397,35984638906286103e-26,7072662882834216e-25,10539132529064417e-25,3634800755536536e-25,22056385900311997e-24,0.9973119388791873,9893050079662698e-25,13712159288657954e-24,5764947469650406e-25,5148031374863663e-25
0.0032044686061805097,32232669945024295e-25,0.9967952839616077,5883079146201112e-24,1603889329192314e-24,19454065378087987e-25,12952984161352383e-25,19263921568997834e-25,2260996506315042e-22,30307921537181983e-25,24244269886607794e-25
5759250011643966e-22,6731552411476297e-24,0.9999957387108194,9595201584803976e-24,13703038333885654e-22,5196314944825379e-24,8491388224602324e-24,1922429035494319e-21,35608180187120665e-23,20340170991423865e-26,6331650440214121e-24
30562584761269148e-25,4119851029960404e-24,6261576087840497e-24,0.9015452687032688,13369233552626403e-23,7979672285389873e-22,35305537924329336e-24,17065225538794028e-24,0.09845177477428887,1789394590067956e-21,16965983492468642e-23
0.015751834174444104,220893623326391e-23,23682325822297813e-25,4199425333780337e-24,23945313719044288e-25,20214653055517648e-25,21274977345407244e-25,2264152045100046e-24,15356660152266567e-24,0.9842481310534352,1830765831881003e-24
3498008098234078e-23,7400015690485288e-23,4672471527384309e-23,7174637945006279e-23,4498835069483836e-23,552708038291036e-20,3047024048481583e-23,0.9999930876945463,8318800223096822e-22,956169438774547e-22,1548181949878974e-22
0.0032977694450589726,5976875924553513e-26,2736055074052828e-25,1141064954192221e-25,0.47651738204221494,9000888941790225e-26,57815275716756815e-27,1279488143634121e-25,16869786978386088e-26,0.5201848474040446,21661192427357695e-26
0.002773674743428181,2843671994155377e-24,2461232411597561e-24,0.997226237018406,23734035034838486e-25,7877962486710591e-24,4541528904128471e-24,7764441561045005e-24,3229835198197233e-24,5011446875772531e-23,7030903362492988e-24
14684024682719668e-25,17050621439341458e-25,10042532573233811e-24,4095386786406567e-23,0.5336624899584503,0.46633742842827636,6890092262532363e-24,4668070563337382e-24,5220285294555672e-24,32675655511644283e-25,7394336213496475e-24
11027245460106205e-24,0.9999989398473658,36915545650331543e-24,4056611551941552e-23,1313115214358464e-22,7030748997830521e-23,10364632131512416e-24,6370678502642644e-23,24609289176227947e-23,5035216673855057e-24,4448251838822381e-22
44484359233444426e-26,0.9999998346748837,11373364286033102e-25,14939113053190155e-23,16108811023951847e-25,15478818081110688e-25,13165061724766e-22,12465269277209607e-25,47871517891137015e-25,31417466961063347e-25,7076803148869724e-25
13088600833414852e-24,0.9999637366195593,8703782076159353e-24,18757882876824827e-24,14920733848646746e-24,5719893810038465e-23,6029721522037022e-24,1310404396034169e-23,3607449540592113e-20,45260204120724795e-25,5255506142696863e-23
0.0002577930111806032,14042030345020862e-25,16372068419829198e-25,36239508459857073e-25,7595453048585027e-23,4101775725105807e-23,4200564494790728e-24,7282840761994573e-24,7165883821111752e-24,3029289891105235e-23,0.9997420344089832
2654973281726521e-24,16974359837033362e-25,13743977228985024e-25,0.864730150556046,22399827549962925e-25,14332030698154574e-24,33514721604477135e-25,15030818130938852e-25,0.13526620347911933,3616805912100198e-21,2006600064670652e-24
0.0030340009621882295,25155752412059073e-26,0.973890224883076,15054970392172184e-23,452690302454817e-24,14675630684200921e-26,8262834282298194e-26,18937138370695582e-26,0.023075622037013247,27155763923771137e-26,17340325865267114e-26
0.02314137937688763,9625913617853847e-24,3981974372106885e-21,4112204671410113e-23,41359568005872664e-23,5145202507176951e-23,24437010364881576e-24,7191126871121196e-23,4425096971392983e-23,0.9768500071984633,39750550590919175e-22
0.0026615575239601666,0.2595969255583648,8451314408234857e-23,11171361093825446e-21,23467269539754835e-24,26910831184360232e-24,48903907266232725e-22,19319957681243023e-24,0.13016593005592372,0.6075593246923746,4620634471919769e-23
0.023230616554503484,15010980413419293e-24,3349992616306571e-20,1227975167955738e-23,10696456524282496e-22,22045883429904436e-24,19040246701332093e-24,12750788597643477e-24,7489052825725858e-24,0.9767346775555728,4770145188730582e-23
0.0063282880875433,15634835780925789e-25,0.9936694177870194,4479050646883872e-24,4760950066393145e-24,1679116827541248e-23,15136136471965356e-25,14082103199247221e-22,8043215322238884e-22,22181702861309142e-25,50267179163004526e-24
3154188813933623e-25,0.7774979415614784,521363827781727e-20,911117710586476e-23,18300439716032052e-25,20664086959426225e-25,21581223763403374e-24,22395713047552326e-25,0.22249680016302015,1660211903015976e-24,5840056511855071e-24
17155945486503085e-25,5803639899463947e-24,7891527461276706e-24,7024732698528131e-22,0.7656492062863725,3798620023902798e-24,18055864019373837e-24,31738741833653007e-25,2064456776393924e-24,0.23435004633600184,24006834432930296e-25
10805240659363553e-26,1573410853679503e-23,233318835175566e-22,11614687427238804e-23,0.8767029112528765,1636772512959952e-23,0.12329671945993705,25023947577218562e-24,1037397183262191e-24,14799650569130216e-23,23540712337249715e-24
4054819001800571e-24,0.561266709908505,0.12470514682164466,1975927937328953e-23,0.3140274922130542,10191821028311655e-24,5807267520171929e-22,8029377126206337e-24,11639059131662495e-24,3497008483277557e-24,13158680402921684e-24
6535341274269922e-25,19404421225028727e-24,0.6959906805710152,58006574876885394e-24,1296230297673695e-23,756776916888805e-22,4646195737413431e-24,25895759613992592e-24,0.30400911070333986,31230233434824463e-25,8356159674633466e-24
23689439075705474e-24,12143298731618144e-24,0.8539287003685458,4949050430183043e-22,18976259554349934e-24,7079327450574916e-23,14302315994133185e-24,10992701894050723e-23,0.14606855931585874,1865281812877894e-21,13029712973556374e-23
0.022579928113963758,20064897882277795e-25,12533282554316543e-25,4820713045501159e-24,3788122318782305e-24,3280498282843363e-24,1049038692595022e-24,0.00024092168060187613,9901171042890276e-25,0.9771791310568365,1934318966840422e-24
0.001974163068423584,0.024999943105976564,0.973024122405787,8132273177258944e-23,8130096990176475e-22,33379239284242424e-24,6677726724791436e-23,31398550039114934e-23,3890050774516046e-22,39865450802927423e-24,3407468568362238e-23
36372685002711094e-25,10443055497227968e-24,0.8054229793877148,940550341008255e-23,6411036898284455e-24,5861668354497756e-24,4512206262238588e-24,48639342801633035e-25,0.19457696207571,7139031293529362e-24,6262873791176361e-24
8533736277878301e-25,13621528604597423e-24,3348381511969997e-24,4036736631780481e-24,0.9982636290947302,3199979292139578e-24,0.0017363126263402794,24625592048818136e-24,2518137437692831e-24,2508992128763947e-24,35662152436804793e-25
10061768823705422e-27,12516487217262916e-26,20882302739388452e-26,0.5097471525511675,5112348040178338e-25,0.23006165125274342,27702502197317397e-27,17973864002086913e-26,0.2601911947193067,12545029934487203e-26,2886176506609552e-25
4431322885420466e-27,0.9999999562187196,8272387475893058e-24,1812052218392748e-25,11199907651140248e-25,8301193636974257e-24,5699898219939363e-25,6715573856264685e-24,25070970020728667e-26,1624196603874914e-23,2123689300464725e-24
3856444233652385e-25,0.13136553711854237,16204087642107621e-25,0.19725727366341236,12079638692572569e-24,0.36155034592402413,0.09202840580429905,35578184064927387e-25,0.21779841401194525,3336755716451023e-24,24975091635228795e-25
16994086870706612e-26,1853766902142323e-25,3646752421341114e-25,2075248317082069e-25,0.7644063296731889,8312809083678198e-26,14158777226954405e-26,15154925996401224e-26,0.012714585787197573,0.222879083065941,16988728317660847e-26
0.011682464564829135,5260121732334657e-23,0.4563459389443353,11977965845478364e-23,2217318477388185e-22,6083907837330792e-22,7998880742961196e-23,11210946464897185e-23,22262870625495686e-23,0.5319700580017223,12258000925002222e-23
0.008143038432118294,13207898199807199e-22,0.11004971894375146,49350071684931535e-25,4496414456672674e-25,15258359625775655e-26,12102987489070833e-25,4185924123733128e-25,0.15114331205269183,0.73066260209866,5168348037220522e-25
36727693657247176e-25,22763244056484764e-25,8266651479220819e-25,1061736731014033e-24,2010281348015395e-24,0.9970625817378386,8491582297717638e-24,3809997715015345e-24,5778634874502442e-24,22010550396655763e-25,0.00293738811155286
19756457904981037e-25,34407820350991006e-25,1502771211894874e-24,0.999999957872188,2844164835063935e-23,12997380434267912e-25,9336910408420273e-25,9442026046369364e-25,16413179237488997e-25,11958040724009452e-25,7583990079064279e-25
0.009363719059772027,9493504601792322e-23,24601714340347916e-25,18213987811059788e-25,3069694088755235e-22,4865693088914774e-23,0.9906356063643248,3873349799172429e-24,935365385104119e-23,6573700885168581e-25,20584822847347854e-23
0.01769320102702227,4438261201320617e-24,5887786665717893e-24,30867885983801837e-25,19706137696199962e-25,22577653700805405e-25,9347319899793865e-24,34960835091216768e-25,232032248854595e-21,0.982306533594905,2861108596914345e-24
0.0002767455229816868,7808465475666286e-26,14253012628705122e-27,3282905165770664e-26,1614930729450172e-26,6127608307187954e-24,17102876420868362e-27,0.0332590050866177,12691043178022914e-26,2964333235284831e-26,0.9664642429478197
33585114660363068e-25,45735681370923965e-22,14297829746479545e-23,56754651308217885e-24,0.9999947150004105,567185107521905e-22,363130256176877e-21,3305779001691984e-23,19733570812819392e-24,2579114123734327e-23,9909310372458597e-24
9279429654294578e-24,20290622813364775e-23,1428349913664757e-23,6073721750084573e-24,0.9999994626233957,1554057125162019e-23,17619105945272415e-24,21974875930027418e-23,3963270571219087e-23,6557498229058915e-24,57350875714190565e-25
2025578077181191e-22,2015186274548689e-23,1729875996097664e-23,173203257609856e-20,0.739084721444751,1743275955402111e-23,2643655659706666e-23,5518062403530543e-23,14814543036722029e-24,0.26091316940579745,23243959631124967e-24
0.014808651553275798,8968276043553068e-23,10811270157790145e-24,9375794935224097e-24,11694034008940528e-24,30818782122170986e-25,12393525872677713e-24,4270449979068958e-24,4643013173628008e-24,0.9851911959918727,6501658794958041e-24
0.003277479284882734,12444875239943946e-25,21854234161761806e-25,0.9967224837021743,31618514918168704e-25,19051638942499504e-25,10086772535670673e-25,13486523827041789e-25,13002084264076563e-24,11220830005268079e-24,19371886055282035e-25
0.00011625550240974654,4640095387061165e-23,1017931303397575e-22,35932318673068803e-23,24244270121319823e-22,4199180465986831e-23,24037868168609025e-22,5223939562641938e-23,4463329075495551e-23,34200514924360266e-24,0.9998782357014843
0.02316369288268386,15245691067415902e-25,7975371298613934e-25,18137000678628661e-25,18327559561764128e-24,5846974328679433e-25,6483582724716744e-25,1488524176334333e-23,14707750146402016e-25,0.9768362576304035,9434460821591814e-24
0.0068820483536235644,2571522071327478e-25,0.8207376911140875,0.17238020902092482,39273190900360075e-26,3227018014533463e-25,5692884117879087e-25,8859034745704703e-24,3882982489811934e-23,8543882022562148e-25,14260147038079346e-25
0.0005943272302673811,40371931611954284e-23,0.7152933769238631,5395707030630803e-25,0.28411167101532137,2822510622011275e-23,6760627055880656e-25,6817841288791465e-23,1155704384392297e-22,813990508054319e-24,7107650452165577e-24
10497485912401925e-25,4079106052571835e-25,4533167011468246e-24,0.020748657184370894,3640735742804015e-23,2373729449415606e-24,5332045182682536e-25,0.979251271909713,7205963793316278e-24,8721628957967017e-25,17524450031205127e-24
18747916826759164e-25,14692969259648571e-25,3166525758264717e-24,4624479911821564e-24,4521581193442653e-24,0.9640152076421772,19187806032546696e-25,34624871151817913e-25,0.035984764039317545,12021350441323553e-25,6078503645081057e-24
10619994496040655e-25,4330139822782673e-22,0.6475288774590308,11967028000798633e-24,7396211634779412e-23,2449481745530613e-23,30688436265891646e-23,3961397708002576e-23,0.35247012903452535,6917512671751556e-23,3333356436755423e-23
26721926817813497e-23,145905583512181e-21,6630449002018125e-22,7103952359015231e-20,0.9999162828493268,5113188381496881e-22,19354942489307666e-23,23828430654578773e-22,28614419782272715e-23,18908782116282602e-22,6336723618236798e-21
11560187998092508e-24,23575701242311482e-25,3883978123940279e-24,5978794539956052e-24,7107611510142088e-24,0.6348661928189389,385632807846723e-23,22970414552161538e-23,2274507566081248e-24,436474584015152e-23,0.36513353609310056
11611934063500059e-25,0.3173585054475126,0.31864931643412786,3922303567350703e-24,12689320204116423e-24,8564371199460846e-24,3931849386377778e-24,9272266146823888e-24,0.3639921307839511,17848827738402293e-25,13058670146700315e-24
48690938279038496e-24,5117916142041097e-23,9598611393045419e-23,9139203307709089e-23,1162463575714878e-22,0.15967039070074834,42388423178848725e-24,0.8403204378603827,17567267840296498e-23,4506709873722389e-23,850481607129165e-20
0.007012897908352191,32799681525511665e-25,43824696757221745e-25,0.37964211764753325,6745342284286725e-24,9812024568863823e-24,0.601080734646864,19884068490882008e-23,0.012263979394486223,43041260457031885e-25,4303822172464844e-23
8458539286308239e-24,0.12360301948912945,5565426504554217e-23,10759237600903235e-24,0.08096066774674424,13782115430914179e-24,3476479494338448e-23,0.7954361435027434,11343076540820083e-24,10986449681460126e-24,23512902500045102e-24
5632405530459253e-23,0.461072666513372,40078505016492203e-24,0.5389248822361237,13049022700806024e-23,9579996804294837e-23,1874042858859564e-23,22265264269483002e-24,20273989458026486e-22,3668866524989797e-23,2346414171052892e-23
8363448852802424e-26,0.9541402121206293,7501713481812988e-25,4251526439408908e-25,1346578566346104e-24,2076455055003098e-25,12222785734372275e-26,16641525074935994e-26,0.045859776228681134,8349630441131609e-24,1989262128378831e-25
49578069252237446e-27,117023119093202e-23,6175541449435832e-24,461086193793688e-24,1545980464630857e-24,0.9999998996057997,31155474559343146e-25,9495185657162336e-24,5586848466195899e-23,15607678799861272e-25,20951797253567617e-24
19732461404265862e-22,10319191460006209e-23,4692359183731203e-23,0.9999950465251443,3042461021685502e-23,28509037826726427e-24,7337327021360416e-23,38927825772686526e-24,2585610843141087e-21,3654291885175572e-23,36726543709293365e-24
0.004103711895861535,24966655644159696e-24,0.9958961507269143,10349133741441782e-24,3403997893416636e-23,12021876276375945e-24,22406482281871386e-24,5762103164981609e-24,10856374002008853e-24,75230524449254e-22,9451562319482058e-24
7149189205287127e-26,1048774083856069e-25,1215194478856627e-25,9969767985722116e-26,23096050702281588e-26,9397214214047949e-25,11850808056548048e-26,0.9999999972716973,599934004784708e-24,6958587619248497e-26,3580479606591356e-25
1608285052684111e-24,31452153157643653e-25,3365885504908649e-21,30977655416447077e-25,14171032445920136e-24,0.555784123534874,33167888181208827e-23,0.37515366884608614,0.06905848116248663,18923836495697937e-25,4973647480870589e-24
29436473164419434e-23,54354854583911174e-24,7236114215194497e-22,44830533415921e-19,47036743310379383e-23,0.07932423949408418,0.00019330076942735753,22973912476820525e-23,24904510913572656e-23,11914347703296976e-21,0.9204640408527618
4829086749467829e-23,2660240568288032e-24,58667896969098415e-25,9425489330629246e-24,0.9999976510409239,26859879054715312e-25,3842565007162723e-24,13969013586267868e-22,8085870109833835e-22,6642151005730793e-24,6405661841735676e-23
5739007371335374e-24,0.23946839961534624,2573295713497855e-23,2436161188101327e-23,16653272285902177e-23,10894961901721216e-24,5710190040812796e-23,0.7605304401136628,8953972853735247e-24,26488682695243864e-23,5960670508524656e-22
3989477200852509e-24,3522336020945177e-25,4155825961735662e-25,4095741433881112e-25,3723919403758727e-25,0.9999999294179999,3879864801281841e-25,5520931189246538e-25,23454609322545334e-25,5313416607361629e-25,6122903527810031e-23
1824431320141246e-22,2587703636928731e-22,6222599102360592e-22,1667795517554948e-22,12792176937489017e-23,0.9999929561471136,6510204522566115e-23,2536108056512232e-22,24458239851040466e-22,12818071566988906e-22,16393341880353404e-22
3837756946319316e-24,4496025570579235e-24,380428955179425e-22,28356165047098852e-25,27968338568698038e-25,31987027495319297e-25,50054926929052395e-25,0.9999992709401744,6603303823248885e-22,14421521206784279e-25,7073960776055651e-24
8028722620383926e-23,8169527189298437e-23,27213816083262137e-24,0.9999996928020312,13135185506409633e-24,4461899915039023e-23,3636110499862275e-24,3534618151480039e-23,4685372318913005e-24,8973007337927456e-24,7606972911063583e-24
0.0003824290136436694,16375118718297502e-24,1984568476918585e-23,0.9996166062530153,3632199947750299e-23,43948546517712135e-24,12541222374948959e-24,3896054807212155e-23,7394409141192276e-22,33377348948992646e-24,23921975310418976e-24
0.006851255232131807,16535825149315931e-25,12826734311997705e-24,13866207250517945e-25,4530592242575957e-22,7603017471609623e-23,0.9931481038828021,22188185066294935e-24,57796176432889105e-24,1110814134058769e-24,14832088273630379e-24
36657716788780095e-24,0.40647084584500603,5786822860654786e-23,10470607680869335e-24,634604445251194e-20,0.45039103788272344,3016604414988876e-23,55909382551776436e-24,5083413198031832e-22,0.1431310058795027,6493594894495966e-23
5471731083539936e-25,32953547156643354e-26,6480781278408841e-24,8781259684731207e-22,41163671421204386e-26,0.9536316020943942,3144180305643034e-25,5630590755015047e-25,44235078650849016e-24,0.04636746596462862,9316076444395293e-25
13253283469963698e-25,0.8453890548723078,4027557997332375e-24,21130647218597494e-25,12274130723677252e-24,18920117883270804e-25,6217286266459691e-24,43532692007965595e-24,0.154610863938734,3122789963021718e-24,668442079873629e-23
13771796270448568e-24,3639858863172622e-22,13536005296255929e-24,2087134441476426e-23,7643999934860007e-23,0.8432651035951052,1377968304418784e-23,0.10247107644794035,0.05426327479496228,11870250325044036e-24,30907257456900324e-24
0.0023377653809981674,3345371631075237e-22,26310658418537263e-24,23769097902334074e-23,7390191077212763e-23,0.0012802137612044546,5189121700294886e-23,0.9963802956424144,8935722777291907e-23,41216213429001e-21,8703090696565402e-22
0.0016441481780388682,5078151248915037e-24,27947140223792547e-24,58992224036904744e-24,6872765822785698e-23,38650418235860215e-25,11099773255978343e-25,5880982038836949e-24,13926541136136425e-24,0.9983556561106869,1018357153784489e-23
0.000543695155742287,21874637799961952e-24,22586348056201867e-24,25224725659760723e-24,13088726288128897e-24,11029335012052857e-23,4199128276210932e-23,0.369931882567472,41503751739999795e-24,57147558860989246e-24,0.629524088566403
2466157660376364e-24,6026958551207332e-23,0.9999994007727965,8970719925193145e-24,9040644711653247e-24,17604122419579222e-25,22232455717455137e-25,2402293870988258e-24,5088848339503344e-22,15826657318842154e-25,16266190918770546e-25
0.017710783519210835,8656936696379325e-24,13953816000246925e-25,17304917905853587e-25,53382630885494255e-25,1884900467854732e-24,13350543968666159e-25,22467910134589993e-25,31416267755160853e-25,0.9822891850383272,5718395230720051e-24
0.00920433492645684,496889021663541e-22,4915522798599823e-23,23187294945875408e-24,699420930029179e-22,18296569392913696e-24,19953515878523788e-24,43665935509000406e-24,9085196951441454e-23,0.9907952754998964,24832284179960638e-24
0.0022272888257889893,8095695577635575e-24,12604363531514595e-24,0.43573898088705454,6534161376006649e-23,6892003719659776e-24,6423855446038152e-24,29506047655543373e-25,12371818449091243e-23,0.5620335002421918,40125741472978855e-25
5838274806221067e-22,4502862320055563e-22,8820969005594108e-23,233563179871481e-21,755072060878632e-22,0.9999873493789746,3523479672081965e-23,4283922486592566e-22,6546654722039565e-21,18619045986884513e-23,4022754966194605e-21
19453257008513225e-25,9654022445073213e-25,2267975398585481e-24,10519666112138821e-24,0.9999999453727993,9027157027149503e-24,15754528750429613e-25,16579170307010705e-25,1362131936722177e-24,12509073226892145e-25,24055612434747107e-24
2885943169970841e-25,3912668750285054e-23,2851727029078708e-22,4194127637593502e-23,0.9999994416194594,1049324779686436e-23,6265240471792986e-23,26147687950125678e-24,31740726798398623e-25,7495112722478685e-23,14432787035719223e-24
478667481990056e-23,37176967484239024e-25,5777179426854128e-23,439504410329115e-23,10332235448156948e-24,0.9999996719738007,39191855340357506e-24,10286522777099614e-23,1716752699987132e-23,5154065303710961e-23,3625750081963182e-23
7919938166976526e-25,13563828045959158e-23,8095032364327986e-25,14954417178703955e-23,15850620487567357e-26,6056048575239186e-25,0.1662472852640073,0.5403352511606158,0.2934171208264511,1019611089029261e-23,4500475495382652e-23
0.013525085092417647,5114699559750532e-25,10514175209474694e-25,26651707365010573e-24,9706949152105234e-25,2044435604202327e-24,0.9864748680475368,5300692155011658e-24,363543693123894e-23,14276210786511446e-25,52674128230622084e-25
0.0026381191547050513,29063110925912125e-26,6219450788512264e-25,34815852009857324e-26,42414870403828627e-26,12094872061048682e-23,34933024395203147e-26,17306750681108885e-25,15066233015632081e-25,4932622077372132e-25,0.9973617541318002
0.004591352336587316,25847750452303664e-21,20285588463538043e-23,6448932754754106e-23,4384579375675776e-23,0.41896217180068024,3410768207954215e-23,12461196296716215e-23,700409946329691e-22,0.5764200292403922,5892023376531629e-23
20038436456862576e-24,6863144417858186e-23,5096376375562823e-22,3062069154875809e-23,5164321434250243e-22,0.9999976276245824,4469960709224816e-23,9228005282922104e-22,11011426085313886e-23,5190048551945804e-24,14421061892443102e-23
7567259999557658e-25,6598683641245399e-25,6520191050620105e-25,4685968668332616e-25,3533779041290609e-24,0.9999999404220287,36621499002699816e-26,5683237726074338e-25,51193748712122e-21,5414785924787859e-25,8388992753641934e-25
11584303844642985e-24,5109108165523226e-25,21429353891135395e-26,3590093962968214e-25,2746499794579109e-25,0.04609544344146275,0.3649638992145718,0.5889406422072163,14274814333345926e-25,32535611462522883e-26,4406868924984693e-25
0.008086740354194726,2873709727367143e-24,0.00040805027635719155,32832946797661464e-25,0.39877081551409416,5934751225732881e-24,5792943294809191e-24,19632379448753925e-25,23701996054152452e-25,0.5927343663763223,526085760829787e-23
0.019187809269044464,47374448073040784e-25,30720029902646006e-25,11140448279286038e-23,37002760872510726e-25,9976142219986283e-24,2054420771023757e-24,27800889576415575e-25,9492790348506171e-24,0.9808120343482022,9166037690010608e-24
1262905116768428e-23,3106197439242046e-22,871818270113003e-22,13928499191477183e-23,5179223206803693e-23,0.9999990397076874,2019394986508123e-22,10962285848619807e-23,13131833303602752e-24,18121238800836667e-24,1596910654769901e-23
0.006418193190330684,2262925669949283e-23,5180840098085804e-23,0.37212401266567785,3237586368155237e-23,12939350572735813e-24,0.6211993037209105,20091557231312892e-23,0.00025807873007051415,3442953633316765e-23,5659457909472477e-23
9006582580189605e-25,0.5850672896008303,7496605439733132e-24,5341167108696474e-24,20393253510259246e-24,18123316472791098e-24,2093851442482161e-21,14308796050210578e-24,0.41493005916120423,5029036759880061e-22,1448100525598188e-23
0.005501793352324297,4428447444019619e-24,6889054733789923e-24,70583789954770635e-25,4787520485833517e-24,4446323458813944e-24,3087429030228542e-24,8568314949991763e-24,48397032378203245e-24,0.9944981064734599,12511714157955784e-24
5920146970644942e-26,2905348118227343e-23,21268978870899824e-24,632086543496204e-23,0.999999782768417,9606553173796584e-24,10014733188593798e-23,14818666173483784e-24,6019951886330066e-24,23460920513231214e-24,6475669332700991e-24
5420237018940733e-25,0.4635658785610083,984499401774952e-24,5812609093889723e-25,1187504299405853e-23,24043891717440376e-25,251166450249836e-24,0.4302442904042276,0.1061895979572127,20812221522993977e-25,21435795279772118e-23
4679636364760408e-26,8686980263906042e-25,3937684721057109e-24,3663891264559783e-24,0.9999999846614228,9428508903852275e-25,36326334756758715e-25,9475500041782796e-25,10760608922330424e-26,664987583876214e-24,5259781786622645e-25
14144095762968922e-24,7365907521084765e-21,3885762924400827e-24,1671037920290859e-24,17502350669421566e-25,0.9999822164835148,550088353560976e-23,8350151048227487e-21,2019439133427533e-21,4501002474524006e-24,16566219703620467e-24
6615953950483606e-23,51511908792199266e-25,19216948730403104e-24,1288342520240854e-21,9932399844162357e-24,35638052193751264e-25,8464126358820623e-24,0.9999985774469099,3598095962684527e-24,7724045560725886e-24,10400864873321142e-24
11599603019415491e-26,0.9999987822203104,22498807606449977e-24,651190536916273e-21,37880995174360246e-23,10744062975066762e-24,14114656017789611e-24,6516589489130395e-24,24362145569978145e-24,875560793610057e-22,21870877310548406e-24
10558747411967769e-23,1983693546868392e-23,0.9999993468302618,2694570934705351e-22,48172340108819016e-24,2000237182413854e-23,27198811052431717e-24,53084549050431634e-24,27976359210273696e-24,518809850765229e-22,2997526570168049e-23
140131656879685e-21,0.999996593027518,17370686184137046e-23,243882955784685e-21,2406382914354325e-22,9058283907804184e-23,21742385022144548e-23,5383140010332781e-22,13712581779706584e-22,1389354684645141e-22,2520984116426845e-22
21105339946934225e-24,9604757090098872e-25,0.9999952792305826,130399563199773e-23,1741412135313489e-21,25407614608058534e-22,460917059108113e-24,14012791342149977e-25,40973725546884863e-23,24853478057795577e-25,1141205372091144e-24
0.0066501426484938606,33841343190679695e-26,6694124870632073e-24,14928860473320035e-24,20497839076107603e-22,875847424624704e-23,0.9933477670451764,5160220395186694e-24,13651871310240088e-25,6376683768686443e-25,26394441387144802e-25
717408934551884e-22,21716101621605194e-22,8764497330671951e-21,0.9999884319134776,22865151309396116e-23,15581232157573546e-23,7771535278892724e-24,3565104052326201e-23,9174444962618106e-23,3186779562121039e-23,8739481381781024e-24
5046216662967308e-24,891086966520157e-23,835227280506874e-23,23357586472742373e-24,13295692338522524e-24,0.8845126509383248,27348916365153852e-22,2431690258195326e-22,0.11548420218118373,14273111191988796e-24,955842316339767e-22
0.005072565759450482,997062770202014e-23,28980842367504808e-22,8815513602632097e-24,18417732255803375e-24,0.380467258034614,409163055635574e-23,5363587020130246e-24,7844081573931185e-24,0.6144572147302234,8888272143205108e-24
17052153258711181e-22,17950776477756845e-25,2450210366140612e-24,0.9999982619108608,20722074271901913e-25,21498132586193414e-25,4401689384009744e-24,16433596823915738e-25,13498370679175341e-24,13933742208159081e-25,34721240677079685e-25
7931638552073958e-27,0.999999979528378,1770599026361516e-25,8166569800306158e-26,300484358788894e-25,763312272489108e-25,3027894858866876e-25,7007997366547997e-26,14686227035193113e-25,18236340192896713e-24,20961501591118263e-27
33139716130357543e-25,571588791543102e-25,6335958125067999e-26,14333765944528976e-24,4964554652723684e-26,5354269777566484e-26,9394724116402157e-26,0.9999999809106082,7017379824149122e-25,11477379729416191e-26,3049118435307405e-25
23391240970380384e-25,2309596509696819e-23,3502502944788353e-23,10591838109189258e-24,0.9999995446801091,3445845877342041e-22,12135921847669335e-24,1304469481548814e-23,339697946609867e-23,32304780304861286e-25,7875236475248923e-24
1305689555797697e-24,4523561712795781e-23,2785048389392917e-23,34041327275180784e-25,13177285607250157e-21,0.6943233523907332,211635944036999e-22,23040686963219636e-24,0.3056632996219336,1789775805385392e-24,4691179889365041e-23
9375539627762801e-23,783739858516326e-20,21924427247102743e-24,0.9999907005350857,11019777688551852e-23,5151603906481956e-22,31797269186515384e-24,7412563646581824e-23,4591799630571146e-22,12060391235465774e-23,3532151122700748e-23
15364363160371194e-25,19118049201328654e-26,28025394331281773e-26,18843740206225786e-26,34325108402997957e-26,19171116683626108e-24,2301073922162707e-24,1623594458039106e-24,0.2151367904722629,6104449591278999e-24,0.7848631777879433
3036309986471416e-25,5213855621922334e-26,4560721704405626e-26,0.999999754719906,2523168880023884e-26,297837327734532e-25,3934764382150547e-26,43938956301546105e-27,2446675074665029e-22,3841970494419735e-26,34192905830069e-24
7705425174124386e-25,0.9999998790086506,17187637665591252e-24,3748078631585989e-23,9756532321441138e-24,7755205558616516e-25,9555752686124305e-25,21354841092466246e-25,3216274594206088e-23,1793724476447124e-23,18307724653795469e-25
10302264799052732e-23,36391623078166723e-25,44145297197604655e-26,793303429952382e-25,4858196957747061e-24,5913330218705483e-24,38262742420051335e-26,0.9999998307859602,16315581217944794e-24,4565394251658956e-25,3410517470406622e-23
1270067304316666e-24,62006294067035e-23,6661869561479835e-25,27088715522052727e-25,13715662421769978e-25,0.9999999799876312,6998429330800024e-25,5082705388703428e-24,2251726674647791e-24,4250907349936769e-25,49168668117480236e-25
14764540049819896e-24,24583464304300284e-25,12961432889572462e-26,53188492935522953e-27,18781566350339897e-26,1211909777798736e-25,5667658322714151e-25,0.9999999796293662,12515812368478348e-26,50712752137413373e-27,19133270700852997e-25
7345491286324319e-24,10465180342947599e-24,0.9999982345225963,12574673304294915e-24,19358502769523293e-24,59683470697609774e-25,7435291935613678e-24,9943091230628262e-24,16776283252167303e-22,7361138765459419e-24,739741265800956e-23
0.001712015394468493,9875212899878438e-27,1597847097084719e-26,27838633835276376e-25,11154149938511102e-27,15072316898982215e-27,0.998287981716311,15763055863943018e-27,8774326278591783e-27,795604406400285e-26,2138697311866324e-26
3879144553766024e-24,10340698189996018e-24,35030173315300135e-24,0.762188496595303,842364490010041e-23,7875446891404542e-25,5962270422195695e-24,47261077604134755e-22,0.23780669596237414,6632654579942011e-24,10278431898776426e-24
27440711566697147e-24,8484277641687952e-25,4897896488582886e-25,2944365925455475e-23,9519792372010923e-25,961415858493754e-24,2151741310670316e-24,0.9999998755910862,3683500880958324e-23,2119914599094943e-23,4087034800737799e-24
2465043539344388e-23,27180017670613525e-24,11276524866559779e-23,18618946156195025e-24,30131270116675202e-22,13549165186084563e-24,30645577030450645e-23,0.9999963921212276,2525076345102451e-23,4368273205572602e-23,22597874396551942e-24
303473277885612e-23,36312123429721e-21,33873898479338675e-24,5297694882060963e-24,0.39768710406644153,17103844425490254e-24,4680607700026082e-24,3990541224733169e-24,34484552428599648e-25,0.6023127833643668,4827288547468026e-24
9502200757388921e-23,5758769941680929e-22,2313552174214748e-22,13066171571309883e-23,25309397013510186e-23,0.9999982256357163,8079218635377852e-23,11144790040721153e-23,7809550277001026e-23,1753186959196944e-23,20048690408205797e-23
10273401324050295e-25,34392260082377684e-24,9417359591281429e-23,9831221154084992e-25,542272220422624e-23,0.6500157778939925,9166681174135574e-24,9903108476697809e-24,0.34998365523605984,4085173251017088e-22,32838273575746668e-25
14146723347618443e-23,0.9999983707308518,3906124230894488e-23,5952547786014418e-23,14293554593677823e-23,10864545979711767e-24,2225320476936718e-23,5555937130599477e-22,4652638101400652e-23,39987241619714106e-24,5710545018924995e-22
9185442905200157e-24,13066874886867888e-24,939852537161952e-23,0.9999999134386605,8679883686180856e-25,8424018100875995e-24,4980884117743363e-24,16723193829465427e-25,32962206493963205e-24,43702782018158515e-25,1632801682456449e-24
8166750857022139e-23,7830171387210723e-21,3442429098870414e-22,0.9999866258270087,35878969996521525e-22,46564406060065604e-23,1985010425174419e-22,12302188904898415e-23,3323415699754945e-22,18093151610679244e-23,22975408344721634e-23
22194319162688572e-23,11822688293467236e-24,26971119403235823e-24,22168134469266205e-24,17958312095549945e-23,0.9999981862053803,4195389264767795e-22,3674744536900454e-22,5252825233737102e-23,6902166201195535e-24,5048625761311078e-22
877741016559476e-22,881620403299907e-23,29393482578915843e-25,2938118050631051e-25,10448062764347287e-23,14691296496048564e-25,5802544039233642e-24,0.9999996653891505,1118330096685878e-22,35887099579968803e-25,7613357663560107e-24
0.037108730670527876,4549499829020176e-24,4627588958030171e-24,4919931837906308e-24,40586554937539935e-25,2366822202557589e-23,9163749809752914e-24,9483652991712907e-24,22698432572298695e-24,0.9628895034250073,16827330946000686e-22
3422831082157629e-25,9033568653567248e-22,20198106304380827e-27,0.7751464050565453,944136459184239e-25,0.22485269088484972,20250462875665057e-27,10784918169269139e-26,16998191540735814e-27,367109170335673e-25,6303387688900169e-26
2171214487560458e-24,39324137638488336e-27,8669334796591993e-26,20594057904124795e-26,9279196561825714e-26,5513059825144418e-26,5484707146363576e-26,0.9999999966454841,41384005360628817e-26,321907188440771e-25,20288244474924109e-26
25675708437603e-21,3748436528582025e-23,33438464705751717e-24,0.9333659710516073,14822667306795515e-24,6533896824714276e-23,16046391864803327e-24,4640793296436942e-23,11483669801492988e-23,0.06663365453970684,20357487635295722e-24
19271798304805682e-23,8803233751017952e-24,6463550051882654e-24,5333416593898487e-24,0.5000689302608479,0.1417965111850493,0.35813432486077046,26088310365809603e-25,55579545138283385e-25,35882419813861034e-25,8620160208049164e-24
2376856753778897e-25,0.9999999903970554,17851534324346833e-25,905881584192152e-24,5776137928296606e-25,27813038490112763e-26,23817304040021326e-26,17614825600263282e-25,2524657780540018e-24,967962934503135e-24,3252754819153682e-25
0.021437187851158526,873964897149862e-24,31573135600861404e-26,37260814517093225e-26,19630578559916257e-23,20388826310757478e-26,4025420932291445e-25,46118726084240315e-26,32186997156634747e-26,0.978562612011897,8794024815665994e-25
15988202188629944e-21,9988622613952115e-25,1350778689059647e-24,0.4898654890931992,5051643836680391e-24,16171226718909386e-25,0.5101185066030236,8810083923443863e-25,14265930069180716e-25,32901029706343485e-25,14857631282570983e-25
2347613645609068e-22,0.9999996801046545,14513085717903684e-25,3707414029631736e-23,8593315669023475e-25,15418662882856967e-25,5697355950091703e-24,777959669253567e-23,1129317031293823e-23,6134011283232208e-24,13303196752352974e-24
27719169728427307e-25,1325026332094125e-24,963253709350519e-24,16988732920454823e-25,42383078633548915e-25,6795217704422558e-25,3889055656716162e-24,0.9999999535436481,20669697508166563e-24,7984169610571238e-24,2236527107470164e-24
4738218240211419e-23,1739250927153152e-23,10179422668243374e-24,6599542452975326e-24,6759503950952198e-23,5631474270034029e-24,2884529482197382e-24,8505236366734203e-23,3123754127378512e-23,0.9999997160154311,10029963843144923e-24
57542483265227964e-25,20303628926718917e-23,15817187936148632e-23,0.9999995245590558,6385173117391435e-23,21819764829296564e-24,32035069916660876e-25,57622078454034994e-25,30825725453475628e-25,25761608567289408e-25,8183488984753316e-24
13844124040014335e-23,4750291236072375e-22,4380747934046391e-22,17027107246543738e-24,11281620894557288e-23,0.9999973551892759,50624827974037014e-24,8349179523410309e-22,3940215502363878e-22,4224606757280277e-23,14161184051819635e-23
21767218000266096e-27,2768077734473515e-26,13761375725833395e-27,15943232285243983e-27,0.9999997819479505,21782484774588015e-23,35238128093371144e-27,3242038217229397e-26,2158635081051437e-26,25216293857915636e-27,33646879783388633e-27
0.007746626322241946,14063165400210896e-24,4510600436355988e-23,10341629408031128e-24,28649338272057456e-24,0.0008432901273605757,2549471861273005e-23,0.6613474141141181,0.006007740051665279,0.3240547172923299,884379601631184e-22
9065296337463233e-20,2994535522698625e-22,6442197522388897e-22,5076850926464894e-22,11125784356058204e-23,11960030322549553e-22,36005466722455536e-23,20127286003054687e-23,33865979336839816e-22,0.9999023974177013,24307316722764605e-23
22926271426359297e-22,19500952837650835e-23,0.9999414062063073,4299791163800596e-23,6446097166669485e-22,1887923535872282e-20,354831093548765e-19,23854082204969244e-23,3359694037376987e-22,5496321954027572e-23,4267312351808953e-22
18523346409081706e-26,5178779069041406e-24,11882787236442017e-25,7293761901632313e-24,6452386700477223e-25,15941244864013664e-24,10962144594121068e-24,0.9999999465994134,5471593348631525e-24,4960936316799765e-24,1573375643725764e-24
3290633973346039e-24,10577042801737962e-25,38073007142867696e-25,3049367110781319e-25,14619282198332603e-26,6611213312129613e-25,639794268432258e-23,0.9999998810233879,9792026191694203e-23,4839909880233221e-24,550174159343465e-24
3905665524857365e-24,12134128927638809e-24,5140415517361846e-24,0.824900759558249,0.17509917697344815,34753366303435784e-25,4536623155738732e-24,23586852021095174e-24,32974506083856636e-25,2924649178132829e-24,4467180291970313e-24
46178755840936084e-25,3730216651091016e-24,8990272163322375e-24,24280216711733138e-25,0.9987329430946881,3455448221821936e-24,3062224518664679e-24,0.001267012718723563,5468120073520275e-24,6073070975061213e-24,63621930009580816e-25
3622351236699075e-22,6138675970437273e-21,8506527021079178e-22,37858431816505214e-24,14825314753962363e-21,0.9999757369206839,11310746494586115e-23,13676993883079917e-22,2079091312735272e-23,7991376983581118e-23,46683079144494886e-23
