27189482728537797e-25,8758814506745844e-24,0.20478150931344657,4844697556937531e-24,746105990337459e-22,5574905719460367e-22,17044322036941962e-23,0.11970453500325268,0.03713245687496596,4271819456447002e-24,0.6383806756696626
2737718577192535e-22,3332271781024275e-24,5195785218534292e-24,16007202156611744e-24,9416852901847682e-24,2752405280603104e-22,5086486121663253e-22,14645224086175329e-23,5330598019160706e-22,3689561309985469e-23,0.9999981920927306
4473383622408521e-24,7333216819533301e-24,21663586437874934e-25,2507770570748162e-24,19531127051569406e-25,61830807436856e-21,8146651978607387e-23,0.235639604711424,0.020167705548226743,20256040969099956e-24,0.7441925077531397
0.0013071047972376874,50542274527411416e-25,4621205734265983e-24,5511978843786594e-24,5846640766162176e-24,0.08477133831525205,1682911709349748e-23,14585134706785974e-24,0.00038626883154451635,0.06144774016057231,0.8520874954470877
7739795180627287e-26,7174375903335975e-22,7212801931448992e-22,8552945650665232e-23,0.9375827448447102,7085145286607478e-24,10809337466827445e-24,37921124177080985e-25,13233473666502875e-26,0.06241570796300468,10488971404539133e-25
16472424393906147e-27,2576322136016087e-24,1049154689601949e-24,10702411197790197e-23,0.41778127671124465,3874358876761078e-25,4623576330724755e-23,5059697454718437e-23,56599269547830244e-27,8250049537121118e-25,0.5822185145215502
10977110024511818e-24,0.22388298026140735,34534423129783536e-24,0.534039706107955,0.13378179521956252,45897000036382584e-24,24110573523845445e-24,51077593452872685e-24,0.1082952987931832,16643298348658158e-24,36376445014176136e-24
11610097347422849e-26,1405879101596676e-25,18738193045262904e-26,9705597177820765e-26,2565971158387973e-25,3844365921033787e-25,15599187492625372e-26,0.18875688577500266,0.005239093505836134,27449677908079344e-26,0.8060040191064933
8049396532968088e-26,24071152611464058e-24,0.4212531659701327,4785903820604824e-23,0.2400066425525993,2435272011744915e-22,19261326932948843e-24,4407835002851849e-23,0.03239414619949795,13670424308147031e-24,0.30634565574048483
9444776983794117e-24,13174820040381521e-24,0.5661645035911099,0.3094463111243787,33224543254458165e-24,18402659222709754e-24,8175369805586084e-24,21325965360359865e-24,0.12438904715902907,6654091988091925e-24,2772363870393229e-23
21451852777882201e-26,18133148656592255e-24,0.40495877549856524,0.2872015860544815,17186537274627876e-25,0.0837985102485782,16580101930729652e-24,8559257259943953e-24,0.08983709294882662,33075297482418313e-25,0.13420398674065212
0.0014975985098030769,9367073446046207e-25,0.911214579105896,3001437568139078e-22,10530345214877392e-25,9237736635252305e-25,5490198283269127e-25,8645958833596242e-25,0.0872875160510756,533781962518759e-24,13427213290417617e-25
3873846839238215e-26,17076604570166948e-26,0.5465736372610331,0.186435500666603,0.1866865240900627,22965908814598394e-26,16520448114432115e-26,18943522563188872e-24,0.0803043175682832,52129242676333184e-27,8139933659035137e-25
11056507444358212e-27,2383112296755331e-25,4563382380240166e-26,0.21651744112267338,33533287974060436e-26,0.019023611290229496,9750436407010063e-25,3135454120858592e-25,0.041524736934890144,11011281671029591e-24,0.7229341977225384
11156350647983664e-26,15727385498897066e-23,6422650895157529e-22,0.4085365195101894,0.5703360512409227,32947098160922835e-25,4277487962842679e-24,36542696791531055e-25,0.021126186674102956,4224366916961736e-22,9268464132485075e-24
68524448389895e-21,50689761328546523e-24,6360501588077535e-24,23475656733387874e-24,35582595081023143e-24,1201063496992312e-20,17889665647966823e-24,0.07663672122073152,2128888280554083e-21,10624084459829481e-24,0.9233489261093052
16872847742258332e-28,11976637758796025e-27,0.1930076750417655,6773356792833372e-26,0.4618964395092706,4400053121513487e-26,20024113038747662e-27,11233833872244363e-26,4218231295480465e-26,81590285374534e-24,0.3450958850674209
0.0015421977035898723,2574069474256969e-23,1760491099527861e-23,0.13566068266918233,27458534742329813e-24,5567859332774829e-23,2442797065638167e-23,33370729651023155e-24,0.0181860280172973,0.0855484324661907,0.7590624748623084
1187351555385862e-24,5372326994844559e-24,4968463976296789e-23,7236134419256267e-23,0.1603996896365938,0.013653362001503877,14481420738407465e-23,13978978494130022e-23,11355257705869504e-24,5887987976179681e-23,0.8259464649171309
34227369803041174e-25,0.18579770824505856,3066184407357503e-23,25602327963355017e-24,33727293872392266e-23,24552543430347547e-22,6769127076337838e-23,9930331424200104e-22,0.009595684991946747,7272000528068025e-23,0.8046026211043524
42585655686613815e-27,0.16364665139971418,4876773757290728e-24,0.4406544659520954,0.331403590418704,30717958661876314e-25,13535513577948291e-25,13468513066444633e-25,0.06429527913684437,12798249685529185e-25,11342022167071925e-25
15980931094547092e-24,0.05963494548247892,49836816767550994e-25,8737767666034113e-24,7576804450968354e-24,0.0004545695772597703,606408306131611e-23,10307864845355265e-24,0.000913106444678392,363172930300662e-23,0.9389973212127196
14811390866666288e-21,7617189333600093e-24,8825818731729082e-24,14448604351846838e-24,7405492062118632e-22,22350866316029683e-22,11520599979093525e-24,32758104251843636e-24,6560678643690199e-22,12826218102140191e-24,0.9999814689089253
2725662232970642e-25,20038621083339527e-23,11804033474175034e-24,0.6623949179799233,0.2215781632709421,0.0030068275138465193,6037157106153555e-23,6415966360642153e-24,0.11301957487580058,39034282106383255e-25,23318788742061237e-23
3442083491285378e-25,6215919275828846e-25,0.4347700697350416,0.23935656170283234,0.25403519654194595,1621193354459934e-23,2981525837176783e-24,6025561697514797e-24,0.07183807571001904,21803788651649895e-25,6920591031564572e-23
0.000596106372220727,30834158547639743e-26,0.20258527822285252,5779833012967246e-25,707145703351679e-24,13498819141439437e-23,7971723551031766e-25,7124300333226316e-25,0.016354840398924337,13016113129602634e-25,0.7804636356131416
2953696727451374e-25,0.019031535247256065,0.48469308068042427,0.30821497526890157,3185497664764288e-23,14479560018472095e-23,7942430257461306e-24,6310081340443384e-24,0.13082382736391512,750680176987061e-23,0.05723638273086179
38863743530928765e-26,305003075260781e-22,0.26649277290850837,13365364708565385e-24,0.4233013020649159,953485818881017e-21,13696095437308175e-23,25160883835226018e-24,1500771415863751e-23,36402409607551255e-24,0.31020474170199347
17551109031055028e-25,1971843884545812e-24,0.06495573245963693,14521060243383394e-21,7557082214548892e-24,0.04156356009326353,31019949754276854e-25,0.00017413538498025054,0.012297887830377347,3321837327091539e-24,0.8809941454636276
11518248813911574e-25,0.0071884641538605245,0.2710782702058423,0.0050276690104218945,18593228281147592e-24,9160169275098672e-21,15108887071660913e-24,8227758182561456e-24,0.05010551705768149,3790248637480539e-24,0.6665908725310039
8923816763557879e-24,38759944517987666e-24,4545911881036316e-23,0.3480271104458458,0.6519726771816916,17504034054439933e-24,22986475500299793e-24,16329192310661372e-24,2872738849960213e-23,13761126431271478e-24,1992136916961022e-23
3177191338109477e-27,13304163060411297e-26,222600972942085e-24,0.1368509868810982,0.8631489938424641,8251246416314104e-26,170431090601152e-22,10146655652765051e-26,27990717604144484e-27,11661631833555886e-26,15444585740808392e-25
557227417195463e-24,6011066435373811e-23,0.4610362189101316,773196830539844e-23,0.30621955464965017,3792865097161587e-24,2800514121044777e-24,6319660323134603e-24,0.03870906529262337,42551135827299947e-26,0.19403507955392627
4717263317327953e-24,3838684385110416e-24,0.8218308404317786,1882669371186009e-21,0.06749631086782497,9966273172979119e-24,16813086830852263e-25,5472720705989285e-24,0.11066968756476374,11770247505836007e-25,12516122564526413e-22
20711293061608592e-25,2067507189319094e-24,0.6863373593866089,0.185654031140659,67066248197376226e-25,3768419918373122e-24,1764169300481321e-24,3117692758250927e-24,0.12503450975722394,13191302162087086e-25,0.0029740789029532146
13111460563755264e-24,25674587388875724e-23,3552814448719237e-22,0.23027911395568637,0.769718785951689,2859520496679646e-22,16153612828948265e-23,1022440409885147e-22,34532487805612455e-24,4287879729402557e-23,9406376188258222e-22
14168120365648649e-24,8165209985524047e-23,0.6320750134574022,9086348131865702e-21,0.295586414752777,47702199633091714e-24,4004013170653859e-23,1711734744748478e-22,0.07232889029375776,271050921185021e-22,2133069173064935e-22
12580372329167747e-24,2903893616944765e-25,0.7690185902049491,0.10171635777910176,38241976677577784e-24,23233911166580387e-25,17988726475932767e-26,44124866819506623e-26,0.12926491321009695,8583916734589299e-26,8466267948897862e-23
1167547522634812e-25,7507313793689022e-24,15364312542471688e-24,1138589528529995e-23,0.598408144726418,10500109906790294e-24,0.03198924227517043,0.029635514772316743,644371316098996e-24,36356632327492373e-25,0.3399670491070546
16425323293169667e-26,3072746022387129e-23,9675951550508518e-23,0.36852786146672945,0.5001412792502297,639807321962542e-21,3920552308097318e-23,38548977824566066e-24,0.03804418530292064,11652295990790203e-24,0.09328581711539077
0.0010852443130702758,25470378677015226e-23,0.47779594465404074,193389788670349e-22,11137841135758483e-22,26009591736105517e-23,10646827313262837e-24,12561320702755087e-23,0.06653246705339246,8243232932957396e-24,0.4545845515531596
5066914688579719e-25,0.009333374509728685,7444463862045927e-24,0.14514353605859645,0.47132074131233304,9220806458319609e-20,6741902258465957e-23,50274390778054637e-24,0.022463571208300347,4172835277246408e-24,0.35164643902906817
4251087902444854e-25,7215785073652735e-24,0.44712726441775336,14247549491745204e-24,0.34072682525680814,6074513713793672e-24,6096105242582653e-24,9071516544112215e-24,0.06053119100195504,2897212913167828e-24,0.1516146929216106
6228272894246248e-24,2587552006828911e-24,0.6741710135677224,9092354260950965e-22,0.23643223129079496,4428440704121204e-24,2593272885005285e-24,29959957203952393e-25,0.08939581606994697,1949297910590718e-24,9054908429047342e-24
5530613949349797e-23,1419035448905226e-22,0.2816804097319832,0.1599986688804088,0.5092753111618634,31875851569020775e-24,28522213763736178e-24,40578337595329443e-24,0.04904517654213424,25561522925333878e-24,10992243478773837e-23
3978418524456253e-22,14982453510854514e-24,305341301219072e-23,353074408630893e-23,8454482908398425e-24,0.047519407041260474,8855852778327116e-23,1480200012483646e-22,1858752516618634e-22,9098905955191183e-21,0.9524706437360515
7866129329779811e-24,8324637285776097e-23,4532602862468734e-23,0.41149765189822757,0.5749300172701631,28838128784429666e-24,23735309724207866e-24,24249403523966363e-24,0.013572053320174134,23830844263470948e-24,4041920151437201e-23
19225521109069335e-27,2665011196328914e-24,11338458574848398e-25,10698093960268045e-25,0.9617217732405141,13803918392288277e-25,0.03827821883745256,11607067299819525e-25,5616692135285546e-25,13435864441432304e-26,2517186650733864e-25
3862350266583534e-22,22268958369390677e-25,0.8214596447523516,0.00011038393770933979,6800331681238738e-23,6839832130291275e-23,10485639379868276e-24,27057413340701763e-24,0.14731495669771683,8949499782185077e-24,0.03111444325613194
15298251841011764e-23,37033341656323685e-23,11336426488429267e-24,20225449525887312e-24,20038282608724437e-24,3133620317101991e-21,12761649624142384e-24,3235708873312675e-22,0.009819037660730468,18786668515862396e-24,0.9901768986836536
9770973550385621e-26,260520256489691e-22,34622523472126975e-23,0.15943854244416103,0.840561070338395,19486540867423432e-25,6267477103642444e-24,33788063459175927e-25,4684032631904288e-25,9236617695910311e-25,3388229594283094e-24
6790603555894687e-26,0.014758712447201738,0.19712175353395797,5198606481407198e-25,0.34948563422001916,7534759565378525e-25,33690697732071114e-26,10901532014648823e-24,0.012914034527796912,27758883924214857e-26,0.4257198524137763
9795288240278525e-25,1865679192780494e-23,8513051673094258e-24,0.1791454128249604,0.8127624370948761,8912858287635851e-24,1150086445339265e-23,28547403754365197e-24,0.00045272132397878933,0.007639314362059604,37285815610327616e-24
11941413002600418e-27,0.16582527152670218,32159648808957584e-24,0.15151007976514538,0.6280261667487861,3083867014062147e-25,7450977487378497e-25,2853983932371568e-25,0.028465550677819813,0.026172769538821573,12823216561000898e-23
11438265458496017e-27,18158366794771915e-24,36091021301340334e-24,0.5623759865347142,0.37212383147391104,1990530474486911e-23,3143324670644743e-24,4909380344817461e-24,0.06550008099579481,58102771679714205e-25,12968850139620253e-24
0.00020089461968411236,16383592809278305e-25,19970548013631e-22,9719115550925981e-25,887546769454042e-23,2829277563494813e-24,0.014930822399955938,2848473975432735e-24,33434603978877334e-23,0.0005032465034501827,0.9843646829868336
7112320441716416e-26,3669284860319641e-24,16589895621129162e-25,2258390913137203e-24,0.4921364094618426,6934147789372766e-25,16855948609697517e-25,5413107604896815e-24,5265191207083005e-25,0.019883055474237764,0.4879805190875368
0.00042525393020843193,43062387317107635e-25,0.21147630171945148,0.057374344224925274,5642454138410846e-24,7821454491708784e-23,16498214033804928e-23,1871276579946046e-20,0.04218013266526494,15787549908197104e-24,0.6885249857614272
6928218765275055e-26,10391036123265663e-25,0.04010207712567368,25743449428492457e-26,0.9598979180959137,46002344620827076e-26,4592266880658704e-25,8415136327374055e-25,35871662861321874e-26,5267130424712972e-25,7734801269309681e-25
5986742920268438e-25,17605853215468878e-24,7402687213707165e-23,0.1139999113335846,20590066461910335e-25,6845357394852055e-21,8881415325643466e-24,0.04844974575081652,0.02054037319744242,2730473651409941e-23,0.8170029938841892
237111094405233e-23,9322778561563427e-25,35258967471524843e-25,4623552310833237e-24,4455461137669139e-24,0.15903705821002223,19960707004000853e-25,22182292041381026e-22,10095502612040912e-22,5309291415719921e-25,0.8409596955750701
7288125043084638e-27,706180810242982e-25,0.42366170201763603,5787708170837798e-23,0.4954760744551897,3275572228925932e-26,39953163984361575e-27,7730759743644825e-26,0.08086215019659682,28889625072523655e-27,15196735507099136e-24
115512054651627e-23,2833547802890906e-25,8284527125045782e-25,3391874195041577e-23,3538069403700641e-25,0.002376212007558426,5498798928452133e-25,0.06645152737321033,5236496693166693e-25,0.0010014684538660506,0.930170754552361
0.0005258862833299222,25811425763194445e-25,26483366199812257e-25,2755672027440059e-24,30391319936485043e-25,1393177491848562e-21,10864294125319628e-24,3799755453677041e-22,8226813562219305e-25,0.016803360082188745,0.9826689577701863
0.0019222088024736287,25360513011014093e-25,0.8697549654185024,20832435210272383e-25,25037084997208846e-25,4345325442600329e-24,9295359083380186e-25,2475406154081346e-24,0.12832263881070818,9156729415351635e-25,17117937221320102e-23
10099456809125658e-24,6006149574110242e-23,963020849865619e-22,19774184622146264e-24,4872978053564255e-23,14066288727426242e-23,39569839443673715e-24,0.22374044943046517,3793451868907908e-22,39422707725495886e-24,0.7762587166020237
4887201292632543e-24,34115949869687664e-25,3728726284430545e-24,27272168945477216e-24,2777653554675911e-24,24712348951366927e-24,0.09569006461472662,0.009582390398469413,0.02196354060730673,30259907236201213e-25,0.8727639345638848
934614717424468e-25,2306438937616975e-24,4160181088926522e-24,12202872828066052e-25,0.9299583907209674,715748512985626e-24,16193258725349955e-25,0.07004159141809337,19680932736317715e-25,8872555314473988e-25,4890153776229303e-24
36935199944307376e-27,0.01095259249414179,2505347634927794e-24,0.36852440162115757,0.5677374249151801,9177038252129186e-25,5508457511429046e-25,7974098588075309e-25,0.05278557409704178,10850358573444028e-25,980127956846385e-24
2907389041856367e-26,8816925892659341e-25,1022477810038549e-24,0.05087487922683529,0.9453260590668064,14756165718232898e-26,19745809494625782e-26,19254066557579815e-26,0.0037990587125201285,3236029443895202e-25,1993974748083137e-25
16448579933681452e-24,18266851898545762e-24,10743699785223264e-23,11249154612254089e-24,20856996129846112e-24,0.13174689855217545,745861486419982e-20,9984019410455219e-22,2389470326733777e-23,3270313251875583e-22,0.8682441192462192
7426824705554292e-26,0.1889382633078165,2517276426685167e-23,0.6838471901096865,14028932150123372e-24,3422967387408812e-24,19635142902693907e-25,12693167732885957e-25,0.12008748958159324,7234866622246538e-25,0.0071270103461770875
2788022769665365e-26,12357898982377838e-25,0.294774076355067,5360303940169893e-23,0.6784335710479417,1868536677799721e-24,37653219852153685e-25,11118678506483594e-25,0.026792284330638183,6495692959159041e-25,6003598882533954e-24
16338731925177932e-25,18378856272279233e-25,4598967828113712e-25,8746185023159589e-26,4202535718363013e-25,22327815465061977e-23,18650763721472952e-25,0.3156209370328778,60047352566461e-21,13273126101209184e-25,0.684378772010083
1815420957802048e-24,33763518034890672e-25,0.6389873589384172,3754821620713905e-24,1361204292655234e-22,18948414657945982e-24,5395019402479212e-24,0.07667788305291512,0.10674828114431115,16485611798394937e-25,0.17758630580530801
0.00014590460991416058,23350028445965874e-26,4962369881784138e-25,0.048453604894018246,10694428444491425e-25,13569852244879423e-24,7963143879111924e-25,990497085752286e-24,8830086936333065e-25,12116558511760065e-22,0.951399260801364
1040543507447141e-24,7383246216464166e-24,19808836978913518e-24,6236398880803348e-24,0.08735130599788857,59795881901278664e-25,5019255348124743e-24,0.06212006310096854,11407470104611112e-24,4692166028971908e-24,0.8505285693336379
4632600342863046e-25,0.05938276598406084,25930268269023528e-25,0.11326942325838195,22615369806231962e-24,10140186881626193e-24,11541921861521171e-24,0.0490140896975225,0.023929976253348223,12541563309826425e-24,0.754403684911376
8588688842793344e-21,9507563048109749e-25,6808407573061068e-25,678126925675478e-24,7759439346762874e-25,0.07981695639278175,25649235148787265e-25,1570501150893213e-24,50817264055060056e-24,0.014755297908977227,0.9054190989710414
397336786942912e-23,16548037840248748e-22,10806988186676647e-25,7639109099494004e-25,3376407765991175e-25,0.07690429057134826,28814025116566974e-25,8304053229832834e-24,7783853616777608e-22,51886371660910257e-24,0.9230932070120599
0.0007494306732935579,12745340934372938e-24,0.16767337713244812,9592437347582108e-24,19469901452563946e-24,17694986335533973e-24,321994760340559e-22,0.009132045884232241,0.01883308398409994,8008695157153948e-24,0.8036119626150834
5542380274353442e-24,3862608121044499e-22,9506325977331716e-22,0.8893560163906037,11225372415970131e-23,284347456743081e-21,17623148744992217e-24,4514445110839395e-23,0.11064207434289569,2015902074348887e-23,8727612505516058e-23
7995469328865207e-25,5794616110756298e-24,4623094390657258e-24,0.7017057037735847,633397126155669e-23,0.00021337349643299876,22495696245683284e-25,27975322787695736e-25,0.10941644969445648,2094529456247063e-24,0.18866444833799356
0.0007574295836775954,11374730974016184e-24,29720274421631182e-24,4750072618226716e-24,18051965570912476e-24,24920127178647618e-24,0.09027938351191402,0.0031967994908727176,0.004571033074925715,15729623832580254e-24,0.9011952497917536
0.005389119156900009,5325053030063578e-20,4395283051457436e-23,12331465591867788e-24,13876259446797098e-23,8513287500140659e-22,40795761738799895e-24,9667746164641387e-23,14090017626808957e-22,0.23642716839787456,0.758127869064301
4537324973734553e-25,0.017463964131914866,12299053631902046e-23,0.8333612757539851,1465253569773482e-24,0.00428877503392712,20906685260409135e-25,17655146047748123e-25,0.13807849136318354,0.00680735017130106,14780148529278554e-24
2778908466459007e-23,5860013007703694e-21,0.39410788277446074,8896560164261972e-24,25031561928246784e-22,3068159466095878e-22,6074180660968671e-22,0.0220950190565097,0.04806096627955322,2032369418766631e-23,0.5357267974769463
4624832669092861e-25,0.007490100718524041,15148033654217105e-25,22028629825885654e-25,8664591775046374e-24,5707066458957862e-22,1294219901601098e-24,0.30231254529896157,0.029770450298374312,1236233222886579e-24,0.6604263176022543
3847254659793617e-25,18529208681468162e-25,44987928444401523e-26,0.03270372672971668,0.09761607838197707,0.027208409690905735,26555082543508744e-25,0.00013288326562108663,7600194066923058e-25,6333558108253398e-25,0.8423388951953835
0.0020534029718925666,5927791670832738e-24,0.5689732250088749,0.19496335122846895,165856950023184e-22,4681958303059913e-24,4245943040537027e-24,7899804316712437e-24,0.07179287090285652,0.1622170887459299,21800676479054585e-24
39521619904708576e-23,15002112577675623e-25,15995713144587053e-26,17394877802684766e-26,16332593449021136e-26,7845000266243113e-22,5018376761328155e-23,0.04156939054409331,14896682201467517e-24,3364350636982352e-23,0.9584293290182799
2473437579983312e-23,7020578016652903e-22,0.30960794575526945,3893178586422599e-21,0.690384952852524,3809844042420405e-22,41651445356439496e-23,6266974740840259e-22,7745637168193344e-23,3308565122869158e-22,6489146875174036e-22
7546081447639161e-25,10086965374051822e-24,18280603416934967e-24,29557210777811046e-22,0.928725764340874,5195904499343113e-24,17040466267428255e-24,5372628385479575e-23,22177879968031908e-25,0.0712706262699988,5463651068878902e-22
2853565124132933e-23,26425135351573704e-24,7320226730262343e-23,0.06407935460071208,0.7215720183235786,23436107905019575e-24,2344673418650195e-23,474803805720225e-22,0.0008603324023144543,0.21348796490500138,10724362076292387e-23
4295085760045264e-23,10343064788337218e-23,0.31890411182400275,0.2834275087219784,0.34515268444943675,7688422105757156e-23,6283838148108343e-23,6632735133619554e-23,0.05251315137650235,20842678191549443e-22,10692879824588334e-23
3522466371673418e-24,3857828761221831e-24,8317329881632982e-25,12266623568352142e-25,704559722737897e-24,0.13787464674810312,25626612162735137e-25,0.025664579230758128,2855715551369895e-23,2497888271774906e-24,0.836460730260053
2236688169773346e-23,19932723936382722e-25,3135819304876894e-24,1261587201714048e-24,0.003183753542386833,61725226332658245e-25,28196484883191876e-25,4277682462806787e-24,17586526044264134e-25,3155906395259989e-24,0.9968161995156399
12161414193208922e-25,10144974185642094e-24,1098917302256596e-22,5490101346758449e-22,0.9999992470040722,7620803545231203e-24,17188338654472993e-24,17049799725874118e-24,20467849990976247e-25,2827026138361256e-23,10780412560100173e-24
17202816631933886e-24,12297104047403935e-24,8222539372490208e-20,15332121545672214e-24,2175377567206101e-23,0.21892759781272733,5805613968956672e-23,0.0930273423393645,0.011312773725787276,25312956207786905e-24,0.6766499107734678
15176144089031957e-23,8264439224665306e-22,7701920224824699e-24,796069323082156e-23,25638181551207672e-25,10419378501869063e-24,29560799154781828e-22,0.17006753190199475,0.014323655203009706,1674492726932476e-20,0.815588105036641
0.0007801007560197426,17017607334911352e-24,2194744354787287e-23,3904703180373256e-20,212014602080043e-22,24743348358064105e-23,0.15426752022124252,0.09188938611972505,0.029429413048659002,33436531337169435e-24,0.723594191786018
0.00026262432845911037,8112269590017167e-24,120346490937979e-22,8796490422265352e-24,9093228786396645e-24,0.04365733725320704,14121620049995124e-24,38121349126582506e-24,0.0010802422617628166,23341328215191336e-24,0.9549996825356348
204579539175044e-23,13595683296779784e-24,0.45316819775965805,3723962964078949e-23,0.5265052646144014,14940070076331515e-24,66983711219095335e-25,4952623421234157e-23,0.0006583136498873219,0.01966806267256893,372602789383777e-22
1237153160420625e-23,6181486490117361e-23,0.6884380742329281,28351223509513878e-24,13565156756336627e-23,0.05676435889542645,5211484586824335e-23,0.120236820372177,0.06501653536591137,19229400354621422e-24,0.06954390160131575
2248520723071755e-26,16862446238818437e-26,11552109622974358e-25,0.062195397044703,0.9378045963480784,8592579952105357e-25,8300916370738621e-25,14172069621917863e-25,150159953449752e-24,14505827085887968e-25,5536165637460367e-25
4676832357784979e-24,13058534522795156e-24,3491369757997818e-23,2884499392048393e-23,2334646830645298e-23,0.059394839943771024,0.11997639854329681,0.11635365089856399,0.040897744726529565,10540141836535214e-24,0.6633772505071703
17185465808113713e-24,7720068206139127e-24,0.8885434624132944,63356394435996764e-25,7672028884638568e-21,7864316139940542e-24,3930883622955658e-24,41673316172707834e-25,0.06570307191336709,9286505160662377e-24,0.04574573715422318
5756398612099283e-25,4669302768440741e-24,18774220728767888e-24,0.11807352571324435,0.8435140032139704,69043628931940556e-25,30963696509920208e-25,50456749720201095e-25,25390243032234764e-25,0.03841241619194413,1329229029813964e-23
5050921942070985e-25,37543432832454835e-25,0.9257907531837609,0.010215930194891185,7490128871239889e-24,352044547599e-20,28822611484610324e-25,4251700088993491e-24,0.06399328453737582,22214109526454973e-25,7459309497500272e-24
6380943658070939e-25,3466507051220073e-24,4548484159468515e-24,0.8018920533598406,3036701285351917e-24,2706439420080907e-24,0.0002933988416734481,0.05459980791944592,0.14321461963044016,234578073080136e-23,10350325996869818e-23
8622072943069999e-23,14590115059878272e-21,3656425458117667e-20,0.11930959539522681,6648858891974222e-24,1351869857035643e-22,0.17249930537186772,10701215704365094e-24,0.0594223198930497,21221975936881302e-23,0.6487171739926099
0.01565418781562183,35595950317407863e-25,8736628929174399e-24,4837071508152774e-21,15076199215853776e-24,10601045168230942e-24,39396071521484235e-25,2375852255047674e-23,5209204247798013e-22,0.6014302502524652,0.3829101382683772
1453690561989997e-24,6070019148563455e-24,0.1410218178431151,9523643818556522e-24,0.8589781401780426,3414019230135645e-24,2538348658466007e-24,3515717114642305e-24,6891108875229615e-24,1235974471130244e-24,7338257131814091e-24
2894373605032148e-23,0.07332210422044272,29112613085957515e-24,21090018217473484e-24,4693273488181792e-22,6590197033590428e-22,2733338793611225e-23,9644168286502197e-21,17308229056181172e-22,1905657081987343e-23,0.9266652669049866
5027123653263287e-24,12831478548016292e-24,6733359297558805e-23,2443721431144367e-23,0.9999997540564282,10527888220556465e-24,17567596921395908e-24,21110752917664202e-24,5336192926339935e-23,17028146878176058e-24,16717833025144366e-24
47623314373827036e-27,0.27461129185304733,39302628515881385e-26,10573415683891908e-26,16836158973832294e-26,26994004882492047e-26,1814897084667948e-25,0.4041662324634875,0.0026791683931831987,26620591909958875e-26,0.31854330585751206
57977018755113543e-24,4535306956636402e-22,3378700484422075e-22,0.46538654266785184,15188337737061792e-23,985097095936507e-21,46358116563377066e-23,0.19934519104435663,0.08310760926403711,2143797246341938e-21,0.2521560632869956
43967137760495803e-26,671711969208942e-23,29232467913171695e-25,0.030524848046066297,0.9694751241393199,1893654308854013e-24,23441956008135095e-25,19050379705070887e-25,298165133200867e-23,5539185715049812e-24,30704604919212544e-25
32368703522331018e-25,15671004992965153e-24,0.4537777983493906,0.24076366560405757,9078541774241589e-23,13330628986526311e-23,28487099067313076e-23,23513777251060134e-22,0.11987634639646083,18896289989019732e-23,0.18557913423110486
55157962384423446e-27,0.016244821445671593,14304640638291695e-25,0.04157423544351672,0.9421808833039099,40855300985870945e-26,32984244334374896e-25,21448434891992034e-24,2172133747572223e-23,2960244039158207e-24,8485732977194827e-24
15693672053133486e-26,12548477801320297e-25,0.706042289879631,0.14743634623171656,0.023988035557949768,14555717423109706e-25,10434845533267612e-25,11664987183914912e-25,0.12253332135931372,8858385633681183e-25,1008221078781991e-24
47250555217742794e-27,4521873697846207e-25,12516147677067007e-24,5217835564447508e-21,0.962282046689058,7675735703453306e-25,0.03771256010420352,16538935870216308e-24,7041346214530524e-24,28168873091658343e-24,10983845437842821e-23
15280452122762024e-25,10578749785710562e-24,0.22334337919723737,0.6036623375943864,0.024665287780894135,9132638905216028e-24,4036137637552757e-24,8568466829086725e-24,0.14832894817660744,6348306857561153e-24,7058203617156813e-24
3381480744112624e-25,2923844758626302e-25,20687604503650687e-26,22109651893567146e-26,20118909298430602e-26,0.09690622706615494,0.00380152369693482,27963042344177694e-26,1425341829387137e-21,338563612511405e-24,0.8992908220171967
22053256135021942e-27,18450876315371302e-26,0.8976147623721474,1016630558595117e-24,3451943224572901e-21,1188439548470021e-24,10393796653381153e-26,137720756679785e-24,0.1023783326014897,23082873840237663e-26,34501962805130043e-22
4214125070736771e-24,23160292633039818e-24,1829376031006289e-23,0.2723373208076873,38859392630689546e-24,10297050729025459e-21,0.027668905579621313,20273301032412635e-24,0.09248236270656181,17411598568733888e-24,0.6075009916429308
5809798673230924e-25,0.48944351666801883,21994734529855132e-22,0.3907795071419845,954329747908674e-22,7974540431423886e-24,12540058158729452e-24,2547142903865073e-22,0.11977436948124903,26599210936266366e-24,9393191646730872e-24
20810093045376566e-25,1626812390749664e-24,17067182888450769e-25,0.4520335668673468,14717007392338552e-25,31457120004132806e-25,4234443687166016e-24,0.4551377997848868,0.09282675855602528,24895276245245083e-25,18580360774216303e-22
13924943597120183e-26,26489290708573963e-25,0.6669729861708078,25663332516879406e-25,3505386013550444e-21,23160101043997485e-23,13046166556079343e-24,5077538305159507e-24,0.06289698909515373,17400043616633508e-25,0.27012626252859817
13730469083908715e-25,2199817632229412e-21,57513401740619343e-24,6323624074144675e-24,0.47921292501410334,2900049093633942e-22,9516646637727473e-20,0.14619013648739662,25802118534851847e-24,1383783360104743e-23,0.374499177359441
2385318163811798e-25,9507925328127288e-22,5145697721865351e-25,0.8352292562148984,54153350936483035e-25,24836612423191843e-25,10012532715201316e-25,10642474627199756e-25,0.16476978068910159,9518968696833634e-25,6335161633299309e-25
0.00136152601494456,19072835318321743e-25,2223730590409341e-24,24173168601156847e-25,20516952189922716e-25,57209648083747326e-24,19789410752929834e-24,34726111762545456e-25,6402086715128319e-24,0.047677419329746784,0.9509609591815257
21471156278505284e-24,22385320542469287e-21,11559785196337688e-23,0.8038568171190711,26354364243230493e-22,12660243680633374e-22,11195483025205561e-23,15951031199985097e-23,0.19611632026487433,4787366672017174e-23,119426873353098e-21
8004403767609053e-26,6832855601942043e-23,0.9288447283161555,33928907526383813e-22,6815277314001723e-23,651147083972915e-24,5087102550499402e-25,10675058726392804e-25,0.0711517374381421,12260544843686949e-25,13412024353954788e-25
11333372077371099e-24,43824293610417086e-24,16639848519172857e-25,1364127041872871e-25,9056536784327665e-25,3219624082230607e-22,16219309567724684e-24,0.4395870247926107,4913110656730461e-23,4410030898927983e-24,0.5604125256208173
7650888989977153e-24,423823986387224e-23,470927936673458e-23,68530671488488865e-25,38640105785843386e-25,0.06328449515880034,14740715186385336e-24,6650491756823127e-23,0.003248679427203069,4043957606417953e-24,0.9334667128089141
7784789185821719e-22,491710805967634e-20,6452990524543747e-23,3446094868055249e-23,1597542886068533e-22,34068198360659115e-23,3269654978868978e-22,0.4119702070355839,33186292550479715e-24,14202049669817993e-23,0.5880229957780173
15028097741795696e-25,3082843055013412e-23,0.7131490415998529,0.16160342563172353,6814993100668466e-22,7262812884349777e-23,8808678701881311e-23,13932445866858098e-23,0.12524606197346572,11332447297521877e-23,3706399872714552e-22
24703405576836445e-26,21622210960205788e-26,19925313704191573e-26,0.8077359122153526,36702947184660383e-26,9662668082445556e-23,0.03745904667836387,7061499689440876e-25,0.1548049415932536,1633237699194184e-25,98734287934387e-23
4131920138881211e-24,1648450249775772e-23,20267595945100913e-22,0.5631782366721543,1277104174873519e-23,6376067740135439e-24,601275588249062e-23,0.329795851001584,0.10702382163432766,4923497081223736e-24,13232336491555371e-24
12148094553605813e-25,27530123710498918e-25,9735283493717898e-25,0.4848373510489992,1549406988707069e-24,13168541278477599e-24,4667163408839014e-24,0.4085081926713375,0.10665440283638318,2035174848827186e-23,8764931768828699e-24
5409274373207728e-24,27090608927447418e-24,0.7743426080417412,2991664415967428e-23,18824393901068065e-23,25155732168728034e-24,2284597338301545e-22,0.05946199281340818,0.11141332512427966,0.054781375973080866,19377209695291815e-23
7172845906122258e-24,8620953039316704e-23,0.16340240116404295,5411153429632422e-22,0.8365964163099524,4621042860835834e-23,6010817360154201e-23,3202787884030537e-23,22955450888838682e-24,3386912034440996e-22,48035407740555414e-24
2583157843203939e-25,1544442243083006e-23,50856157936978426e-24,8240251562978662e-22,0.9999973382978407,16614919719935492e-22,6841574657887185e-23,9804011916765504e-24,14222576391109263e-25,2237096379318601e-23,7612954295927393e-24
6366997361275416e-24,999323664738723e-21,0.909689845190625,16698165634592e-21,16422096936614714e-23,43695220127608694e-23,13592740153646707e-23,13533834531160635e-23,0.09030718239381771,561958761187504e-21,515629167034211e-21
2074202364368865e-24,0.3921371203129673,23070668737613597e-25,19350223549078877e-25,13430714354092784e-24,266430357563977e-23,5470650729016943e-24,3767512944923278e-23,9934402444576218e-24,27495913444461533e-25,0.6078628014466256
814851280737243e-22,3202263453516653e-22,768074772428568e-22,0.9403892097929508,58690060384386e-22,8275507928617651e-24,15189342242257949e-25,8106240159603193e-24,0.05961028524249319,17195329264281392e-25,9560659461336279e-25
10479174652926685e-25,0.487160398541435,19414041613632576e-25,0.23271563246436114,0.2801239565657152,12865466828689072e-25,12438829476262127e-25,11935001083444773e-25,2137353909018631e-24,16079386977443005e-25,1969861579769683e-24
6594568167079557e-23,1124091762843259e-23,15267333651622788e-24,8946235147525285e-24,23440951530921802e-24,0.09687280042032133,0.0029410527037651256,6656674973996867e-22,2894394743197874e-23,13128567692339961e-24,0.9001853142947386
36389483041558534e-26,34631426078671677e-26,1785391727738959e-25,7259812824007779e-26,4130571525273537e-24,21857145610632012e-26,2852549165965542e-25,0.994570229045866,0.00542973780094815,16164240585683931e-25,25941148301480005e-24
9332449757807272e-24,22385162830080592e-24,12545633854357801e-24,6976149587499809e-24,11788621456156202e-24,893835395941259e-22,0.08184983705359967,13984134008032027e-24,0.06246548253903877,9215508821007801e-23,0.8556844218565823
36364371576406043e-26,0.45732227630777994,8744200067928072e-25,0.4838854194253425,3214519546018476e-24,12404527615248405e-25,7080485363219103e-25,6875028707375389e-22,0.05879160527715003,5416054808383983e-25,4544254233980503e-24
7584535456484952e-22,14130968724684649e-24,2187229543724236e-23,9387825710207114e-24,1035979973739968e-23,15637244368564182e-23,11557113058912612e-23,0.3597015913981118,6675634320096787e-22,10424604139864868e-24,0.6402966444658846
13797118251746933e-25,0.17950812354278722,40451855625628515e-26,0.6198678449074956,2434801538832599e-25,11686102554378368e-25,12834915246585272e-26,6832215041054367e-24,0.08108500676185305,0.11953901427568848,3556010188006922e-25
13534034135701836e-24,10626109843841437e-24,20997529059204346e-24,15086205523401382e-23,0.7371838822838731,10493113309729508e-24,42043420900335354e-23,2070639169126662e-23,5596706292415306e-22,0.26281376946847795,11409239817653324e-22
6295965191987777e-26,0.0426485604302378,0.8081150671837718,1715008184567184e-25,0.14116382258263896,697154965312771e-25,55551464111809535e-27,10100798325549861e-25,0.008072548142320956,19651465336953347e-26,9440412420479413e-26
35344600153647655e-25,27918064694629468e-21,53121332478412947e-24,0.1940966407344318,0.7827288589845285,3314454205006447e-23,21785058540210842e-23,496361949340979e-22,129944002446103e-21,0.02314588733938762,20764585853833565e-23
10628275100455698e-25,5979189751918586e-24,10536667944991745e-24,0.048432672954297595,0.8374024731225399,5107660834360917e-24,1105414257777777e-23,4795583511986214e-24,32877302647729662e-25,0.11416478194457969,30154770434659384e-24
166669440213538e-22,0.4658745172857,23635412357336557e-24,1768922576725011e-22,11803738917177837e-24,15657171961874343e-24,327578139427429e-22,0.0004531023320938077,53749304744012596e-24,753713851677964e-22,0.5336719738481944
25891738146073115e-25,4592148359045434e-24,37442396916401775e-25,55742706920369765e-25,0.02522949435434934,36041089657235764e-25,3446266334536882e-24,0.9747636302345841,68390159714885835e-22,20686382509948152e-25,10777049603743099e-24
9573743702806233e-24,3498811159054024e-23,21847183706261947e-24,20735338176170335e-24,0.8764372719306798,16223261450895837e-24,14771852572807421e-24,0.0002613652596191859,0.011261387338726553,0.11203983713812041,20187112488366716e-24
4448195483974834e-24,0.09077605205720646,0.03061525653175859,0.5254139786937626,0.33631896023915575,1748087700478428e-22,22170231926678698e-24,0.01687203957498415,25160159979559585e-23,9601183607369882e-24,3250273135962413e-21
1487742853448692e-23,63412304675937795e-22,5508817210356289e-23,10094162499115451e-24,22611627195841523e-24,0.15198505613104102,20920766433809013e-24,0.1657513408180647,0.032256367236500376,25039966213968252e-24,0.6500007459518029
11826967093074551e-24,2955112540178844e-23,348698749519571e-22,6811322579642637e-23,0.4877804783313169,0.03313474148110885,29796622995434006e-22,25772204253559185e-23,4500778292646206e-21,6145488356173371e-23,0.47907683620885494
0.007332467398994854,37384757447719096e-25,3942590263502922e-23,19384320829067438e-25,15419726904862084e-24,0.01154943061652104,4997882699314486e-22,26642675630198388e-21,22838485875479776e-25,0.14426354145256676,0.8368273552616311
33668039801230054e-27,8644131303118e-23,0.6178347175470409,0.32805277317415815,8498974918568334e-26,18328951445827307e-24,8094561063863627e-26,777074331020593e-25,0.054112490219762166,20686724060071825e-26,15953087065112278e-26
325020131547629e-23,5202378896931497e-24,0.6544521881269634,5956044906648666e-24,0.01403921233106828,6382002204090621e-24,41187234664357585e-25,4697786269610837e-24,0.0615725954358827,22145523028331017e-25,0.26993597228438804
35249696263656115e-26,5702515914904772e-21,4991050506573106e-23,0.1501617594277415,19886777975965136e-24,18080997514338182e-23,7324174862607236e-23,0.7841486663065524,0.06568330758497876,1774502690908946e-23,22221826890288286e-23
2393381952623809e-26,19790974199461522e-26,0.9282595609721909,8219251870833448e-26,8290125679442245e-26,5107927241314944e-25,3449506213298463e-25,24750039800266956e-23,0.07174018764866513,4296707342166342e-25,22077881666908307e-25
2019819076833566e-24,13483666596241946e-24,10498132744626765e-24,0.11800674032888488,0.881993094534656,13567262085543554e-24,8699856481887551e-24,5790119590140071e-23,39851716921169937e-24,797847522593018e-23,11140261996956958e-24
14069887086832113e-26,40436550517992135e-26,10539955244890866e-25,3622063769894796e-25,0.7383337937055938,4939223151103508e-25,3282830093148831e-25,0.23281721665834434,45471848155447675e-23,0.02884813927764062,39285642588887795e-23
6511498266880239e-25,0.027844382485354608,3655691755106606e-24,23158118197594343e-25,0.9721555321444214,4724282198123171e-24,28038566145538496e-25,13598826692437462e-24,252151274543579e-23,4876934035385206e-23,6328162933819355e-24
7798973725043511e-24,0.6115034568857699,3477400026113394e-22,0.19654429578154733,40804157472848534e-21,858948537100806e-22,48472362128959656e-24,4129768487926314e-22,0.19190978369760398,970339545702245e-22,6595606395650782e-22
