18487544857765451e-22,9447678673688284e-24,58836180169631704e-25,4774023342083027e-24,17793280093829985e-24,8507696949277126e-23,12435656182669763e-24,6100593811059402e-23,23580597547196572e-22,7901630116231325e-24,0.9999955888669653
5741241152415406e-23,28834997716667915e-25,4024423525183326e-24,6013130716062923e-24,3853533801052827e-24,4730207478482706e-24,16037350542365277e-24,5476290283775323e-23,25064852131882824e-24,4538798402491404e-24,0.9999998206788894
7521828587097048e-23,9591109105373616e-23,13131651652893105e-23,3140050007627695e-22,755246792201493e-22,3995088572510071e-23,5313863755494298e-23,11767464456547535e-23,0.0030450087586638523,10896285119255178e-24,0.9969540776554461
9611904657151056e-24,31361409276241825e-23,0.056882019604595796,0.05848004237684831,8404760098932441e-23,715685242263596e-22,15986224945988495e-23,0.00996740961166393,0.019322039540933686,4532457929568359e-23,0.855347804837717
30908440074211767e-25,10509818842989644e-23,0.22188715939487366,0.18244735512934818,0.5702379007112126,9942656059702039e-23,58606463768083164e-24,2867815163974035e-21,0.025424086200803088,311259535108378e-22,33341657695959547e-23
398333785487948e-24,0.14244366693215038,21731640316568522e-23,0.08242117960173774,0.5010544521158906,14631057977197713e-22,16919748023713453e-24,5923106921518396e-24,5599594430036114e-22,45543377593060306e-24,0.27407839218395663
50041001346531736e-21,7692058464343855e-23,352334591034975e-21,0.0038656473309174313,26930963888025156e-24,9857151891795482e-24,0.002410683556507031,15388355599685224e-24,1275657954840075e-23,41426979064308546e-23,0.9936727196532115
0.000159574870269745,163261342187531e-22,22353964489297765e-24,0.04796115811512629,29935180178020505e-24,19968739745405274e-24,2645504116075231e-23,10664470037133781e-23,1621086414324115e-21,13969175815327796e-24,0.9518774102752536
11033615122641754e-22,34891355645827095e-24,44936497858304126e-24,5275664190932597e-21,44490126783036455e-24,5119579775682922e-23,34839352754293134e-24,40884596769722955e-24,6976642499998073e-23,3581490410910551e-23,0.9999932641552401
10375760376382175e-23,1628877187574494e-23,3140543305904585e-23,27153401837578433e-23,6415629685206632e-23,2451832241523061e-22,22174722542201556e-23,40329663734049684e-24,7178526375713715e-22,13626664746430762e-24,0.9999982741186656
65044368430826e-23,19543342355107257e-23,0.00017057709939846875,0.40724331411756304,0.44899602582041,0.10640350537374359,0.0064449881800128965,1648293866622758e-23,0.03074131613637595,13255861203012612e-24,474497448119079e-22
32789283409961348e-25,17193329760854417e-22,0.1642772624247023,0.22946499725253958,0.5915921639268169,734971827794813e-21,14188780444211652e-22,4047214177231527e-22,0.014660909022946787,28562725777183114e-23,2660377336347494e-21
10135733001907275e-22,1547912474629436e-22,18039506744406091e-23,2749624076508397e-22,7582167546025801e-23,9245573898060599e-23,55481927439367445e-24,3874002089661281e-23,25007042593641077e-21,5526773761715666e-23,0.9999730514682835
1362320328473784e-24,10138964547066891e-22,0.0530362255706174,0.06450751659964225,0.23577941428269328,2106184911801207e-23,36917597400523255e-25,6353946796185897e-24,11624600812264707e-23,73403487099588346e-25,0.6466756735944584
12249201520165564e-26,0.055779924308827736,0.06709967931163645,0.31738482757411046,0.37585072833506344,3209031595538233e-23,1273067895761533e-22,10165985184871016e-22,0.03674828623092599,6250329704476524e-24,0.14713541172355576
6168967338710902e-25,6573449018232619e-23,15736383239298152e-23,861162641476064e-20,2318016933060337e-22,848624682614512e-23,7979522670101796e-23,10828653515005728e-23,7258414393642433e-25,12927811909854148e-24,0.9999907226350758
51562473240895105e-25,0.028243705436676998,5848568115148057e-22,0.5640460095072911,0.13872032454400965,23016889293612068e-23,41331971415977976e-24,21016461242783732e-23,0.0783819949886939,3892768559583365e-23,0.19060685491733756
12380391384583436e-22,25806475079049928e-24,3903460523289385e-23,3017014111867549e-23,3255032338006886e-23,0.10777272123678158,5147915061554839e-23,18655809240505894e-24,0.0010331923015173348,17877876140303382e-21,0.8911747728499098
41697501688999e-20,25028779114405224e-24,14719667476040319e-24,271327328884322e-22,1272838509483857e-23,1615561490883645e-22,11657788436645671e-23,11039167645526879e-23,9492617548820173e-22,7042045255147911e-23,0.9999980952075012
1806431238570372e-25,25089394635290345e-24,0.11974383512202998,0.2303344431563146,0.6447426903081043,45311544296535e-22,6150315473259987e-24,8614709748922739e-24,0.005178971848748498,1038401541220811e-23,8019487998559614e-24
4811626115506256e-26,13257151386430347e-21,618632354866737e-22,0.6202095741243482,0.2247301731696682,0.0709703920595898,3995231462137015e-23,16824952117684159e-25,0.0840762606959168,1618072104705232e-24,23763265974273146e-23
3583842248046775e-26,0.08200322878501563,6384997724104505e-23,0.16989382448724502,0.7481028634116043,23207279070627306e-25,5892574457971686e-24,4084410912081973e-24,2563800504533112e-24,28106501882377143e-25,1758021666875541e-24
4973089789452609e-25,24708780016820797e-23,1917442772842023e-22,0.13514091534302178,11041959980844107e-23,0.0435279350004298,24886689519665844e-23,5008207639953915e-22,0.028921615405910747,7232835503340586e-23,0.7924081624884685
20901089584230915e-22,1674395524547208e-23,6204307242756766e-24,10599781211023875e-25,5168550009613192e-24,5023309507643153e-24,23091308452365725e-24,51038249361377435e-24,7625602433364564e-22,2955013807365166e-23,0.9999970094510024
4902677976217458e-22,4093141982952443e-22,15832167095611014e-22,1585153505937428e-23,0.003298778266119596,2096186640331896e-23,0.002679896868260888,2373571339571527e-23,7563520458875378e-21,2610144782881416e-22,0.9940109569828627
5212564177386409e-22,6044472585981991e-23,35982004991999584e-24,3351597896421405e-24,33678636306585716e-24,37677214373185494e-24,2360847340945202e-22,14656629398848324e-23,19603930767820776e-22,7049782410080797e-23,0.9999968940674738
7316541956604674e-24,723727108967181e-20,0.23401409512554927,0.2958555315804517,0.4143086313580033,10376061327452368e-23,3242712618094539e-23,7183580961612465e-23,0.05581429091838702,1779592252474694e-23,2094902186842398e-23
3040836043042001e-22,1347255353493368e-22,1661739377692566e-22,7954330324520842e-23,15786414179309998e-23,2746045684041496e-22,6127846701923239e-22,6764060965149045e-22,29811624148398356e-23,13075964841074878e-23,0.9999971649382526
21183258307535812e-26,1341059444295913e-23,6761515773339849e-23,0.27559282905193505,0.7244062997990982,15615349828806244e-24,18420985959216315e-24,7089961947026829e-23,10669416084150562e-23,2270805883884852e-23,5555735996872528e-22
35338727469925292e-25,9341428998605311e-23,0.0006222729605194231,9992641845671278e-24,10029151069400447e-24,0.09273859098256498,1921175787615386e-23,0.1491436621465083,0.01432280628699026,13744399307294266e-24,0.7431725176975355
6857924114616815e-25,6233649266525306e-26,9309737028011279e-26,701429834600842e-25,7565728199190252e-26,6595033858856755e-26,12568139962077833e-26,16223128668840268e-26,0.0010923750335939731,9230074358186765e-26,0.9989076235332159
11021956583579868e-24,51133939531773455e-24,0.3406954498891205,0.26106185755942274,0.27057608047346365,0.05743737763231653,2572062581497095e-23,4512844065254251e-23,0.0702284021885592,11214490473271188e-24,6880386794075646e-22
16927176094548586e-25,33471161434573863e-26,4826225731904045e-25,14970846704033855e-25,42808779595995087e-26,29168568443355443e-26,24800873596784287e-25,0.007281498809321905,0.002275413870756521,12952953998648824e-25,0.9904430788176287
9307006101232324e-23,5743049901695478e-24,4460843486663117e-24,12216862890573096e-25,20850323892997257e-25,11443186801357261e-24,136612200187557e-21,35133595480435376e-24,37867546366709535e-22,4890118389641325e-24,0.9999959185855894
10754843400153866e-25,4707635978766206e-24,3702857688021909e-24,2446999858555475e-23,1301988967666601e-24,0.11246367016539352,0.00600343056489115,8391165159958491e-22,4282702545440183e-22,1650224527842154e-24,0.881531594974749
57444046231644066e-27,15666878486226164e-23,0.14683688784165808,0.1652318797954704,0.6795827149031118,14884836778527993e-25,9205771491554032e-25,16829780888202027e-25,0.008348354044834342,11573354650989254e-25,1438868687185148e-24
14962565291415568e-26,17305401322235885e-21,0.13659395335333105,0.3485608331454748,0.11447718406501566,103950902031228e-19,3755664863504115e-23,8056968811944826e-24,0.07530625005993259,4112127097388283e-24,0.32503402900976763
13626546655654524e-25,5832896273526196e-22,24818427049426507e-22,0.229965722186186,0.3185249031786366,0.42107426880278287,23587745469334597e-24,4420072280247623e-23,0.030429812803359203,11971525085517904e-24,214677422395627e-20
4864176755944264e-25,994724580643519e-20,0.15999833551209508,0.15609819000502523,0.5781039227892474,0.0649240147880988,12817737374120101e-24,5069711646100633e-22,0.020572813291081453,14616625250150699e-24,0.020292241476776485
2053078017464229e-24,0.031346729194604114,0.06539269675021234,335146867008747e-22,0.022628024141828455,13352299871294375e-24,18956760461478398e-24,0.05662385688831719,0.02416238163094412,11989872981770012e-24,0.7998462315273942
2050194067226498e-24,76817300702212e-21,0.08020103879800079,2318563933174735e-22,0.7562921936822157,0.16350511043999358,27970957763040716e-24,11495249071021765e-22,7271791844599543e-23,2760574307498772e-23,6853680940486895e-23
15852122492714599e-25,6836209046883836e-23,16279102933461428e-22,8479384345372597e-20,0.9998536516895056,3818012333805015e-23,2751801878652565e-22,5276664349188645e-23,17815245504314334e-24,5939074771251117e-20,8191831347243518e-23
12272983066204194e-25,10718787706356832e-23,0.10026804764675115,2949258361553803e-22,0.8125844444553407,8048386536635282e-23,9392224553661654e-23,0.0028186699224144116,8173182893574133e-22,1017121096494484e-22,0.08432734119725985
7350107728294008e-24,884698882119782e-21,23769416277892966e-23,0.18737532839121887,0.5154614486463165,0.1230792136768619,9741747178396525e-23,8797239471273499e-23,0.01122788675068303,7118711183018197e-23,0.162854736218671
23703548274149746e-27,1465573639957064e-22,5991002388630325e-22,0.037430374141350045,0.615107284000822,0.3474615758844197,33420769950429473e-25,9792376177397073e-24,1887363956290101e-24,28638590239679745e-25,2553086768836332e-24
5362940840907351e-25,0.013542049501450002,0.2782561202659208,0.5351515418655797,12754882077538615e-24,343030435857381e-23,30602809101130667e-25,40025531749765666e-25,0.1221332306904459,15089193949083377e-25,0.05091703238340548
8529422919333935e-22,5105942341050143e-24,5722830715968248e-24,13422261382085223e-24,287874241542608e-23,2019167617570915e-24,27285341562098517e-24,7573328767309993e-24,8534997699952797e-25,18883186478557914e-25,0.9999990803082759
0.0005153147785377697,9243686051401103e-24,0.390943095592687,0.502887007430423,10786900991513351e-23,26450066699791837e-24,26729305894831123e-25,2950052680786026e-24,0.1056530784473481,16684557457605626e-25,13528962060553377e-22
6031120305511838e-25,0.00031762136991798814,0.0016575529680134945,0.17446875128128025,0.8019370224686935,0.01815958639308766,31493382589905765e-24,2443980480931636e-23,0.0034593734121047487,1694037715360231e-23,18631667121255044e-24
3066165176186934e-24,10484763308281152e-23,0.11616413154121545,2423372355541315e-20,0.883805133904753,16538697843011835e-23,15968127871185912e-22,3545241761297882e-21,3415880207001371e-22,5768132522742888e-22,1670764669090911e-22
6503907101879573e-22,15437986071743566e-24,0.0029943745057229437,10369006197750136e-21,10576020500377934e-24,1640516993253784e-23,3130200874964362e-23,0.016777253031699284,54365634303969255e-24,11781374760539059e-23,0.9802171071651027
4733415957071438e-24,30392521937325855e-24,0.42447159701608855,0.25865471554057134,0.14455820494423263,5663181164948752e-22,35172754303275244e-24,14978707964877688e-22,0.08919229843616668,26526725127474414e-24,0.08312102304854654
10447821205802366e-24,0.06880243993948904,0.27883035915106025,0.4056592741875019,0.13879922957646462,17078792535500177e-22,2179329997593577e-22,18191464775890623e-22,0.10790247808694638,17531003768291325e-23,22883461580051268e-22
5693272211700258e-24,21091911420801102e-23,0.03515823649574468,0.05266855947602709,0.9121717973874733,244612226312976e-22,35495776415034897e-23,16359442000397641e-23,4836191237823664e-22,1400801628133557e-22,25003151279326853e-24
937410643909604e-24,1792096346317934e-23,7799237816687609e-23,0.008166924719068878,0.5530763544560228,0.02776627392103388,7985122917922066e-23,3330629719468385e-22,3623007520555035e-20,18660344924760208e-24,0.4109536884033888
3347265338719942e-24,1769068045939055e-24,15628029798451483e-25,18395692087859765e-25,18017624579132258e-25,1895754079793261e-24,13891337445814764e-25,9693061871879816e-21,6963515378081349e-23,1478493607070809e-24,0.9999902222191249
6926852789159686e-25,6764428611586043e-22,0.05583307615613032,0.36543432857469715,0.43099057090233267,3925268967380464e-22,4070212310725362e-23,0.10106786068008572,0.046672334176510656,2708888600287015e-23,6920600163633749e-22
7905260887115261e-23,15989566657602122e-24,26436197193602667e-24,1604114943288389e-23,3298166060239854e-23,10659376593685812e-24,11301207850343661e-24,1115728345530289e-21,0.002479609822159779,8458545430989406e-24,0.9975190735292653
8175161441446055e-25,3251209437300935e-25,4496506002773803e-25,20143067371691177e-25,6399120270902589e-25,4574028567486574e-25,7783804360351408e-25,2184261477101229e-24,5947590214092767e-23,4554332688456679e-25,0.9999999324025383
15518312854426457e-24,14604060082428411e-24,0.3772006226990272,0.33437283097754444,0.0009089162911742434,0.03777388319285218,6115603766382706e-24,0.1358005913493989,0.1139430732029454,559266888848322e-23,40456593339764406e-24
15258780450546992e-26,23690073602570916e-24,0.005591176596606692,0.18645553984111501,0.7950108083648534,20516706687644187e-24,5751213095519708e-24,28044740374616413e-25,0.01294240865120933,4668878773099877e-24,8962149322898519e-24
1248746623432955e-24,5250940268349083e-22,0.022010943330423652,0.13363255197266657,0.5719739682607462,11490762204846057e-23,5168147520161106e-22,9729963647101294e-23,0.01705134424296319,8308321224172713e-23,0.25532985374533
6948013444819117e-24,675070138952755e-23,766562094169162e-23,4918552434238994e-23,44779182034625185e-25,24296146006669976e-25,6459817887648482e-24,5820052072014241e-24,0.0033855813400896586,8247838945204423e-24,0.9966143206748151
16028847926661572e-25,429914139238441e-22,6401461058873265e-23,0.0016571157235063484,0.6192366419694878,0.025932485868219085,5523224293306797e-23,26204896317700663e-24,0.00021737326069902103,11107275595114506e-23,0.3529560820587177
5088013285493551e-25,1613860334650381e-23,0.0003563746265098671,0.17730615459437474,0.7507769788614638,7994435816302337e-24,7635491216590394e-24,0.043864171674808224,0.027424120434080945,8348707606733191e-24,0.0002721591825549948
2151787837412906e-24,0.012645489439344109,14833828117892319e-21,0.6226765801507316,0.11630097810257799,0.024942697075284355,24969241529308937e-24,0.0009181916023795885,0.1047548748165608,16223626659309982e-24,0.11774631163952642
4114569090797855e-21,7514971725414258e-24,45288711446813096e-25,6471419575602193e-24,11863364457188566e-24,12544953907687166e-24,5713591405091599e-24,4822479702792358e-24,5166110781960137e-21,856318068882644e-23,0.9999906572972949
63365367371258415e-25,316813442312217e-19,11870575281136762e-23,0.3955198904083798,0.5495839497456816,1168436862032725e-23,17800568243725412e-24,14609469984642376e-24,0.054864240106367014,3515132757752945e-23,34107255673101694e-24
5377415069486982e-23,8249571729725966e-24,3936268774590488e-24,2443913694038596e-24,12776013392162397e-24,12446004552506094e-24,5776047467801693e-24,6976244064112702e-24,6126436250910264e-23,3872575111412293e-24,0.9999998284848481
8094704173106729e-25,0.01863911903530342,0.22058002756624212,0.2968638492243059,0.11397056434790193,6813002643594364e-23,34949772053342765e-24,5002873714142131e-23,0.0893921391176119,6885251003229854e-24,0.2605541399053842
15650286412761418e-25,19608876850765788e-23,35538005830650935e-21,0.24431710236029497,0.7276477661012714,8227018556954288e-23,5369623120002081e-22,22706652842193452e-23,0.02799766744566748,23678179736288534e-23,6453523699554356e-22
11651939920193648e-25,1205525772262585e-23,0.13047025413163216,3636509880101351e-22,0.31667715127223456,0.029344382844476283,5334432654029893e-23,92697615512185e-22,0.02194910939350526,10132239512958672e-24,0.5015586527404645
1973475200181325e-24,0.035444496364196686,3953922993218982e-22,47012380783427324e-24,0.06161458526234017,9373015747529637e-20,11192441672197145e-22,4559848988161068e-21,0.010778843267684416,5582963606246457e-22,0.8920616631806324
2208890483644528e-25,4036280929191373e-24,7525636934494731e-24,4717143783337599e-24,0.4880365684820183,8367055325877096e-22,7341829791613268e-24,4809877860573504e-24,1942871084187758e-23,34124913438913767e-25,0.5119625434035419
8544540366023773e-22,11688774133023019e-22,8480187897773085e-23,0.00013243170776709224,8298950278458584e-22,0.00019620743182423663,5028405316342712e-22,20403603758451887e-23,51828509751876105e-21,18283688543657726e-23,0.9996157046088456
2600721215729487e-24,3432987213136761e-23,0.1373902390399644,2844829982569766e-21,0.8425641714487621,14153569328955626e-23,4466841826163327e-23,4352297946561055e-20,0.019998864323278156,6860709231040886e-23,6563764247326449e-23
51421176200335127e-27,2696058579706252e-22,9107675065399782e-22,0.422498846806432,0.525879885163067,32459029119689976e-24,4423960254319694e-23,31068855162347425e-24,0.05161967892588108,15172457576925103e-23,14918806819232993e-23
1948108223458664e-22,5283880386552355e-20,0.2512009223691413,3002331213881469e-23,0.00013959543864909207,0.18857778298387273,9451238272386005e-23,7960446894533438e-23,0.04461505824327891,8739997407217844e-23,0.5154133158104661
3988711188347288e-23,17145546071246824e-22,4306097238513133e-20,17867966056674042e-21,11161436229669932e-22,0.1587357357423538,1664516400330604e-22,0.08762537803915532,0.0058129182547752584,15760106595589678e-23,0.74776184438752
9656788839837548e-24,12796552386103311e-24,10911088277182525e-24,0.30370860998208293,11676352796951088e-24,9629104582735496e-23,9496358105688245e-23,1734082829885498e-22,0.041263275153517805,10973497464417003e-24,0.6550276941872089
13031161607044887e-24,5276301715075523e-24,7495221982956433e-24,6971644860050114e-24,8315935562312228e-24,0.1775235871018153,6332037932427104e-24,8097045369485644e-24,398115288488488e-22,5203773308855954e-24,0.8224763123636707
19835171330673816e-21,9333756706951512e-23,39000457817483624e-23,0.1356693663328239,23575441634594759e-23,0.0013097076861786948,4352236241431862e-22,20965504713028756e-21,0.016795655300927973,0.008484870119450996,0.8376984455643922
7267475341554407e-22,21420061193120685e-24,19379252298422342e-24,11587849223997068e-24,39368851762026946e-24,0.06805365355979315,3408121241783143e-23,5846915310693542e-23,2796419212984141e-21,25170385963871722e-24,0.931942613796693
7040341367664883e-25,4440576930385859e-23,0.0486915865656989,0.19355013199053347,0.2951205652356482,0.048620556832401005,19070822044032742e-23,0.038481256128995396,0.03983202669640051,721545187081941e-21,0.33570291918711
7575101012739749e-24,10396122466655208e-25,1028128667167913e-24,7641924630846875e-25,9220118395120336e-25,12547367457047015e-24,5195035216819505e-24,26142602236691462e-24,22578851967935538e-21,9339797879760692e-25,0.9999773650000011
20068693511588116e-27,530903174027598e-24,5153966111512402e-24,14539470418591713e-25,0.7243510167212789,5441673152176123e-23,5198114556808281e-24,21636062907491068e-24,1453004700070232e-23,4791592081510394e-24,0.27564887554814155
5962979525622764e-24,0.035387822540764134,0.45078762889416946,0.20568507188309398,0.22930796757566269,2955952175304043e-22,5893632549193979e-23,16876137572185278e-23,0.07883074072270072,7259419249169372e-23,19520017297057923e-23
471985674269019e-23,7771086420462992e-23,0.22605803787201997,0.08882142273245318,600037611602454e-21,0.0004973645851707442,12416518437451626e-24,0.4477565801989579,0.07593979848289815,9405252157097195e-23,0.16092600719110567
4770276037614342e-24,6140241306773301e-24,14168628514433142e-24,12324818285580212e-24,2334501408151105e-23,7881977831283207e-24,951783250023219e-23,8782052080630915e-20,0.0039005632584643997,8226053908217154e-24,0.996011529845887
5637140597728225e-24,12276269963460045e-22,7864415112538962e-20,0.5178551991690721,0.4333593959802332,7052002477871942e-23,2985597142001731e-22,2648426604502112e-22,0.048703997021223716,8766906323334568e-22,1980118273990134e-23
3123788212513889e-24,40333073642927754e-24,0.00038068028940333826,0.3290048816396166,0.5292129152009794,0.03037898929388692,33299834201221154e-24,3798487107305551e-23,0.04278879676359519,20008668904627184e-23,0.0682334219834211
7372187766116719e-25,3503135666159932e-23,0.35147395683090765,0.07388519748245752,0.5468949626739008,19837223618887163e-23,22496624651003162e-23,2584642997615498e-22,0.027742512021893168,11205585774656626e-22,15398083782721798e-22
2478469086496532e-24,14152399793125702e-24,253728516135016e-21,0.24306299342732632,0.7517109675994125,25229790569541328e-24,17485473151343674e-24,6371496776211034e-23,0.005225552521175899,6135322602263066e-23,4830918993658247e-23
13100935870967774e-26,4704061307442082e-25,0.6734922688305948,0.22975430041801684,12216855135240814e-23,48679557548554634e-24,13330741518440538e-26,2762008900577706e-25,0.09675325802963487,3982211404548018e-25,4639272343262078e-25
4747655210789505e-25,17509713914459884e-23,6510988620640411e-20,5260681056996882e-22,0.9999049157331028,490314770495805e-22,14020026332375897e-21,5805707814985978e-22,36113708204916543e-25,130545800474528e-19,15649205652642552e-22
4550363333887713e-24,36275478280342805e-24,0.29495480777728306,49142454180240336e-24,0.7050349667468453,20836672782430986e-22,5755542423170404e-21,14246388367351642e-22,3898026068352624e-22,4530583326341434e-22,2880007809946824e-23
8506948927167338e-23,25287239957521082e-25,2555200829686854e-24,0.04774589385450852,12758268655950956e-25,0.02668187935818742,3052561119221484e-23,20053047697477447e-25,19046276768427787e-21,156468249024484e-22,0.9255530409035412
8022437973721841e-25,8088067974050358e-23,162416691084341e-21,0.3067074088619897,0.6932912957475809,35546713600535724e-24,6751874569548182e-23,6564369406744999e-22,11943381938621718e-23,16490686510852535e-23,7447731825400653e-24
32388927958376796e-23,7096222856974892e-23,22513549987159764e-23,8036015023689283e-23,2387828260689325e-22,0.06984035509646289,4044533888076116e-23,7509695909355572e-21,42123584888850594e-24,0.013934226524878052,0.9162168869838416
2294051434564015e-24,14734549404036229e-24,0.00040699302590449374,0.031728899925605715,0.8498257125687183,21579578654063737e-24,18162134186155528e-24,0.1180382264579057,10909258293009384e-24,8983984126545054e-23,10501365916106002e-24
4560634296137887e-25,7166517098816717e-23,0.2078221877434071,0.28606840830195124,0.12310376604110093,0.23775354503862212,7761688782371686e-24,11398088216328072e-23,0.04773548327321757,0.09751640877414153,6963760493029519e-24
3223216821509744e-23,3999982325083295e-21,0.0002711403011318914,0.028473375071369916,0.667647158210118,0.01266222530014066,6826188636384048e-21,19449685112290336e-23,20327323136822353e-23,0.06450197008218926,0.22643287486184213
5936201297892021e-25,2174952826847811e-23,22717105246590075e-21,0.04275911495548935,0.9572178121035024,56694594729132796e-25,12977297323088348e-24,318853815850046e-22,4785488407853562e-24,2711144430094808e-22,7059458498152706e-24
801081722981615e-23,13254078250443933e-25,4696611512822727e-24,24818954273636353e-24,2788095062459491e-23,0.01556152057799705,32557925490389316e-26,0.494003625511084,0.027262693931123433,3934356238153865e-24,0.4631720889874086
5193965160744177e-25,158208386230592e-22,1519569279510789e-23,8871020143958886e-22,0.6232426709811888,0.05211003968831198,6077829296141723e-24,0.2991374064861529,10492811037939e-18,0.02549843876477197,26551778874748183e-24
977686764702644e-24,33827997497529864e-25,6170166049818808e-24,0.05139467513466286,0.3382196988361206,7324826380754739e-24,67434669794280715e-25,1361026044034387e-21,715135665313254e-23,0.09633595703877815,0.5140482762140761
45520869199374685e-25,2196290932941322e-23,0.27454263002485435,0.5274701344656733,0.11405186406710342,7751537562902885e-24,19445378494750354e-24,1487292002582717e-23,0.08393527057547895,12321205454189356e-24,19960847711770756e-24
26296499939749506e-26,0.08394757287772533,17661535932958396e-23,2673963235511494e-22,7244260227066324e-24,0.17553185877597224,1277148471436247e-20,2688086139393435e-21,0.03802222946199471,3043825655207879e-23,0.7024823973563552
11387912271487733e-26,35182088199835434e-26,0.4048644851138708,0.09505419218159925,19798708678613746e-25,19599818978702446e-26,6917139795833257e-25,11057827574282183e-25,0.044192983048705295,5608280001030613e-25,0.4558883346559261
31270725879926103e-25,0.11303802742822518,1735001340450384e-23,7648526218107052e-24,7883121736166575e-25,2086628328701816e-24,29590526057596435e-24,1115055675324279e-23,2853772852747101e-22,788918661128014e-23,0.8869616075636682
46684147478516115e-22,8205368768807922e-24,14810152520995972e-24,15817791884620136e-24,9264279893274922e-24,6074804500890774e-24,12806351688875488e-24,0.09273837406222331,7339237172807208e-22,1031034197865646e-23,0.9072561463102221
10451577059860602e-25,39050863584774683e-23,0.00014334979073941337,0.5200726599692987,0.4562077367958505,23357611133579764e-24,17292915277494264e-24,6623439263837298e-20,0.02350848723760127,10875973416885185e-22,12012506054308205e-24
17880952500121205e-24,4338632248438683e-23,11172712314587189e-23,0.12701768023174176,0.32903611239932956,4130596277642899e-23,36895310416993096e-24,0.5439324711424973,13345532361710974e-21,47776227626624545e-24,9172235544276157e-23
5864344465645768e-24,18116687052173615e-24,9071260081060705e-24,0.2931285886992285,9035162025141385e-24,0.03349779306687827,7432411682268552e-23,6709829624810907e-24,0.048066612291479086,15849609762500823e-24,0.6253068669714289
11530728538084393e-24,25933849939417195e-22,23281447879082257e-22,0.32121295186477533,0.658637929650762,21597475506532718e-24,51023891542277735e-24,2197686910952205e-21,0.02014146407607191,41191418571971503e-23,39125426530496005e-24
7198754169334834e-24,3227996971523353e-23,3654013516519394e-22,0.3842980713615425,0.5913323195403266,37991658968934876e-24,1970572692542596e-23,24040551681579424e-21,0.024345052347293828,3188210440672729e-23,21739428574123138e-24
9733493299975808e-25,24801018475564625e-25,9071607710498249e-20,0.13435040463721848,0.29963474908579785,2263730879543171e-24,271720095163273e-23,0.09848910753917745,0.0035621275388696186,0.019769013441112614,0.44410387324649364
29745534775968816e-26,10636053865757489e-26,12244124010097118e-26,18414011853097016e-26,10726034569996038e-26,14890623693509845e-26,17147371477168262e-26,16915503237751305e-26,20114219010072262e-24,12685063369485984e-26,0.9999999784517377
13981741512721178e-25,2541134874132489e-21,0.039519805648736944,0.38180720530494744,0.5102724370511206,3992466857943661e-23,18533077160830956e-24,2425232075559212e-22,0.06839766682122381,19515354185958328e-24,2214591800433351e-23
75501746637818e-22,21437814576045915e-23,0.5885496614048271,0.2844202061360091,4641256556614042e-20,3471713250707321e-22,557425187127426e-22,30279780725047606e-22,0.1269798845381948,468351242231251e-22,13569973699414198e-23
5401056621897784e-21,6738178086551519e-20,6920194115331153e-23,10545829854136512e-24,3531562210057476e-23,3692548117949311e-22,26843281140742524e-23,21043322198289197e-24,6726167510412831e-23,6795949584606585e-23,0.9999263081470032
21105287465188444e-22,14087380212523361e-22,14534504186345374e-23,1103733902574154e-23,5088972057902495e-23,3095779948787635e-22,26560847189617997e-22,3799145309220731e-22,5543298106062428e-22,16142782659336918e-22,0.9999907592758097
414677027210457e-23,0.005505328460434673,0.07226594491093603,0.15846670828964643,16238964905000627e-23,3850851146941794e-24,0.015938451336358742,0.021073341657106812,0.050727284997781764,16850079527608856e-24,0.6760227531103826
4895635751008501e-25,3260550854032466e-24,10250073925532275e-25,0.8828509313232464,12588000889609754e-25,1685677540584157e-24,6861627652234827e-25,802940859487051e-24,0.11714905770787254,6828833952395651e-25,1076045599695746e-24
8694828496566441e-26,1472926030676271e-24,14611006559820481e-22,795192156721047e-23,0.5180833674044029,1207979646983597e-24,19771768930554182e-25,0.4819133913629002,1567687044964226e-21,19559292651970193e-23,41551947377428235e-25
9512150602678285e-25,2803193087131051e-22,23091935283228534e-25,192419153207391e-23,7845613419342676e-24,0.12158435709440218,0.06711259109610222,30243523406032114e-25,0.05197607700163659,9190000682196335e-24,0.7593266692439611
4496251176857275e-23,1506704708339118e-23,13650446027705652e-24,1156560945549152e-23,1438412910702621e-23,22587102038864553e-24,3162366777676329e-23,5175089905643329e-21,1917389850758607e-20,11982170738498656e-24,0.9999754851889024
4100190189508005e-24,8314596944475581e-23,45838844396242245e-24,10860772485577764e-23,0.3456211660387521,2014223876337209e-23,28944512150261116e-24,0.6449501867968549,0.009428171116030606,13773812698882567e-23,4753075962277188e-23
15259959965074604e-26,1834565341952116e-24,11947141258834082e-25,0.295926612475539,0.6871445922056952,2109008356945726e-24,1041736027138265e-24,4673972002877074e-21,0.01692411115261682,2850507167469752e-24,10107170784574107e-25
27467311607540035e-25,907516466039561e-22,2774699547182274e-23,0.5388521387081937,0.39018991616622006,23733930026517832e-24,9100865455796405e-23,54675752848052265e-21,0.07090294329176866,7690613973603366e-23,13186890178466368e-24
11141880811225629e-26,27157687126454313e-24,2109696983957679e-23,4927444683264938e-24,0.3549040880959722,29672713572772425e-25,3084400013599016e-23,0.6450944361348987,7496531989876273e-24,7943706185992706e-23,1301731251563241e-21
17484891454260649e-23,16811765403698167e-21,7162448586865472e-22,47251087637060225e-24,12051831352158181e-21,57739614262235315e-24,636557044177198e-21,0.3946304535414768,0.026558080672324475,0.034932910705771085,0.5438480588421523
6034068984637559e-23,10654140049950247e-24,1849116499603264e-24,8181713154692049e-25,8410413804868458e-25,17440044111015586e-24,7366873437709249e-23,29052543962509977e-24,21846409112711667e-23,5018862127152405e-24,0.9999995818525652
10762578336694475e-23,871550122671634e-23,37999536279526235e-25,3129711213026205e-24,39708496106621534e-25,4074997358539804e-23,1289309155147238e-22,1250576623847756e-22,3495129923926558e-22,6206741183406709e-24,0.9999992222999158
4681684493274878e-25,1313663580423237e-25,14335873429621127e-26,11169332436062915e-26,12209462040347512e-26,14101063146744496e-26,17920520053752602e-26,1084671692687825e-24,16828564161206217e-24,1141360909354678e-25,0.9999999806757309
21669310831442086e-25,8040161234519186e-24,14984865492890383e-24,19061101079508566e-21,0.5373877730264762,7910680564716419e-24,11003860708440572e-24,0.4625670537623136,2604415624398341e-20,10121857907561219e-24,13725664676972483e-24
13108774918468767e-25,8284829677393345e-24,9020435222028278e-24,4940299154385839e-24,66366961547655646e-25,14076254729444323e-24,1586846112935466e-23,19147643893795417e-23,0.04070786763568668,1008602262919285e-23,0.9592918706639983
14940911890734465e-23,35616471011115915e-22,0.37093402208228365,2940313144479704e-23,0.3602395916371329,0.137069530777739,21575397647197444e-24,27509555583657303e-24,6290842788638691e-20,0.13169012802315838,2950750047527847e-23
2912521925541778e-24,17244920826183967e-24,24230454727643665e-24,17912246616938298e-24,39219981660098375e-24,11952927673028638e-24,7750876719164712e-24,0.818476588004887,0.07864108145180967,1424246166792693e-23,0.10288219507901819
3632479371915547e-24,6623829870069787e-24,5057017299815644e-24,0.19025451320843634,16377101110490506e-23,9521881017274268e-24,3623371078485776e-24,0.795451868172316,0.01429341824972905,4215931837481382e-24,39264832331411294e-25
9463439301232805e-25,2728256580546234e-24,34542034871025753e-25,6575150630248477e-23,3945217224898589e-24,0.1100488246707221,24729433555259463e-25,0.8194701161394881,0.07048097188393147,24642342404306527e-25,554487533983108e-23
1513770177530432e-24,7547484275630643e-23,17187160292984053e-23,0.12825564220516747,0.8717430271309755,1628966055449051e-23,4825639707459734e-23,17411754541054536e-24,14082875550019692e-24,9746157336226187e-22,1114936116728855e-23
25562986682273817e-25,0.06387815827405136,24278878714598353e-24,0.44104754659330747,0.3776501819332464,0.04674398568694385,2938880676832619e-23,3707905008656172e-23,0.07063392960580442,4608906111713686e-20,15541969286402653e-24
25760737993453586e-27,5122900309662729e-25,0.9910783496971668,332123723286689e-25,5517883766773476e-25,2290607465738201e-26,13091457994404333e-27,3219465519484458e-26,0.008921649053957136,3294085443274404e-26,22982477400954395e-27
3455185601828326e-24,0.34754521066764105,6727388869791498e-23,10016579239293265e-22,0.6524533727808434,52781391197890756e-24,17364232298575592e-23,3210590775126395e-23,1867957943018432e-23,3264917542629394e-23,34306291714752295e-24
49443489717556757e-24,0.053618769884412734,23182886108539956e-23,14927718597145134e-23,23610926043219255e-22,1336209477622815e-22,7265526700852128e-23,0.9463318773275073,45597173420671314e-21,6604639277659911e-22,9723386246233217e-23
11797109665192493e-27,30959111689527394e-24,9317913778842287e-24,437296541596206e-23,0.9999989068514836,8185451158114635e-25,18997677291553408e-24,1641323149041008e-24,6909031778361151e-25,10255091359933814e-22,8282141471645587e-25
5372132007141454e-25,749459196366175e-23,45295137563299975e-25,54179362628623744e-25,0.9999986389467487,29605797758573275e-23,43133594887687164e-24,9737809445741026e-22,271594181748846e-23,24587545144704414e-24,27981482559516656e-25
2038948123818298e-24,7237159633385875e-23,8086187310056171e-20,9677870416036408e-23,0.891379423816046,2066685748896058e-23,37258873378238664e-24,0.10853877767195454,11191185350687296e-23,5778138443353768e-22,17798028590182783e-24
3373726619256706e-23,0.3712833496732926,0.2808715408924872,0.257839432113867,25913994243900895e-22,11870580850250859e-21,12992389869578568e-21,17447918890902536e-23,0.08997732848985457,3806868485442218e-22,30555704756698345e-23
15036096635564713e-28,34285571492994487e-26,33472248662494313e-26,33478582611153516e-27,0.9717295300323726,0.028270465588800604,2278079236798516e-24,8163724982374569e-25,901177006520269e-26,519027271507145e-24,4461948807212009e-26
41576128000813934e-26,0.03934080241226521,5975499605693117e-24,0.16989462833988567,0.44571453529585264,4367226322040373e-23,5812495977033887e-24,0.33326479519077973,0.011785146761278148,2486519134399179e-23,1125874083445098e-23
426165713372176e-23,13095705271941335e-23,25709069735219944e-24,2476038340650475e-23,0.6380786809571649,4750954933516071e-23,20992678867186622e-24,0.3619209682492548,1679849729409813e-23,6135041308423857e-23,18454825829152402e-24
19282286547062637e-24,0.2629759182931759,0.3390317678826201,3955006299811158e-23,0.019411108748221984,8861522998616933e-24,2012538396811735e-23,14980677493618518e-24,0.01068032154135604,2826095833431452e-23,0.3679007524743253
1509535274414523e-26,38486111050929244e-27,10158432761592346e-26,3146291928665271e-26,13751312704746992e-25,1055515501111679e-25,2295151728093917e-26,0.9999998774951296,3740436687981742e-24,38821867115568854e-27,11703296460858231e-23
394215297732583e-23,0.0033483251376412045,9846566808078577e-23,0.5627789317722163,54314360885046636e-24,0.10639410657117074,15525199639016903e-22,0.18595632281117785,0.14152056403519017,15694599393561965e-24,24736618775675566e-24
3097346349924086e-24,4300866238940712e-22,20075378798826543e-24,5971017894002621e-24,575493375650978e-23,0.03439296625799217,0.017436794150165115,44404815454434857e-23,0.036827247858203176,8639949334143371e-23,0.9113419963006908
2285676947150758e-22,16745949916454735e-24,578965208732089e-23,18620931294574864e-26,21464511076707247e-25,12604988881573755e-24,4937668805993009e-23,4041740974848208e-24,2991615333452601e-23,34842407850624555e-24,0.9999996157820639
10712336405849271e-26,19872376692027186e-23,14376162015792725e-24,17014788759684259e-23,0.9999982264070332,6654296347993476e-23,4168553929919442e-23,11730134741335275e-22,465936290560056e-24,10442858719949288e-23,4103589889603771e-24
2387508977663296e-23,2209720902559504e-22,47821035192736e-20,16428186325778118e-23,0.9999833934078702,9267248063923485e-23,8613805433365104e-22,13949535627223644e-21,36586119726267796e-23,26522180685025625e-23,18458090317080745e-23
21988349321555622e-27,0.12879866508354515,36546858934743763e-26,1050807610499005e-23,0.8293203702036597,0.04187764386746874,4972832491114104e-25,8930244281735427e-26,33082852067955944e-22,8435032331756855e-25,23396634569813255e-26
1637169320152278e-23,17538578512007897e-25,10741595362871834e-25,4224374757165372e-25,8277587971409957e-26,29365939829007194e-25,7210490281180599e-24,14725479306771428e-25,10771416669467851e-23,13799814356036854e-24,0.999999847161463
7718087782664545e-26,6881206832535707e-24,10492541857254581e-24,415840317114169e-23,0.9999995501002477,24332033184123174e-24,866390563009415e-22,12524256750290706e-24,20915604086819187e-23,8604504255872885e-23,9593934082054208e-24
7538170360692453e-24,7062126639357365e-24,12342536989662237e-24,2818795697969152e-23,1564458095399027e-23,25976825221988842e-24,4021539810506383e-23,3629330551005234e-20,0.045216412865822384,13689374466652776e-24,0.9547471431716975
5764464160549461e-24,8191104055065728e-24,7664370274767245e-24,6838447205910476e-24,10073830385040639e-24,40546869264801856e-24,36244475412669193e-21,0.1643529824297266,0.044199351244422924,22352004202561992e-24,0.7914113204193522
1787449902672082e-23,4081597094940283e-23,5380753345967319e-23,361197648977868e-22,0.9999410966902242,7740539813131667e-23,55223411758012226e-24,5846466441264772e-20,5906152768464675e-23,50347382055017004e-24,4799067105914262e-23
2462872611923256e-24,20515320245515787e-24,20859196080047735e-24,0.3838118282094399,0.10808967651563223,10723204089220422e-24,0.05525576176918615,0.3028425235581007,0.150000089479972,28114106776178972e-24,377929753617582e-22
6752755222287221e-24,16423505180076987e-24,9053425738964469e-24,0.15269713475309307,2543243283467568e-24,24608071707765395e-24,10812701118649685e-24,51163911541401985e-25,0.016123798424255823,33148981249698787e-24,0.8311789583635815
15846897600982985e-24,19782654550687037e-24,2392549777308697e-23,7449936473424684e-23,24635427274632453e-24,0.9999983442092609,1585849742136376e-23,2269525274688168e-23,14143475063619813e-22,1957816312212188e-23,24620919953879943e-24
5444838752961222e-24,18855463092946746e-24,7439430391964542e-24,4539545148205697e-22,10815685219817048e-25,9346464716661357e-24,26025085599230713e-24,3616540826372604e-24,59430811895087476e-24,14356000551853918e-24,0.9999994004492807
2433036602103646e-24,4878711872084684e-24,51986051065914414e-25,0.7278058263597971,31403738154767874e-25,3965896292046383e-24,9211207100951429e-24,4534299665008734e-24,0.011013919427300022,847610238114008e-23,0.2611802123746907
27414395192164105e-25,6936473145421893e-24,17945650018528212e-24,0.24462586233968464,0.7528560772694268,1045529526890883e-23,3886148224227857e-22,19072155009187502e-24,7548623961105743e-23,0.0025175308691125693,8274312551621729e-24
8065956614249699e-25,978683515718626e-23,24479726276285733e-24,0.4283227072230776,22573040801367415e-24,0.06771130834857088,5890318435961386e-24,0.377794429269455,0.1261714794663089,8131949396807933e-24,402415961389748e-23
