2362924898198662e-21,427431435568054e-22,14252981338570864e-24,7039249964242433e-24,5046814139102336e-23,34265701662783157e-23,913434201206545e-22,32423847738611884e-23,51156545151562524e-22,40015930865476504e-24,0.9999916086622255
1314103155544293e-24,4497614823113177e-25,631499216568941e-24,822572072440699e-24,6034169582807687e-25,5977594247210373e-25,15016473492714487e-25,3746082358647995e-24,11789816776100178e-25,6563534495480327e-25,0.9999999884978229
13350999275589241e-24,15300161230608168e-25,25405050449806648e-25,3744305867602379e-23,17523802822585665e-25,8297687216723848e-25,9325599497507299e-25,1263485526314048e-24,0.002762140437195064,11026031639725565e-24,0.9972377888940027
7684662778356527e-23,37905350488660384e-23,0.05005053112918465,0.05108661513351484,4981143510509337e-23,13201140789801709e-24,15989751685061927e-24,0.007812070751360987,0.016867496431157133,9931905350425918e-24,0.8741827417204167
8825713992897565e-25,137102935737695e-21,0.23498278487498664,0.18497835665273724,0.5507031162481314,11613908267467442e-22,4518033486082553e-22,11753987947229509e-21,0.029311940953490195,11372568376018258e-23,11848356212131564e-21
1502198073368349e-25,0.12469402235728268,2467900693410703e-22,0.0720782399050733,0.4372120749355779,38484813586364704e-23,8373657329855694e-24,6515962478501601e-24,6499907295750636e-22,13564054608814075e-24,0.36601435256870546
50495500966936646e-21,4825875757584863e-24,10230089686357577e-24,0.003167788001516316,329494290963944e-23,1166817106719313e-24,0.0020123869513009682,16816515530216953e-25,1090776237551531e-23,1893818806156047e-23,0.9947692785008884
0.00015316350145236503,2860639421147879e-23,3776592100190356e-23,0.04227730444964655,49865823237591026e-24,3154305987431827e-23,30365328748068754e-24,6823285670421957e-23,4554488599804929e-20,28083257493272608e-24,0.9575237127002643
5646061590449034e-22,4230342350959907e-24,7319849709342842e-24,2538941376104188e-21,6233348197198639e-24,3854406245913456e-24,7010289413467263e-24,71200794887828146e-25,15479476316521525e-25,4842869408827579e-24,0.9999968542933324
717995532417351e-23,5627773536870702e-25,4323737957641051e-25,16105393972191072e-24,33683794290187066e-25,23597391967640326e-24,5384975308496089e-23,17935208652485955e-25,977786617507848e-22,15136705166165197e-25,0.9999997938250477
4075876199739774e-25,31855015155420307e-24,0.039528944824033616,0.38538570928622345,0.44546966232482843,0.09704062217861177,9921550309759236e-21,10265354616950905e-24,0.03256507886401248,12733258119811966e-25,21228913865255177e-24
14702335623795742e-25,6497944234608477e-21,0.1837750863375737,0.22740827289436083,0.5694650795629046,15129739356556292e-24,17571882336887796e-24,1845850223694516e-23,0.019344934549877103,139577132081253e-22,6212244644207045e-23
13908035352102184e-22,15640346246443646e-22,9640342185675615e-22,27790687269699815e-22,18098589523201433e-23,2934543825610431e-22,11101192987977108e-23,58401049204863574e-24,0.00010320780969944588,8926277225056741e-23,0.9998893611331662
16668329316248095e-24,2599584084700911e-21,0.046308584288931025,0.056441607203577285,0.20631642060657654,5771089265150453e-23,7471494688779215e-23,3072405467633368e-23,3448865203251777e-23,6650346755430423e-23,0.69093050750642
2240103162854342e-24,0.04903245915304259,0.058220147894919326,0.27789031480223364,0.32886187448619036,50882918009541085e-24,8893123942461157e-23,2547684020237033e-22,0.032167541534355165,3656024080972844e-23,0.253827228746338
64716000774131624e-25,4395195232421546e-24,58451358990448106e-25,9346127047085666e-22,9737624459527074e-24,1961300786532325e-24,45861038915059715e-25,5695358697336211e-24,21219188144795812e-25,5605886993315462e-24,0.9999990189671703
398900705726288e-25,0.023837961948219518,1581539404233136e-21,0.49373376433072663,0.12193812712347608,3353619968043053e-22,3440532615160537e-23,16688816198900846e-23,0.068448673328105,1161548876746695e-22,0.29203923887986427
3992427748744354e-22,3478866252074095e-24,3928573824129308e-24,2743223243332403e-24,3799480961361256e-24,0.09428871643776093,10119578655237752e-24,19394782161695205e-25,0.0009481441007810293,6335118188426673e-20,0.9046993630275896
14144643777331674e-22,1892340866445099e-22,15029644170165633e-23,2346111864168989e-22,10858345506484083e-23,8916049854776083e-22,6680950636268361e-22,6125280337822621e-22,3782870845300628e-21,38157059208308406e-23,0.9999915661409321
1063985331413892e-24,13514889959144345e-23,0.1449113475798774,0.22678534426093755,0.6171469993911926,5282360443803107e-22,6839034801659229e-23,9536931694317305e-23,0.01115525676569167,1341503259320754e-22,8968338406315556e-23
7290337147346713e-25,0.0002016342476684258,3975447453246399e-21,0.5458112307340134,0.2029901734124887,0.06261357707943374,21011062392583248e-23,4148565699235552e-23,0.07371633918360516,46053187480782716e-24,0.1146627715158975
36281068830508375e-26,0.07311971900560957,0.0018085686215304083,0.18297237099000155,0.74209909113874,3829073557027746e-23,5468043511315124e-23,6168840861558703e-23,49720656863461544e-24,14139678555812961e-24,3531172607417649e-23
33778835748796976e-24,31946897843212914e-23,847522252017081e-22,0.11788119516401778,5655046056255815e-22,0.037860065426115364,1259464164236218e-22,35400541072268206e-23,0.025019754117443057,23307099438575432e-24,0.8192374785288565
2471186295179729e-21,6964034273354233e-23,44409009150293937e-24,6424602198809456e-24,30396796425955954e-24,28607441729216436e-24,8948062862848147e-23,15243511964630764e-23,14774426507697066e-22,55050845499981706e-24,0.999995574926268
1322574177877533e-22,45318223459883315e-24,1711987307968765e-22,17153545293188838e-25,0.0026280103853517527,24615354288972643e-25,0.0023255313822341203,28033922811940373e-25,14858225085713533e-22,5508828464839289e-23,0.9950445615669666
23939694188824657e-24,7509659225685001e-23,20389782221112233e-24,927600840626417e-23,1035470099098967e-22,679968387156641e-22,8499507472175392e-23,2459050945531636e-22,12296729744778244e-21,14245604577079982e-24,0.9999870706523964
20637816333585995e-25,33840571680869816e-24,0.2417444266121949,0.28529693228179553,0.4177624684580554,3055908882247894e-22,38395703473707096e-24,1834248276963089e-22,0.05519439485209916,795868563139215e-23,12407832681166486e-22
35475483496685877e-25,15912134084305057e-25,18016187709979338e-25,11336272152055387e-25,1664081949247297e-24,2876457065274071e-24,8993924281387791e-24,8137697508094281e-24,26358070536152236e-25,2670636641271815e-24,0.9999999649473876
7559277086208933e-26,18960136796417826e-25,5863576341335177e-24,0.27746749727357695,0.7224200331916207,22268341563797805e-25,21910676091158406e-25,5621061418926715e-24,5577082670307244e-24,23178705911464143e-25,0.00011244376247785282
9382131053871442e-25,28556989016522984e-24,0.0004677277967407181,5774192466421616e-24,6244361349213677e-24,0.0811868019745595,13122682871386415e-23,0.13047389277804222,0.012556508485516864,12324549256340171e-24,0.775314883900071
20481586637869885e-26,28548218101608863e-26,4422532455811503e-25,3379131291695428e-25,27604810161666423e-26,2770555938933309e-25,4993570616240088e-25,7313175035879038e-25,0.0009939865138640811,4474161929390616e-25,0.999006009984477
1868564445240676e-24,1765616741040223e-23,0.33670518346435796,0.25536154340316247,0.2911121187958724,0.04950945720740277,8517259095890292e-23,10455405719347313e-23,0.0673069279113876,1896845563961049e-23,46141830422076475e-22
27240961047517115e-24,15292843611253054e-24,21425099429718767e-24,6265263385429359e-23,1988599595882692e-23,1385288064423811e-23,10531183898105245e-23,0.006598292860561838,0.002019475932940001,7188879498995703e-23,0.9913818936554495
4715499807178688e-23,4449026561454908e-24,45855594831974685e-25,3470519247411018e-24,3940235306507057e-24,9131542213709863e-24,5522571936448929e-22,4150391329608328e-23,13943369881475141e-21,6637574033216786e-24,0.9999853834995567
1073674443017744e-23,6656045673905566e-24,5885891667128479e-24,8552339142046892e-23,1691770031723943e-24,0.09842716378056425,0.0052788123028548765,13244605765585902e-22,11205091589757223e-22,15972238999572389e-25,0.8962914668557795
45626677103062217e-26,3746170712685759e-23,0.1598246935490412,0.1709753267267647,0.6563627567317832,1158384730433621e-24,1203882589895556e-24,22074281226793708e-25,0.012837176419526435,12377193969015108e-25,28475125975191706e-25
4529355781648733e-26,17661424330220886e-21,0.11954914374488454,0.30499005642132315,0.10014558192150157,11852206904563733e-22,1868872772080075e-24,7334034731239367e-25,0.06589845911833025,34730892083126183e-26,0.40939790915405433
1607920676371967e-24,5009262485007423e-22,494664261962487e-19,0.22600316454251962,0.3437021031115434,0.3703052378569399,27421039241792444e-24,34092914199887347e-24,0.027875034112612815,21664484825936487e-24,0.03206440823750418
12348305965146486e-25,3551326909118382e-22,0.13869266303648892,0.13678274366223991,0.5084691529964797,0.05624190935283346,6577349129571495e-23,32472976336764656e-23,0.01763415848722704,7988845886971813e-24,0.14217884082143864
17896569251051692e-26,0.027524840039196745,0.05780195622562637,36207689993392272e-25,0.01820610547444244,16179666965025235e-25,13528140934260572e-25,0.050080667799147965,0.021256447758145953,9708389511332604e-25,0.825129974962088
6534421965972613e-24,742443434410322e-22,0.09907568801422442,10522432899929342e-22,0.7616676808178477,0.13925404659559637,47466108972074904e-23,8571885360431765e-22,11137100772574908e-24,18978371846159186e-23,2478624368809525e-22
3442534418903084e-25,28204183474795072e-24,7417544750909721e-21,0.019511148336806748,0.9802642961475236,8232081120236821e-24,7521272265517064e-22,12969179717882448e-24,32130055658686086e-25,0.00021631173969488137,21144353274675186e-24
13498964192220579e-26,492015958881127e-23,0.08806012059450141,14938582422060104e-24,0.7111521620125201,35760534246036454e-25,4060383433694121e-24,0.0019945570327067866,23638852145042904e-24,44297616367243955e-25,0.19879310466071598
55775556634419325e-25,16195470398911248e-23,1222464489819225e-22,0.16353531517628006,0.4530948978530322,0.10721322935183772,7132540384432164e-23,7751205988236253e-23,0.009533168757046769,6955630455759461e-23,0.2666228944424655
8225523969240777e-25,4969736596418707e-22,6063877589685826e-21,0.05810436683048517,0.6379395659338345,0.3039494059082123,18476686166957827e-24,36095173743922626e-24,5995627328980518e-24,16829583861964178e-24,222565999604847e-22
902663492534951e-23,0.011384924432518448,0.24407118344085071,0.4683898426959894,3454677784691675e-22,5221589416525848e-23,4603298125025327e-23,5969784693520472e-23,0.10690587782437652,2323910655597016e-23,0.16924763592597733
30559571852262977e-23,1205466412377551e-23,19503818637350952e-24,34661441828287135e-24,6433713977256437e-24,5382683330041287e-24,10792623451289776e-23,20562899509061475e-24,7183336355307378e-24,1467268087283569e-23,0.9999994660228081
0.0003978981215845088,11837666092838543e-24,0.3830900215284687,0.4613981322640777,11486856438632401e-23,16695164313061337e-24,3466148117494062e-24,30979570096950707e-25,0.10309585337067113,27630084892389753e-25,0.052017941986999036
375396377111233e-25,20640766169942157e-22,0.018708630213525212,0.1779082317782229,0.7821037767686556,0.013197422630021924,12876774377797995e-25,862016615250791e-24,0.008079870693361822,6699284267754717e-25,9899998653139535e-25
1895390122654246e-26,17674611703658918e-25,0.11965757968494796,0.010461133703022102,0.8698809550616025,9475627799449189e-24,868846234760345e-22,14067481104188897e-23,40309850437346126e-24,25376061200622253e-24,30820735241553415e-24
3448347895951564e-21,9481692584318213e-25,0.0026515596387238893,15048333834720865e-23,4527081357442029e-25,8796795738063293e-25,19922013032900536e-25,0.015065547174397969,12463828245817726e-25,46350442393409935e-25,0.9822792842023427
303655083321552e-22,13410788675061602e-23,0.37215568847354574,0.22637167742625555,0.12660425568494388,15078806991078573e-22,10096546844297994e-23,37184287149076094e-22,0.07817003548964051,17569085999480323e-24,0.1966928336207983
15899004875616303e-26,0.04729938499788382,0.2746431350653903,0.3759179692757703,0.20185727039880003,1138726037840677e-23,2096604386970569e-24,10624195355142186e-24,0.10028220381929387,12043767964424208e-25,10971441266483579e-24
8710804414180009e-25,3498914880623195e-23,0.034039240684061015,0.07134660636608335,0.8929872453562832,1289996209312517e-23,23315991163333e-21,15552433749414847e-24,0.001626783212735187,17858856197095102e-24,18892658354994155e-24
17077185098422516e-25,47140612915596863e-24,1342254580706241e-22,0.007471942332167947,0.48380809799937013,0.024372725549050154,7694165087762602e-23,31023954332624823e-23,6284059465237549e-21,3551203863364637e-23,0.4843403442927577
4787452594565954e-24,3009819060140803e-23,2047241126585035e-23,2350663271893747e-23,26727135804324337e-24,824689373258154e-22,23428703674541056e-24,2569079015846756e-20,1183399148800721e-21,23980537752252488e-24,0.999972890340691
3909191298889292e-26,13259113336392411e-24,0.070097403633008,0.3488549540087786,0.45612201900365645,16216179314640114e-24,31550266767253604e-25,0.07760893528818795,0.047316577150477795,32686613027221444e-25,7497746978778435e-23
4818095020586462e-24,11078205242147445e-24,1230114165522995e-23,11118843791215272e-24,16448265305960177e-24,71596704728975986e-25,23880114609269395e-24,5000293786903971e-22,0.002144001448742999,11402217687255253e-24,0.9978554003153249
3935070985339688e-24,2804766493381446e-25,35830133444299115e-26,9636066012455163e-25,6098476887016856e-25,42981162351617466e-26,485193480653742e-24,129973343148005e-23,20755893641309698e-23,381328992166178e-24,0.9999997836976936
5284547159812743e-25,3920132954740895e-24,0.34929556541906254,0.32319384182594807,0.08232872232089768,0.028745272637969298,15664945424305929e-25,0.1092809010756662,0.10715568238456402,15307847717694596e-25,6790197156574791e-24
882481459423612e-25,3586561648167663e-23,0.01619351106703326,0.19131848145444078,0.7754415692732302,6226051634265567e-24,505083302399923e-23,17514025051827687e-25,0.017046387385812607,15044886674148194e-25,20603670791841594e-25
55480504451147536e-27,13645723356957676e-24,0.01976100120746689,0.11654245140342098,0.5001650664915698,44307207004173164e-26,7824804312336811e-24,12308644255290488e-25,0.014930073828654637,25402199997597797e-24,0.34860135846686535
28398281216474365e-25,14374425968933786e-25,15305295400578597e-25,763004295875226e-23,52296653518206e-23,27163659177580635e-26,17100377713504396e-25,10352762499834084e-25,0.002826857190810448,2952142450853669e-24,0.9971731228792866
2818901583536366e-24,12097409132688277e-23,22489826993381018e-23,0.001495232023342982,0.541738238052664,0.022674504077481453,18735233213882273e-23,9305096118613068e-23,0.00028401704804157334,2291775983565857e-22,0.4338071505254027
19720209874882087e-26,7291038770625879e-24,0.0009098858211954012,0.1553888028393589,0.6585708213763926,31739509879240917e-25,3202870397613061e-24,0.03727577178168385,0.023962500693684025,35509309010476447e-25,0.1238922000761821
1298180992022461e-24,0.01131326257741151,50600222709709036e-21,0.5449937442990288,0.1017059476470806,0.021856463031105982,18474055210510284e-24,0.00040451109025160695,0.09173111237496664,12240129893174464e-24,0.22794432674504886
14357160394030671e-22,24351931172854612e-24,16594461895918988e-24,25849871043177146e-24,3625788412596667e-23,4459881714496507e-23,1044209445749567e-23,939087352903238e-23,2572793720735998e-21,14407695770616367e-24,0.9999958095966239
2299218625841719e-24,9266771273949811e-22,7098520057837312e-23,0.3783999694390648,0.5683179988530229,22760522831461455e-24,23666380275856853e-24,30223072948624744e-24,0.05328082747226863,32143278100163097e-24,9548098279939406e-23
14958111767200862e-23,5395619832228236e-24,2194584644952347e-24,11990553400034354e-25,7517259041953135e-24,16558320433682217e-24,2074534341957295e-23,591209916628127e-23,2896426047205985e-22,52145753504983715e-25,0.999999496039421
21713710031434152e-26,0.016146023234689673,0.19389032479908366,0.25913310083815916,0.09931111808010148,10123688537445807e-22,5261133107134957e-22,4706443228632707e-22,0.0782653873115195,38030869946656164e-24,0.3532519983651177
217386745360172e-24,1622776449191776e-23,7615532178430668e-22,0.24466342854076348,0.7261690117647267,8720455003370302e-24,33423889646863064e-24,15942356042747413e-24,0.02916668573296054,18485574550697773e-24,1939089996871773e-23
12717928738414787e-26,14350802334370882e-25,0.114032433283344,30330623094096616e-24,0.2772764741565258,0.02564949347181208,43874175664504185e-25,10295095575353395e-25,0.019178177823766872,1269412719698838e-24,0.5638633826853164
15710859391767044e-24,0.03051824710709142,40118637073228436e-23,1547023477911027e-22,0.05626510284615802,43015628665411565e-21,11631863986319087e-22,4046175507266039e-21,0.0092724047319488,4933383966826406e-22,0.9038949553862584
10352007526776657e-25,3699516569817896e-23,2443832474126632e-23,1574449447029055e-23,0.426813110293024,21145773519816167e-21,18813849506477637e-24,3945124009886455e-23,4064379719527973e-21,12406005127437085e-24,0.5731615306696346
5408614261518679e-23,22742139641894436e-24,11586292369160373e-25,4920216022405905e-22,8838754115085733e-24,2880572799421624e-21,998856579664678e-23,21200891811830684e-25,34152318301524507e-23,8272110049301296e-24,0.9999961786759846
59511194859916945e-25,8128800570390194e-23,0.1423716284977374,15371181751173308e-22,0.8358843830194497,11643764111382864e-23,5927679752604974e-23,24636913872102285e-22,0.021739465962415473,12481952462192454e-23,13393739436237072e-23
480656034056303e-24,8293884837740427e-23,23446919493043866e-23,0.4029392946866806,0.5472608627928779,1419962840246968e-23,9577236995669537e-24,47785419448546554e-24,0.04979917010487459,8294779203296154e-24,2746707045756273e-22
6349945331570556e-23,22529888009603692e-22,0.21909879428617932,3753570176938295e-23,24300178086005213e-21,0.16500942150099554,21464724929134715e-24,16500068512429036e-24,0.038925797837745094,2209726438420026e-23,0.5769392721109932
10867289795168974e-25,40129450824199175e-24,25941559960714248e-24,13387769986486418e-23,2636240793055093e-23,0.13867014013423842,3227399141908854e-24,0.0768802738517802,0.005138344103447132,3046946546596028e-24,0.7793110082383221
54873581485055887e-24,2319601311399065e-22,1352324891907753e-23,0.26577102384974627,10919532380853188e-24,8780026581232779e-22,16344571539634243e-22,7300792063835641e-22,0.03612990676688805,22503267988892274e-24,0.6980954930645804
7060212028741695e-23,5379668687344373e-24,6312334411804594e-24,6087105872145807e-24,9280087061287445e-24,0.15553437933570774,5872974580408584e-24,12269132768872538e-24,15196247377016343e-23,6719339452140256e-24,0.844465346179144
3934725310490639e-20,19730567827880474e-23,5949447409481265e-21,0.1176268924009376,39565737958028015e-23,0.0013201604977563371,7988699447749481e-22,29862383575699662e-21,0.014420250746224413,0.007380337314443948,0.8591758081235452
18360148750102806e-24,7205127293269109e-24,1759486205938989e-23,35366466232919197e-23,1987888419182879e-23,0.05882482644246249,9550652122201402e-24,1991432337356139e-23,3221147775111018e-23,1041634262081238e-23,0.9411746847610737
10612241258038027e-26,19284490251976693e-25,0.04259794590101771,0.16939338624320666,0.2584467660809497,0.04249384824147914,2971683793653954e-24,0.03360667005628364,0.03485043052854819,122224337209451e-23,0.4186109467200169
587724036223521e-23,15098606427626653e-25,14187721425830759e-25,8547237815372393e-25,1116448651103873e-24,13729809950062911e-24,4032647263019264e-24,24786040820805936e-24,14425875314849724e-21,1186229786524494e-24,0.9999855196129116
2400672696599722e-25,1546987858271316e-23,36100413672404227e-23,8293909983390386e-23,0.6339633357445791,17040764891908014e-22,3187943955448666e-22,6769359983822769e-22,4203890923713095e-22,2545054359880979e-22,0.3660328299011492
2000682653304893e-24,0.014197272501070174,0.43242619744417987,0.19974706013573534,0.28144730787106215,21709019186061092e-24,10718584866062318e-24,24240165763421988e-24,0.07218205036622764,1972141767667878e-23,3329180486909978e-23
15395959333963624e-25,21218500279169522e-24,0.19921735980051433,0.07775382206150758,19338287822880754e-23,607645282044063e-20,2958574899208926e-24,0.39109601739238614,0.0664995195003233,18301878329654077e-24,0.2654269673910208
31383742180746715e-24,3632868409305539e-23,827901417229799e-22,7321039836997383e-23,13399761962698377e-23,4585411864235311e-23,53394164376837634e-24,0.0012780444220689509,0.0034329353341057936,47667489367473696e-24,0.9952885156174666
108069962252174e-23,5427969896693059e-23,0.0003346770869996569,0.4915606365863811,0.46105595686189016,65778208053839335e-25,13274690425758908e-24,1276701556291869e-23,0.04704860617115799,2946478548554492e-23,5848887525006798e-24
12646451807116264e-26,23108295673048676e-24,8352142804212661e-20,0.2878413085455419,0.4626383405408129,0.026926513334270312,2262986408149094e-23,3402680957295839e-22,0.03742805612912234,6033779585143157e-22,0.18508127051158066
39360511786118197e-26,3550853485022378e-24,0.320301596235095,0.10096863481901855,0.5493199151871558,14675143242508734e-24,1505280940488888e-23,15040113653859924e-24,0.029409602534334313,858604974726695e-22,11665208782324514e-23
5179653155329516e-25,34656057393644155e-25,6658331956881939e-22,0.25078431324952605,0.741484321348314,5848847071809221e-24,4420951751967765e-24,27885071021817528e-24,0.007730609234408366,3395156135926928e-23,14248402645800786e-24
8948210331532296e-24,8602926530509125e-23,0.643938397422965,0.24206089281854967,0.017625225503882905,5326363063645436e-22,3565507291106214e-24,11085208594019569e-24,0.09637479912578167,11116988784511144e-25,41752617043320604e-24
3239851498805395e-25,14541532215484509e-24,19090259302295166e-21,9387876474433423e-23,0.9999763905218902,6891972893935073e-24,20323420157224904e-22,5295265021712482e-23,29133351228273893e-25,18314360141742067e-22,4839385465446081e-22
5283611760615832e-25,30734369558364296e-25,0.2957560889884626,46187007106285425e-25,0.7042417808109668,8611679296520966e-23,37231185972772915e-23,3607031709180118e-22,1056261215047944e-21,24382629574558814e-23,2759632099842298e-24
21696549290443367e-22,4703840366738956e-24,4133266715933295e-24,0.04202643138849838,16874222089039903e-25,0.023159064781347726,34009489608355567e-23,36492545515006957e-25,0.00011088467114883706,14133321734058938e-22,0.9346996819032225
3808001213188064e-24,1739495597841051e-23,8591322880461321e-23,0.3012855613117337,0.6983049469810766,23198177788391606e-24,23264212029572108e-24,2617481435880499e-22,0.0004089287484918247,12522658465539173e-23,2240536610751931e-23
5210317722727454e-22,2518175064769604e-22,1270127640605414e-21,1801736492990129e-22,16613198357975691e-22,0.061119160518443,10125562571892856e-23,26070428886638107e-21,1558573824055835e-22,0.012295075776400856,0.9265555516928579
38594134449887414e-26,268983637691466e-23,0.0014899578684401615,0.060116455728709696,0.8367549034333979,3781211186594586e-24,33172720654753865e-25,0.10163865138132937,1973605936144639e-24,17467522163460992e-24,197326240266904e-23
4239589680068923e-23,3254427345441071e-21,0.20319666860301427,0.28055795376663256,0.19270256519534637,0.197261689182242,5911859787620645e-22,2630199710749256e-21,0.04459326142999516,0.08168109672623824,24688759910318146e-23
2052728429606711e-25,747393658849607e-23,32798694988529757e-23,0.025349711381265894,0.5845842090695815,0.011236802584306257,22832515819442958e-24,1325248669174242e-24,1108705422634288e-24,0.05630661339458383,0.32252230263751563
36253920889904294e-26,17616963646580618e-24,223428968926004e-19,0.0670190557210431,0.93295846161879,3934576952646526e-24,115928701791161e-22,33114000460781306e-24,3847987684999294e-24,6423514459487587e-23,5057906766633607e-24
40318953415525e-21,19760112698086007e-24,46089418726479265e-24,31684254413612914e-23,19776017301518673e-23,0.01388900681425816,7877882042430706e-24,0.43217710910338175,0.02386001010780633,3809991893778092e-23,0.5300732072258751
1517422530688733e-24,3710191947428354e-23,5537054513671942e-23,0.007028227022742706,0.6552231547297829,0.028021311627014378,1892278406375758e-23,0.2742951034355141,4467400360405952e-22,0.0354308809334399,7625991083811067e-22
2164339989108845e-24,7465694424065663e-24,21915368747779118e-24,0.04454160788500708,0.29562221175354186,1493657856138866e-23,17266284961580358e-24,4170510690532873e-21,12162871047317325e-24,0.08388849940198333,0.5759434345377181
25682016197811055e-26,4644201012127135e-24,0.2436175036916834,0.49581675019279986,0.18457814590920468,1795924919000164e-24,10288577563607045e-24,5036181277883491e-24,0.07598756733700936,4551464306676565e-24,629612484112659e-23
1654139519241388e-23,0.07325828483503598,3267264853408792e-22,11754282051421357e-22,6502378752295389e-23,0.15381442840021903,2413963908412794e-21,13053853406035637e-22,0.03332363820084914,8636250469990093e-23,0.7395982591323478
2685453491370468e-25,23305409284487745e-24,0.35444416476384555,0.08280706651724921,2934539525704036e-22,5711858692921784e-24,24056445556366167e-24,5212272727311613e-23,0.03860681167204216,8561508380686279e-24,0.5241415495664019
8456577635162374e-24,0.09897478196876475,12893708121709952e-24,4156383899280749e-24,2243055176432939e-24,23610634383462816e-25,44708739477637696e-24,12825386697877145e-24,11049460869027062e-22,10312024005516032e-24,0.9010240151282107
1017694643882719e-20,15558579991326894e-25,25189786331797913e-25,14563598356827138e-25,11313190140012872e-25,9040077072883732e-25,39901130982865145e-25,0.0814691544189605,28811110520857105e-22,4546248696448869e-24,0.9185177714206652
9642176048978556e-24,6821859420921953e-22,4675571108546095e-20,0.4941042853186428,0.48289630500976116,9001328244640439e-23,6739806781693653e-23,28514330318588496e-21,0.022921706308574895,15357428514351925e-22,4833930841304237e-23
2794930386548605e-24,902935144909584e-23,2330648664206353e-23,0.14114417867182216,0.38320109764839916,8396692873766551e-24,7624149381041607e-24,0.4755912336220456,6340770875504082e-20,10039877187203031e-24,21157855828753907e-24
16926159081089108e-24,14624319655037169e-24,10141931110716309e-24,0.25610722820493953,13816726245157682e-24,0.029928818741521923,4561029430056881e-24,7182822591702226e-24,0.042011416806035436,9565201951708135e-24,0.6719524594293096
8039909808577665e-24,5948315951739511e-22,4078303059449229e-22,0.3208628189135528,0.6542929765253529,3178650460675849e-23,40434311046582425e-24,4121397797339242e-22,0.024842370472036093,267624221088186e-21,7140245286008104e-23
5697642457391108e-25,63935128728094486e-25,2536850479261912e-23,0.37430922116494486,0.5981321095038031,8215539156939968e-24,34671598382483185e-25,16411461114570593e-22,0.027556971943258988,8825498266090349e-24,3401904695728498e-24
7968062624094298e-24,12470805123349866e-24,0.0009650671391312525,0.11692111003453834,0.26251942057304645,10400020165594632e-24,12413547541024578e-24,0.08576003744308014,0.002782418418525621,0.016535204997761187,0.5145166981414894
9535604803005819e-24,6119548470631774e-24,7041806936022707e-24,11495918936950527e-24,56043423650454095e-25,9506684734517144e-24,13567935356391164e-24,9877484063570987e-24,3143857439644987e-21,7751111797827179e-24,0.9999967756421231
9562558216505272e-27,11046047486396122e-22,0.036502586030359566,0.3711904375445612,0.5259992001839121,5959860753119946e-25,28306928743156945e-25,15252034981759055e-23,0.0663065118899725,33701720100134572e-25,41975584848275226e-26
16748957108436117e-25,3626821573162827e-23,0.5745326321972661,0.29517564424458537,0.0018674320242405148,1629670832810345e-22,8112888645755134e-24,5159540674118063e-21,0.12841889011335741,8527800031945923e-24,24327456730879614e-24
4451080591647335e-21,11519999545598494e-21,1659070545741209e-22,15171154327861787e-24,664117617811653e-22,4573639769775709e-22,4135383729302543e-22,36717096516357996e-24,14950769747217087e-23,976390250070032e-22,0.9999826266637237
11088890589764315e-23,10123460621781353e-22,4399965097813954e-22,30992893904713636e-23,4237509644117235e-22,3958744556402056e-22,10074931602077425e-22,7246234651954021e-22,7543186590281092e-22,8862922169583995e-22,0.999993934486662
1780738606302071e-23,0.005497398157958315,0.06313924520803463,0.1380027993589211,6028209566167803e-22,1555060811868076e-23,0.014276165589991906,0.01954392690768994,0.04440349303030059,7067313844981606e-23,0.7151362648950143
8058171643564513e-23,41644573811781503e-23,50577158052578896e-24,0.8742147328327212,17793354863337414e-23,10904975160423145e-23,1966353767019557e-23,39129886475048744e-24,0.12578427492263458,15708953136928213e-24,8315466569227084e-23
9097930514678763e-27,3991905987904525e-25,7198148903268964e-22,3466260232540019e-24,0.554817012421881,30604260893504674e-26,5463965222885338e-25,0.4451819974816679,20701475038209479e-23,57060477892067524e-24,14800972489116913e-25
8402253044373201e-25,5627774784718336e-22,941459776553983e-24,7042557196984083e-25,35874078206503124e-25,0.10636549452003038,0.058201657528130314,12151903075878805e-25,0.04509879312040827,3917713182698987e-24,0.7903334808477137
31706168253961614e-24,2595091281211996e-24,2396047008298792e-24,183988651736442e-23,27107953123932004e-25,4343276412706949e-24,5102140460977553e-24,11938948677912455e-22,18617672840172265e-21,2147546565978075e-24,0.99998013559134
5037418447785802e-26,8744010687904776e-23,3810692029310229e-23,1511659271180496e-22,0.40407957726528576,12932238742827995e-24,39573132973151126e-24,0.588280155564808,0.007639521350012633,39062778362818176e-23,25923501075412972e-24
15172221893205517e-27,5015044209862459e-25,34066780522353963e-26,0.2957318233736684,0.6831374734639072,5372960503155147e-25,29894698492400847e-26,1388160480859115e-20,0.02111681913483134,4391775850449941e-25,2903148710152201e-25
5597631447825541e-25,13421336675825228e-24,5558410773973509e-24,0.5081493826193841,0.42344482170610387,4515933269089924e-24,1353703927787745e-23,1592781410871231e-20,0.0683898119903983,13902789782826192e-24,4374944720243482e-24
6654752719813312e-25,1055587395999724e-23,994829992603707e-23,3609866542271139e-24,0.411141658327546,2394957595705033e-24,7766490257899497e-24,0.5888581248386103,6613469934740658e-24,46917061944610395e-25,17058648167949027e-23
15264561767698472e-25,2916300182201903e-22,12272457385723732e-24,6258781250823461e-24,7876002189373127e-23,19897875317425812e-25,28857587455927637e-24,0.34534694687783596,0.023233848918970606,0.030571593610584653,0.6008471892974989
16533465569607784e-23,2424438766123264e-23,57770734091343e-22,32938933205430664e-25,33644122073066285e-25,37104859510982345e-24,14759265235118746e-23,5975749040553459e-23,5570506580326919e-22,12694398428958613e-24,0.9999989837855193
21907979529176542e-23,1953951668542166e-23,7699555927119702e-24,5840104978603003e-24,7963046087645961e-24,861088929434969e-22,2343220805593004e-22,2803922954605188e-22,7889600795680659e-22,1330916845499514e-23,0.999998336785464
37295248244780913e-26,18785888782663984e-26,20192418165913067e-26,15586063115402437e-26,16612181758757407e-26,20495797360705963e-26,27312000079116484e-26,17684590144763376e-25,2798107358934806e-23,16220739577949047e-26,0.9999999685254639
8713274415196185e-25,3814914221447447e-24,8019981771229557e-24,0.023669742340920796,0.5556644810680386,3624643864734605e-24,6358232788127068e-24,0.41814205171873403,0.0025236868597771334,8173284512669139e-24,7149149981627156e-24
6850198727178639e-25,8287481184935808e-25,10107582276692758e-25,7533730928899412e-25,9627259195058666e-25,16348897196104388e-25,23486133103465596e-25,19920325057289166e-24,0.03533484661335057,10872915044136884e-25,0.9646651241549046
9850032729452912e-24,17108122163080807e-23,0.3442979049890965,13194092998339052e-24,0.4182858884655842,0.10457986580892194,6526360313316552e-24,43640836610594466e-25,10537817420843515e-21,0.13282559361275742,428712760714932e-23
301849707953511e-22,46921942317368035e-24,7373917439592617e-23,6240193654001018e-23,10938644178330207e-23,36255991538149516e-24,6876143798288572e-23,0.7164098873105095,0.06883495105701805,9626690885382818e-24,0.2147547243538615
3081329214007137e-25,788410238471734e-24,7498964007711303e-25,0.22337466876619871,4021132071274829e-24,8716364291654873e-25,5410806453406082e-25,0.7449220411475479,0.03170328160150408,6063738270948536e-25,6022524012268532e-25
1540361704984622e-24,1486544627865958e-23,10962472927785825e-24,0.0001732652348836085,12262007198209614e-24,0.11057660693037553,799593020331216e-23,0.81317348311313,0.07607645629505029,12183890486147261e-23,18960818292004697e-24
8100182174227213e-25,5657560744771263e-22,1923108826290152e-21,0.14159235924294086,0.8584035811655023,44806021938819635e-24,33391628736569816e-23,6267817824362222e-23,3735947511386291e-23,10788587950158868e-22,12296405042194137e-24
1612051302440275e-24,0.060409026238059785,18345926184037003e-24,0.4162405714649963,0.41885576449674966,0.03180840693366222,3579724876383391e-23,2824252813649301e-23,0.06505547787381795,0.007630657995269626,10999675945343406e-24
19027120624303345e-24,6088079903497289e-22,0.9782978664498397,11479789457736004e-23,7385050618002453e-22,4314818826113603e-23,32902480170992156e-24,7860766487383174e-23,0.021700356848686715,8902490990889509e-23,5188043603943985e-23
31669982805458616e-25,0.31055375861450896,6523255962799547e-23,5992888843078897e-21,0.6894391266486718,700407001314309e-22,7287669997279846e-22,14877469087937896e-23,18610081983326728e-24,5129122846788773e-23,35961388897858555e-24
6888845790432251e-26,0.09252443819457982,5053029618152166e-25,3884315118570474e-25,31738582494405465e-24,9424006422595405e-26,24420046502595307e-27,0.8997172030776655,0.0077583239512499114,17307458674048665e-25,22279730361560006e-26
4912160382683642e-24,2567507751641533e-22,8599866003720734e-23,4605556788091728e-23,0.9999990811055901,298185825868556e-22,10506370677413482e-23,3744177660537235e-23,4299788561806826e-23,27285143161598366e-23,36992333531146404e-24
5553076710406289e-26,27591223755032408e-25,13371324621224143e-25,22470779701006128e-25,0.9999942647313356,21895220617597495e-23,5677662795204145e-23,5425231337613771e-21,365549630580656e-24,2702139959287466e-23,5228267053300325e-25
1545996012511891e-24,3323312845163073e-22,0.016496308641544662,2845287819937479e-21,0.8749495199905836,27795495360842968e-24,17625781844872615e-23,0.10850957316445492,1370929917207793e-20,2748317595924021e-20,2250979285098284e-23
20381788057485542e-25,0.3381019470161406,0.30567349263037513,0.26065369439371355,5872473770467816e-22,16956386925936437e-23,3679869968046977e-22,3780956891082319e-23,0.09556953634211274,6715606770041173e-23,9781562718000094e-23
379428797846307e-25,13756874318157657e-24,1829230715275732e-23,2005144286659029e-24,0.9816549001342924,0.018344939069441377,5632249370007178e-23,4020967160162839e-23,633767066568065e-24,2689858820459334e-23,26395169008773246e-25
405385064313357e-23,0.04190879128435379,5694874384027201e-23,0.18582371444967863,0.4574810805025588,1812088458247455e-22,46861101571678856e-24,0.29775033987593813,0.017035504681120816,16931973141555237e-23,11081396836034075e-23
10557421312110777e-25,14954693855144706e-24,6019058237444371e-24,603449567243976e-23,0.6623910086703809,7345001872471205e-24,4468601241937485e-24,0.33760893489824145,3911330079175724e-24,78956501008443e-22,4746114994614341e-24
3479400026142505e-25,0.23054976910163757,0.29709880599487626,3091973992852939e-25,0.015139733699653383,740377477191006e-25,15515329839875886e-26,12519870602130738e-26,0.009853549863785088,17246637888970765e-26,0.44735814015603176
26626899063393268e-24,38602569324083934e-24,34305269102662165e-24,15015005550838252e-24,4140781277271823e-21,40542229991059474e-23,11990301801359068e-24,0.8978467577150078,28716382899469595e-21,4341777920050341e-23,0.1021198097407516
12516520636778993e-24,0.04273987565047351,18115124385740414e-23,0.5433481586161618,14519277512607784e-23,0.08842454700496953,7307009455261203e-22,0.1865436390483954,0.1389425597399207,6704790157854885e-23,8333098210187584e-23
4309200360399323e-25,7688648287854461e-24,7893207318694463e-25,6133039220955156e-25,40146971273338696e-26,0.030424263692172625,0.014302335762618803,1738487578576938e-22,0.03216482316248488,8013455366090923e-25,0.9231083928089574
33610176103651017e-23,11516955580941546e-24,32778203445033917e-25,11174584429318306e-26,12427683291319325e-25,8706206228677311e-24,34671288007391003e-24,23892561409031644e-25,21803128716549194e-24,23806925486267674e-24,0.9999995563721443
6758328297902706e-26,17733092894632587e-23,16293653397883647e-24,367933233844334e-21,0.9999973869314184,4443206426096617e-23,4272095062724366e-23,18225971116903271e-22,40298037066551393e-26,13611429903802852e-23,5178894643028872e-24
3238548911771913e-23,4258151248816864e-22,9256557109411709e-22,21088533068063476e-23,0.9999694075387927,15119823593788221e-23,19938660519553035e-22,25838820566032995e-21,3017548799516068e-22,5064420609094638e-22,20563775770888902e-23
1072037796103761e-24,0.13288411383304222,17361202071346952e-24,6240733669027522e-20,0.8385021343312337,0.02545450081561057,15647538804294127e-24,45380611360662934e-25,0.0030967551173118634,37180389385091646e-24,12766709179529542e-24
16879200690841312e-22,7733991561031226e-23,6579513440190055e-23,6064972504360834e-23,34952442300773045e-24,12485325771871793e-23,27170247669891003e-23,6967142299338943e-23,3273734800778702e-21,8875003851472719e-22,0.9999934458803701
8265934680373137e-24,3112933101858699e-23,3607611685735702e-23,25697829737897862e-24,0.9999974962772892,3500897662854937e-23,17977032693084375e-24,40309853601230694e-24,21535857866198455e-22,9035297423907869e-23,6531886182799075e-23
23079969113170483e-24,2170972381241257e-23,37248745539263704e-24,786122456249277e-22,48262769384287634e-24,6402132154467554e-23,6184238070228052e-23,9516972962647089e-20,0.03989364130684773,3689028920440125e-23,0.9600108172960822
26886888305821873e-24,3171213958332825e-23,32688373969185916e-24,30851547820797976e-24,455705558540715e-22,58802357030384386e-24,42428684239693145e-21,0.14405970678529584,0.03820702625491932,4844112206590375e-23,0.8176905633225177
21463087919214696e-27,5128135645841683e-26,6887083633784257e-26,4663699085656025e-26,0.9999991230530095,8855461189459865e-26,6639960771804509e-26,8764101833133788e-22,6962104936019553e-26,6122186633495336e-26,6384784405670887e-26
8040214169009892e-24,8144617463513152e-23,8265116920146906e-23,0.37042713788586634,0.17084366992551778,4014230175508086e-23,0.051457765106315084,0.2685355890045871,0.13873532042402636,1161010286804995e-22,18927279781358595e-23
847238040145837e-24,3969282135330386e-25,36859278883376125e-26,0.1335774190756873,1510441366389396e-25,45201522642759595e-26,41037826487425956e-26,2494702469114842e-25,0.014165811275679608,7913807332976104e-25,0.8522567659815828
20114438327528462e-26,4187799722361068e-25,12110529949584318e-25,0.020829909546584716,989048645356998e-24,0.9530421013759227,20501110164276132e-26,10287285815314396e-25,0.02612798334664897,22184289284013206e-26,14552723408047485e-25
5954918623684546e-24,3267330120404942e-23,13280455144149883e-24,6317612059359571e-22,21379031205415056e-25,16022058053515576e-24,4100089286908175e-23,68554066138424355e-25,9477564483844335e-23,2303524435945693e-23,0.999999132502969
15554711349567268e-24,3058189590287782e-23,29990731146073225e-24,0.6398939755208903,1737581775798372e-23,2378425304714118e-23,29771355122600614e-24,2675507380607121e-23,0.009696852685953617,5102267078484341e-23,0.35040894695667074
2044132980936305e-24,4204953152262184e-24,11712647243694155e-24,0.25429911766986113,0.7329366370883935,5807779349078683e-24,7363816529020145e-22,17460248689911527e-24,44939740445248814e-21,0.012718522131079624,5759144061967672e-24
2832551362659679e-26,4779855536427004e-24,222586487028312e-22,0.433574068388514,176130522866637e-22,0.06818533322039057,17517655731517483e-25,0.37064533682528183,0.12759521018108202,3159352392780554e-24,1793739588011185e-24
