5179356538977697e-23,1776049117004022e-23,0.4353725402872184,0.20576119290917405,20567334128763858e-23,0.14664212126453258,1893439875064998e-23,0.09184999146443766,0.12037385666429914,3248467749060037e-24
21289146812404295e-24,7858250903403657e-23,47533616676629185e-22,0.3061671909930973,0.22685699657742556,2449041634886512e-22,6172784214007754e-22,0.3808612133549905,0.08610881682446926,668341304096643e-22
15254892037274305e-24,11334888298610508e-23,0.38981501552404485,0.30224360184133725,0.193656403200539,3569581327263164e-23,3814624281607268e-24,3243551982974726e-23,0.11428477275585562,6128465195238977e-24
3122957347809953e-25,16935142729751808e-25,0.595748183265485,0.2684932500921392,6284772925417201e-22,16883733309465837e-25,7343516505502635e-25,28464901482818987e-23,0.13575764859661793,4909264835557619e-25
4315282301720941e-26,15001889191815477e-25,0.14916826688890594,0.16627970830046726,0.6809201072481501,7195891684415695e-25,6259286911774178e-25,11016506622669096e-23,0.003631804166522007,34144789734715247e-26
5344964159985911e-25,0.2458680399648248,6299420705840844e-22,0.06764264004639467,0.6864872075668902,12767869655165087e-22,20311782400887638e-24,8537607115655646e-24,9183899797513997e-23,8446960859702497e-23
6923539598496083e-23,22848219533594596e-22,0.49397513236041096,0.27607772725552654,0.12165199689280864,934915429940283e-21,594484027774202e-20,10270427091597086e-22,0.10828457119855,3114355474329476e-22
22875801090578264e-26,3547682045783078e-22,0.042591176853354264,0.5320174225940464,0.3035195743125227,16064450533184366e-24,1407235505315844e-23,0.04228830733753359,0.07958313162901523,2139731210933224e-24
4625489405093145e-24,2070889150347835e-21,29442523531523907e-22,0.6524768846127936,0.08249179091220885,0.14637798857360468,45007142353403506e-24,9985141095821e-20,0.11864814106743928,302050266887408e-22
30274881100847868e-25,7876023345023422e-23,6623181668928759e-22,0.38022186964077564,0.5262503679482227,0.05985356064488452,0.00028880041776607735,78658706005792e-21,0.03338450405827619,745284000802867e-22
6453330592906636e-25,2263772793678136e-23,4137566662956482e-23,0.47280210955851654,0.3337140615293679,0.14138802309449552,0.010889790804475583,8086582150515391e-24,0.0412059356240779,664374573117824e-23
5761379946245269e-25,0.05435877406189911,0.004573592657213321,0.2650057656967582,0.6760616753193296,9687879551934836e-24,23619110103479424e-24,13932571945184229e-24,9579180301694791e-23,48657619901658e-21
17956062013607868e-25,4642994434378575e-23,0.5611207412829409,0.2618424262178118,0.053313530623326784,0.0008796067619211748,1132846561945467e-23,1182714908988883e-23,0.12284361680859315,6925352246975176e-24
6265598663273403e-26,2221260121685007e-24,0.17014265106574403,0.1874336736662836,0.6424180429390286,10245053286447304e-25,6129215794716977e-25,5940024117985206e-25,56269364345832805e-22,8767601005618533e-25
24734479126837666e-26,0.11693855627455449,10925825386580058e-21,0.4367617489712287,0.3996303683225314,1483701088253222e-23,7283507758998214e-23,5366213238793438e-22,0.046657766704397745,9361468857719034e-24
5659593173017117e-24,15431796471044613e-22,37262775279915275e-21,0.3470554065594551,0.652901112631207,3438823850696886e-23,8383524383978076e-22,3352034911733448e-21,22465738280592197e-24,4219535359757481e-22
29045371664701238e-25,0.027878141189274043,4132889464201329e-23,0.8475874073927797,6159931762844345e-20,170026607370929e-22,8860271609615659e-24,1910176738492905e-23,0.12447275559747457,7304788424784228e-24
229452003126678e-24,15375705034126815e-24,0.3401394300488804,0.12818082349222754,43866301443890584e-24,0.44522648230194906,15542757444431388e-23,12697088358528835e-24,0.08645299407020161,4249061105949484e-23
17196844824427354e-25,48503979365510114e-24,0.1706144740899895,0.35262517427435613,0.1772970079662925,0.17078124282531393,7451497868960212e-23,0.04295473016529864,0.08572722422418726,2171591484722136e-23
21316162076824722e-26,3178492170057213e-23,0.04048536421515214,0.26051208870965253,0.6990024866945586,9789372993851789e-24,27521075008178558e-25,2524088459770504e-24,4841286199310411e-24,847557864665815e-23
4740425373506805e-24,9602778605198013e-22,16472064760723265e-23,0.8274484655197313,19621641355508603e-22,0.04969381285004637,38647385046327406e-23,39197776836692256e-24,0.12285416687931305,3717671488898343e-23
2975212679795521e-23,0.13120507040404092,28138247417071263e-22,0.08737797855626352,0.7814127920607098,14868768764966533e-24,4853287697855567e-22,5024176616038171e-22,30499265756845073e-23,7794272054783786e-24
21846569941241734e-24,4149918238012644e-21,3741726423995682e-21,0.505600657583192,0.22294252469571815,0.18082017721304766,5296874701210578e-22,18660735061379557e-22,0.09062611297206954,21828376206317577e-23
29833305055459527e-26,23232833409191084e-25,0.6483944923132453,0.03458702256943141,0.15738374413706652,8291567796081482e-24,5504750026945002e-24,0.05230725946611298,0.10732746325887539,18374843231892196e-25
7246655377906726e-25,17295407158399917e-24,0.3640863319069017,0.07887955734848923,0.5250623174733556,6139766369944663e-23,13087813860472423e-23,5868038541267295e-23,0.031971509862015066,14432453467096188e-24
47909241870900056e-25,5540485725969466e-23,0.5799912516573981,0.009346673010027621,0.3275573083372853,9981390871194564e-23,11300819288056536e-23,0.006862656746855067,0.07624180548097739,3174957365063438e-23
4863321816647061e-26,0.05948396971221966,0.11023189112366598,0.38146709625258707,0.3880248198769371,5102857228803629e-24,12045457802843286e-25,7424090494876112e-24,0.060792208289773775,96472689188271e-23
8813004400890912e-26,11710486088449875e-25,0.08003309787110575,3730919902411858e-22,0.5629948099864004,10660306605453386e-24,2594659875531048e-21,0.3569684305135382,6785338632346616e-22,34239710031573803e-25
3070033193466164e-26,10450600075169555e-25,12305352978809957e-24,0.2640666462076194,0.7359332678905806,14384173364707132e-25,6949072056976354e-24,3982737807891343e-23,19178836103075264e-24,5215691233282795e-24
11110786885317581e-24,8428610074840091e-23,0.44586097658065027,4067287469380733e-22,3594287810655924e-23,0.21275150401803605,13842269003537666e-23,0.2483865491573991,0.0930002407590395,52994326210355884e-24
2024840066555386e-24,20876894659871513e-24,0.6188034728882862,0.12776540259553026,19883047535321898e-23,7037047057871951e-23,5133764674522709e-23,0.10762571717689863,0.14580505642445427,7475481425275758e-24
2531978685284015e-24,0.030700881235021637,0.32664633019818207,0.3073461437210332,0.1436855694894608,0.10342195495173975,3746068226611127e-23,7523649480118216e-22,0.08819830758644906,2046065777058944e-23
15483052804043603e-25,36186583114387625e-24,18336041171147426e-21,0.4807288688540181,24159377158487445e-21,5799916952623086e-23,0.04730544382008099,0.3469294148587069,0.12499361482926136,7272350610389061e-23
2834091926691973e-24,14957625712144095e-24,0.3890230224847195,0.19792790018552908,3988619057775733e-21,0.04094076402701743,0.10202552301341,0.12358610019274484,0.14649267725269854,643309107819964e-23
3843737029481041e-26,830252896365389e-21,0.0423149277386069,0.3808401146038968,7757510554948526e-24,0.42327758303564533,0.006917074072373174,0.06605458392872111,0.08059487834209891,265640477109694e-24
11739221430960972e-26,0.062550764347184,0.03591386302730706,0.1608926208868564,0.740642740030531,10840780056136865e-25,8676739988557511e-25,5657021335332466e-24,35333214640891887e-25,4454034231799326e-25
3782206567780636e-25,0.016728195236749788,0.17077583363178345,0.58014858792062,0.10938920086010383,0.00010031227813012105,55098275735213176e-24,22523279910125224e-24,0.12285777787948017,1419336059215416e-23
7581945339170699e-26,4085306313828656e-22,2679398838764077e-22,0.20229466329108542,0.03933574494588041,0.7160849611883873,19175032167018083e-25,3155547945121051e-24,0.04228394816397244,7927277834353788e-25
8654432886564081e-25,0.04285202027632229,0.05792518292392857,0.15446883613301168,0.6222341247823407,0.12123835810981916,5935323330906197e-24,20576594474736287e-24,0.0012814401056677803,10290981625710428e-24
818097508636456e-24,3802793295775413e-23,0.42225902718698943,25828723145068306e-21,0.42979591205737727,15272157188663202e-24,15631313948396837e-24,0.07500423494577234,0.07291492120084167,6687247503317503e-24
2325873423857838e-24,22236282240242125e-22,6063619510970592e-21,5930753053046431e-22,0.6979448763072001,0.3020427163418169,31711708751074164e-23,29192566647117682e-22,2649721886985371e-23,2801600364468528e-22
32884690967732105e-27,14599306633380752e-24,2219001735794202e-23,19299565554823463e-24,0.999999848651197,13405682470960558e-25,25543305311799353e-24,3305213633331473e-24,1707675624428821e-26,6502092097408065e-23
3357593056904278e-26,3278717216295875e-24,0.02848477573556529,2486417875334207e-24,0.943002048929412,7415987747228723e-25,21760654327560653e-25,0.028513164271472623,4715915836266856e-25,1875205092491002e-24
31308436263091515e-26,6869287957565799e-24,4369115863377063e-24,0.2228969452973705,0.5539925295450935,0.21217710131708842,25891638957275507e-25,24466747057610566e-25,0.010933404657296624,25957541128525677e-25
48273041911144843e-27,9458614499378899e-22,22378286352696058e-23,12443991935181409e-22,0.39505251671410185,0.6049450345539185,5306940005778176e-24,24098708435059868e-24,33061843066521594e-26,4903771304862139e-24
124269811810424e-23,0.0681573952271877,0.04389088242469012,0.770833671367079,14517615727715032e-24,9618831990910851e-24,4943924747272768e-24,16190441241822986e-24,0.11711800253940445,19252941419247193e-25
9094270868251313e-24,510790145762786e-21,0.3624500689112405,0.3562458402262832,0.03860691994002825,7487560088312377e-21,0.03548681035284791,0.0774442785176966,0.1297579750519825,9955540110869048e-23
0.0016464039657059476,601764900670138e-22,0.26327091191623153,0.6602454063387785,5217892278760844e-23,463279207466852e-22,12331854397334191e-24,3480873630818208e-24,0.07483701958443473,8369878597304493e-23
14783682193527192e-25,0.015413730047720344,5912365583536857e-21,0.14047558535696483,0.8049859531950697,0.0391094975555772,19348588173044813e-23,23570780130477066e-23,8777317355706514e-21,11349154236497116e-23
40039910955805697e-27,16878333951552493e-24,0.03656559924778649,11801141389508993e-23,0.9540500385169375,6749560134220727e-24,0.009381061102815823,11224765118907812e-22,11016040108119574e-24,20259604834153948e-22
7116379671190296e-23,3694673228137183e-23,0.5916257978513704,0.270848257203391,11322708229127842e-23,19523066205699518e-23,2709927671017665e-23,21328616944292688e-22,0.13752335248244,1593365714846146e-23
0.000868959575812478,3752219522000161e-25,0.5831139919196807,0.3062562379359173,17940863923491916e-23,18403145726554856e-25,33512873551236685e-26,6939296714226579e-24,0.10976062124639159,42359668485312445e-26
3078019814339414e-25,0.17755931546867046,0.16346940194388515,0.5428883344854569,2093381648758854e-23,31206125213411006e-25,10793055294857886e-25,5854663390884134e-24,0.11608290441780482,12387858137309809e-24
28969101546721476e-28,5925841905050973e-25,0.01999996097638125,45368532485006384e-24,0.9799999917868062,3280779705548493e-26,766172070635149e-24,4751702710498587e-26,26956596246005445e-26,15531645650949426e-26
363189571390314e-24,9821116987448403e-24,18167645461277702e-24,0.007665133391063782,0.9424009653996528,0.04993088520655561,11463109417849343e-24,307057333899903e-21,26611803186119284e-22,7947683846800138e-24
14957011041697906e-24,2699840699590581e-20,0.00012871547686263985,0.2198277812280032,0.41399304190327957,0.021367981556919005,9424421180201552e-22,0.2870305213917556,0.05762348503932586,5176002419307825e-22
4292727451018811e-24,35507593209873894e-23,9436238436274118e-21,0.4592480325718664,0.2611517403777349,724949104074983e-21,6262429553564653e-23,0.23329342657272636,0.04629614294461161,743528970626375e-22
21641649251785296e-25,15548726460389248e-22,0.14973251147649727,0.10330861544858726,0.4452668352597598,18933234224899101e-23,22803928956251594e-22,0.23218441274175766,0.0695034962917271,10202925362804683e-23
2934610035839299e-24,44287679197926135e-24,11423347781195497e-23,0.5172259337825256,0.23800417309250516,12859548173296553e-23,24046413087020986e-23,0.14527702994794198,0.09949231485925854,1780236199644444e-23
7520528665597918e-24,10806559289438147e-24,0.2929864983264671,0.3451185719785341,35324227614813335e-24,0.003092436691266346,51312211489246776e-25,0.2639843653020037,0.0948180622720266,66470865925787095e-25
22162631818273352e-27,25286019882274747e-24,239695977784631e-21,0.14669185436008017,0.8533077026944271,2707776952949279e-23,5577488010305211e-25,21970329918205222e-26,14945335391648136e-23,6349915760767157e-25
2165289539033661e-26,73504113383659885e-25,0.016243091432137396,0.1630836722525516,0.8050980699325659,2055458582872379e-25,2021887379060831e-24,1747913275674622e-25,0.015575127350929318,29257291166144456e-24
23523323688288887e-25,0.0033058792451025557,0.28802790722035915,0.5466485091950604,0.0010898929088191127,7685922253154421e-24,1019818953332223e-23,1555891192178194e-23,0.1609277711514002,448664220292478e-23
32884216039818844e-26,7833153228779227e-24,9560816580705519e-24,21014543126034612e-23,0.9412385277533588,0.05870579767397373,8736424883178896e-24,4498765955862628e-24,55414767865846714e-21,18701254250180053e-24
9455896638985769e-25,2388921256444769e-23,22847621114695167e-22,0.11527337919867153,0.7944157112207504,11275640191608442e-24,10195582314597126e-24,0.0725597628056289,0.017748800854690053,14861459060587177e-24
1583679586582485e-22,28436934347956403e-21,6357266424083999e-21,0.8437152011331184,10505079731230658e-22,0.017986897457097775,5211769550217331e-22,357381887807053e-19,0.13822525824570772,380721554423447e-21
19259274040935625e-24,27935483815375285e-21,9812195590478907e-22,0.19441148900412833,0.7650664038923656,1470334413690379e-21,4701828816909004e-20,42281704014107157e-23,0.04044306805572241,11916453267246956e-22
6305408259602809e-26,18556507545725987e-23,5328323989470289e-25,0.5028879798205662,0.43142573330554873,35764123015009525e-26,34914311228784705e-26,3570806404692378e-25,0.06568609871322997,935853887072756e-24
27549030693700584e-25,4659655989761841e-23,4825987769318563e-23,4411718314015345e-23,0.9307163541898624,57747723808216845e-24,0.04662529155223793,6272452177881386e-23,0.02265803265803196,5939927020621806e-23
30188541421403855e-26,0.05903296439570362,0.3273652935905835,0.46181093133903445,0.010362526018119579,6100398910256018e-24,394083919988775e-23,4849147019718483e-24,0.1414282677206752,17438652672626589e-25
24158440255503023e-26,1067096919228132e-23,23093184684758425e-23,0.2405396828043938,0.7387419950712274,4907918240314267e-24,29183761878610288e-24,5774772126170817e-24,0.020717914518820796,1258947033000716e-22
17304141748615593e-24,2767577968026972e-22,0.25134745476148873,24753567541635046e-23,0.6667447399096064,0.03961976850008902,32726080189818397e-23,16295237051503217e-23,0.04228678378506578,221239864827924e-21
10481135210372844e-26,0.004783778234009234,41075374440440545e-24,65597643551779205e-25,0.9660123852238106,4866724916908001e-24,29363668829105254e-24,0.020196845595076094,0.009006897105047727,11864216213958543e-24
11755946587004103e-26,29272929282599262e-24,11981485731007867e-24,423431903183488e-23,0.9999907639617944,8222507210771402e-21,9577211629095286e-23,24012585107720053e-24,7170756814202018e-22,13106348386097325e-23
40465478980398604e-26,1076782367187956e-21,19278926050125027e-24,0.35241206919401447,0.5981838694929286,22731577708056287e-22,15232338301388003e-24,12932025727750137e-24,0.04940065648818181,7036571141220303e-24
9141378446533553e-26,966179849945934e-24,0.10735202828305473,8880427821422346e-25,0.881439118119377,12545127511828163e-25,6066545717511138e-25,7161132896860625e-24,0.011208840693649212,19358274390219608e-25
3498779941015224e-24,3280994402306036e-22,13847521673616408e-23,0.53503690896825,0.40282844807086793,2376837295569529e-23,1947670030329149e-23,16451934106557793e-24,0.062134050928578544,6226185808015391e-23
7064551699774706e-22,4126079838626949e-20,0.5023526042944144,15050285785380529e-23,0.0853215160927272,0.3235712866251671,10477108202629446e-23,7553855514929265e-23,0.08871221179956769,8312229389546748e-23
14401867690714735e-25,7933263077482717e-23,0.11265038371233668,0.1433651030554868,0.24175350366312104,0.26296057613927576,17154685269992373e-24,0.19018520890608392,0.04908511315899669,1343719140982884e-23
28525095046563344e-25,443813152267255e-21,1607655632246384e-22,0.873259000043173,12666131628519446e-23,3500202841076595e-22,36846765129619685e-23,7651716208897768e-22,0.1267387504829623,3172119017658114e-23
12141291173126319e-25,9896938842254582e-24,0.0017393077514925603,0.16247104805689538,0.16149156969852752,0.6238541589176929,10897943152940889e-24,6853603869735753e-23,0.05044381887446382,6155781714243189e-24
7428767080037169e-25,909787794314827e-23,0.16903514566204406,0.4640712112274429,0.284289933991749,27388262804234965e-23,9033440042413908e-24,976756030032315e-21,0.08260242976877132,9837124850430145e-24
3605331594975335e-24,18132648175391537e-24,5638016643365619e-23,0.5043390127822437,2681424480152366e-20,0.4095844705102561,21349252155745383e-24,3919516732316296e-23,0.08604953753276183,26288373733806926e-24
1984427396868127e-24,3147657380269877e-22,0.06523039269368949,0.3008565566495911,0.3940639087710925,0.09885399695859239,5224158666657245e-22,0.07589707837850654,0.06509624182106824,9855616189684564e-22
14607330041203708e-25,12619369789225596e-24,0.002992783999850302,335715565753709e-22,53679979531162686e-24,0.2228652879852128,889935568686306e-22,0.6845109671156343,0.08963076003138463,10531755181695195e-24
332044968731805e-22,15960768477058637e-23,29702144078577873e-23,26350303261780607e-23,0.9999872952605796,9899876245965458e-21,9332798349795948e-23,5786070116171194e-22,11927325431728134e-22,18685896261617434e-23
26139286130798884e-25,0.14604503542974148,0.52646883884527,0.2197224233954606,4552112209984235e-20,2366879843524094e-23,10067599468354556e-24,22730322688233837e-24,0.1077181029825981,1914640012989562e-23
4461517508669739e-23,18602783952757363e-23,0.10993426830788715,0.009007528855546832,3700481125404945e-22,713035845256534e-20,7502286495054244e-23,0.8002293260255142,0.0808207760654495,29467295629021393e-23
43355043727959313e-26,4240582022017371e-23,13237650698441552e-21,0.1089093441003396,0.653101239921755,4674947150324563e-23,10391361404111051e-23,0.2016810689871551,0.03629458499199432,33084489062688545e-23
5096257727579967e-23,642198427993931e-20,3397861375579336e-20,0.6754344278350332,0.26648026936138547,31443053547608384e-23,7403080702678323e-22,8332303944018752e-22,0.05804286529466471,9797943701717552e-23
1493740883305552e-23,14708882117220957e-23,29455430207072215e-21,0.3760530502276545,0.46748420488381737,0.10269719417502862,12637504927689513e-23,42284895084939745e-23,0.05373350548738932,187854650458746e-20
24595693415970385e-24,699718346532275e-22,0.46184961405871866,15078924798319155e-22,0.5150548998443596,90862587507807e-21,7855302626215505e-23,7345425153625382e-23,0.023093493939601212,14682805392367996e-23
3885187415605032e-23,20564203635752838e-23,9902617911316526e-21,0.22310906562989952,0.7768547945014282,7080490917880595e-22,4191370002873005e-22,2609238657846735e-21,1747796212776e-17,4778369965522992e-21
555297623696175e-22,2980438209170666e-22,0.7722053289330467,0.14224166228430582,31551360671975746e-23,2203922176119062e-21,5934598101665556e-23,9767632452296532e-23,0.08554866005340708,13187025520261385e-22
790333573261108e-24,16873528803766308e-23,26095060454097975e-22,6940622577033367e-23,0.9999889716835536,6594141284097853e-23,4034983427076533e-21,20936089508293832e-23,6797345598149137e-24,3862795479938199e-21
15447362781957832e-26,8657107472729088e-25,0.23523971814630829,4947991663289231e-25,0.7200990983312577,0.007302151610971416,0.03735897072351261,18069929357300493e-24,16115960551625482e-25,3998885234418821e-23
21987402999124773e-24,3142852205833617e-22,3796921035774222e-23,0.6809522969405961,1884994146511489e-23,0.1778037964908443,0.025557440193045216,293379547342325e-22,0.11568602247219296,214735971287509e-22
43030175730965746e-27,5780888656750982e-24,8395581835318098e-24,0.34405482259300113,0.6559451131238453,4408958486525583e-24,4286728310813533e-24,15820203404994868e-24,18709622045158316e-24,6838047797685646e-24
4686274211722912e-24,1725543740206681e-23,0.06605710555786719,1264528954560574e-22,0.6342107351108148,0.057804528269329754,1160655453861781e-23,0.1274197402146826,14011061098690919e-24,0.11450771683508328
1881409303843225e-23,32358861342291425e-24,6895856356813608e-21,5874335869932902e-22,0.8769797453712721,30291989175078796e-24,4979880254596827e-23,0.12301127591758092,5128825526666909e-23,13128691910600982e-22
0.00877179665005472,24789986204544396e-24,14792828671495995e-22,0.2508461432562418,4317887395044419e-22,0.37259826997043494,12006909396512685e-24,35667706342044336e-24,0.010438060338056944,0.3573437462489097
16371014788944655e-24,4477402755339469e-22,8715964900022845e-21,1786984071081039e-20,0.8511946375259123,0.06504072820094582,6158805264625004e-22,8119676868998342e-23,1362765988218833e-22,0.08373675100154185
6287024142880589e-24,7609255101991537e-22,56935638390987876e-21,11409014918737168e-21,0.99992025528202,9620966757071485e-23,39179194872350983e-23,10125889799337227e-22,15105398963617182e-24,9117156291658664e-21
22063339221101335e-25,6332040718590223e-24,1557130475286934e-23,3993948190771902e-22,10225245305824155e-23,0.03785721675737598,22695980691512163e-25,0.9087183517129367,0.053423889739556446,13763661992281215e-24
7925079779372537e-25,9366273925045695e-22,20563791862526357e-23,5698561353553227e-23,0.34548498950830575,0.19879433038107183,8193287923971682e-23,0.43143868193578255,0.024275909613760714,48065849103143606e-22
8381031616980445e-23,24855031320029276e-23,927710128916066e-21,0.12804341953200285,0.7019731350804496,8131081098691472e-22,39628963199092266e-23,0.001014956675170497,99318918260933e-20,0.1689650260529954
6529642545925259e-24,10825197355209008e-24,0.21230354243782448,0.6958820336039663,177037309327115e-21,35573684022865042e-25,10696132431189667e-24,736249920304675e-23,0.09181420180280546,6146892443040007e-24
5640245064090479e-24,0.2369860892086031,8965683453637668e-21,0.24736602237753588,9628489130161419e-23,0.34002125063084854,3652237075110766e-20,0.04813211959371369,0.12744873673271784,19147723600607666e-23
2698469583008096e-23,17273950454194125e-24,0.7361155381663104,0.18119498738173434,1387837204178716e-22,1461315270874718e-23,1976511135250624e-23,4749511597641677e-23,0.0826891833456436,2619073283284488e-23
12998011548851914e-26,0.4265161212053241,0.23756954137660488,0.2546126951303235,14471515933697151e-24,6905897892161394e-24,7072992968382776e-23,12033671666546215e-23,0.0813014252790502,4434659263235072e-24
5403447263546706e-25,10678301084994278e-23,580864251740285e-20,0.1469994844749951,9612629790419183e-22,29638436922397238e-24,750325002695432e-22,0.7777617185765254,0.07523170554812751,10950055281845963e-23
13284123900138487e-25,1828372767028847e-23,11104676768314473e-23,0.6905163140082075,0.28175548062515104,6614831670745209e-24,36929712587813075e-25,24260729487853047e-24,0.02772802451638239,15622789506632365e-24
4799361967175149e-22,9638525549219921e-23,25550420234485366e-23,0.04212790482009826,0.0068566220035732066,9929226748292374e-23,8420164626137019e-23,0.9510132572834636,10990697353685917e-22,10150452713225402e-23
15743214483185696e-24,1582798673942525e-22,51397534732379625e-24,0.7401406263391495,6130302275823867e-23,0.1204263025012989,3934307794769576e-22,3176820796758409e-23,0.1394323003996765,58837422183616555e-24
27203283938826984e-25,761964435390513e-22,5235883947085257e-23,0.3403848939626864,0.65847835724775,5021313267123544e-24,6486592858474384e-24,40762191607799486e-24,0.0011365408504114525,24393612571519532e-24
5692906080717334e-23,7365159510335633e-23,11136877501550795e-22,0.4457190607684506,0.5494658821078705,3915880073174399e-23,44531951092122124e-24,1803480933606884e-21,0.004811774634731975,15104884303091152e-23
5121149999528118e-24,14572388813853574e-24,2972110452247078e-21,0.24281739694019266,0.542535709307044,14124008069948792e-24,16388012469228613e-24,0.17313616172662294,0.007373328372406694,0.03413438133768104
5123396859904511e-24,44621545733898e-21,46578449951674904e-24,0.5882578531513263,31383567486773095e-24,34885516609244263e-22,0.1709683766910372,0.0042339607689548435,0.2365361749403902,18190927486578964e-24
291905497674898e-22,0.00011305188831866542,0.05362127553029722,0.4477787893699691,0.41752154291075433,4943368256420543e-21,30441069727355194e-23,3100035687285435e-21,0.08095670596893789,25732653956100674e-23
3208433458128823e-25,19293485772018047e-24,0.6672946933482924,0.21710476391316438,9434422218585044e-23,6632943437663107e-23,6954559835287799e-24,8659089242782701e-23,0.11560026186085548,7044254476435171e-24
782562910054123e-23,0.37339623679509426,0.13933240920227066,9538086560462755e-22,0.44282399953933477,14886508389261514e-23,31920773949059414e-23,1439283557347175e-22,0.04444568345213182,9737559499392495e-23
10715942925755783e-25,0.047687801601950686,17626598414657634e-24,18216835582015797e-24,0.4691907742212161,3896778477870235e-24,2800708992957221e-23,0.37173452496317755,0.026263978463739148,0.08512285193101952
4142967602210511e-24,0.05404979049035333,0.1615275353657252,0.4337827130710378,0.13016444966272223,9253689623280543e-24,9972726833273102e-20,0.09850127753588798,0.12187443188027697,6132901400305378e-23
0.0009167955446127805,26368624400527214e-24,3514499766788861e-24,0.9361786114349092,8839532000397657e-24,9350703553031815e-24,17876964391024931e-25,33140371828394593e-25,0.06290453667567819,31549053412389157e-25
9511830128410835e-24,10041396442145138e-24,10858124926090517e-23,784263533325499e-23,0.29582744911439596,11165419886778052e-24,6855445555430562e-24,0.7041590333195218,1331010050443677e-20,5346759884173806e-23
5191819109485188e-24,0.05626086996973125,4403178680344996e-23,5737332819029243e-23,0.33204673327616635,0.21412082137045294,0.2531919997936468,7679078866143454e-23,0.14437925898379164,13321846045903756e-23
14918560669979123e-25,36253141540230344e-24,14868120967072779e-24,9142342136579017e-24,25698312761183534e-24,23224783101815906e-23,4141125381083377e-22,0.8996833405841237,0.10031591522460014,10378693354744093e-24
6445870954818521e-24,24180964851119294e-24,14123873460929094e-24,15373626245571487e-24,0.002180930705967996,12092380922279626e-24,10152311039833508e-24,0.9827028467781829,0.015116121550489043,18591427565750403e-24
7976140464856398e-24,7861394608908125e-23,5235803486986936e-23,0.3063101084626011,0.6936859527912481,12030196967928438e-23,4707320467950296e-23,9134901638948704e-22,26071007369130885e-22,111830980390092e-21
7201114763281658e-25,11879772479147438e-24,2195739871338791e-24,0.7253821110345011,0.18815154886854002,24046085793231867e-25,34238298497079723e-25,14828830321356372e-22,0.08646483515265112,14372139177020208e-25
3640093569113714e-23,6793336988295586e-23,4870769198937719e-23,4443378369356988e-24,0.0184063653015817,14522996388985494e-24,614983288568626e-22,0.9815929620780033,1068897943023664e-22,33222743100590896e-23
6341470522799932e-24,43481101959105075e-23,79418008717363e-21,10255550482252422e-23,0.01576476688763895,15677222405463763e-24,6063563266967391e-23,0.8198691395346658,0.06259995201447247,0.10176544212367009
3187458762546104e-26,9166319798666103e-23,4330788210101147e-24,25376561584195386e-24,2200293509600844e-24,4739937307345408e-23,0.1302603020099544,0.7500617090120466,0.11967781373801605,4237900645329666e-24
16320057396472285e-24,13605811125734207e-23,4826239811360012e-23,7273585289181239e-23,7670065843268616e-23,19750120151805355e-22,0.030687365493871414,0.8694530879748532,0.09985716295649855,5848227481609679e-23
7330588733004436e-24,14865640152330834e-23,12610274191180472e-23,879428765182214e-22,4086432675806404e-23,13577298895780724e-23,5408121871732273e-22,0.8729076046130022,0.12709123160498687,762994658269699e-22
20342951128747527e-25,3486662945276912e-24,6121301646614456e-24,23881208615295338e-24,0.3524479844068615,367346285840887e-23,4567779815058343e-24,0.6473093744010153,0.0002425934537398592,3974219590095604e-24
16585176474039264e-25,8136841500541515e-24,1033865859296762e-23,8786042137910507e-24,11362199886416834e-24,1082962828531192e-23,8129752420955229e-24,0.8011935333639254,0.19880639632814626,1108429289068023e-23
0.0016505172569524233,2574694641625502e-22,0.5139386742507692,3830921866602988e-23,0.011128564311000452,0.3276267997983775,25820516396512836e-24,1539018025989916e-23,23142638007186273e-21,0.1456319647549481
39118926135277644e-24,1382623880818937e-23,1769111382449809e-23,882636189535379e-23,152076782038828e-22,3714131650096097e-23,32501612641345384e-23,0.9366865762524764,0.06331281852471357,1483726296536472e-22
5349234487552482e-24,5098968770929701e-23,5014773254688117e-23,0.04275985979374211,11416438780595265e-23,9808941996525795e-23,40046108113971064e-24,0.9572396584015923,5969126341938828e-23,6332716134087824e-23
14580154311932027e-25,16052735684020506e-25,1062365381908975e-24,12162518200509343e-25,12947614641792067e-25,0.10341287272684638,11131220520234428e-25,0.8614633889183652,0.03512372932205205,12808424230698585e-25
8740329987700328e-25,10139178402661207e-22,32735991082690118e-22,0.046318628726877635,0.9536672240587203,18447703968839376e-23,9244271025055504e-22,676629818711211e-22,11662606405283544e-24,8670593380189262e-21
6912983389991279e-25,0.05021537984224466,3759277275580439e-23,0.5651485031033322,0.16629542892614213,0.12739872432725774,4264720246525387e-23,21916416038623617e-24,0.09093724873021491,4612456411166097e-21
4176845938657918e-24,43064502498227985e-24,0.9999997536822263,5877631814247256e-25,43659589660881444e-25,5123667016856779e-25,3292529371934241e-25,6224117967517627e-25,19088945724397593e-23,17717238045925296e-25
24715942712460305e-25,0.5665261395506346,1794231091802295e-23,219587486683518e-22,0.43347374376255926,19491757891265046e-24,7265426606760221e-24,3129443367542543e-23,5165306626705248e-24,11097034096075977e-24
1289016175398758e-22,16385908331675128e-22,6290393100371999e-22,26352464613409547e-23,14611672147525659e-22,5424601579534897e-22,39207219624372676e-23,0.9999924784597205,1170342938475764e-21,12954412471461061e-22
1198960130476891e-25,18928449431899423e-24,4031265275483009e-24,16756180048192488e-25,0.9999998735350477,1147619071939239e-24,7683613745145543e-24,1628134355524348e-24,2046763260515409e-24,8920356909099639e-23
21925984939152776e-25,21395385000225825e-24,11181293353256712e-24,10872757366408599e-24,0.9999948135576937,4212460842277726e-21,13139683190219876e-23,7309989337106676e-22,66405851085356815e-25,5930658513384064e-23
13830890798316436e-25,25438706716569536e-23,2061060377650579e-22,1784899146462121e-23,0.9392474930403087,25040803200425127e-24,8845383959603823e-23,0.06070041395100379,5063517899068699e-20,8646103465928282e-22
24626959999039066e-25,0.5650821871645445,0.13754940556617595,0.24361552371057146,37430417714398436e-24,5038588649177894e-22,5409923554559822e-21,62708436653199625e-25,0.05374688399581225,3961652360262199e-23
5229917128863276e-27,1896590139257869e-24,9625552152547147e-25,23442201470487094e-26,0.9126476242787744,0.08735235499336821,11804714378746607e-24,25933866758748887e-25,24763375101805213e-26,29833232427106956e-25
12734975831373627e-25,0.02837827865155213,4277139272370544e-24,0.08762544880522873,0.3360575854365308,6433300189034825e-24,31784357728174946e-25,0.5479289029771597,9763060328736137e-21,5907018176200162e-24
5051455698163315e-24,39811308664059256e-24,30369386262767785e-25,2465938369806594e-24,0.4990086385969177,3280282171298275e-23,578535627029671e-23,0.5009912580989573,9574420108502446e-24,4775861275792624e-24
6361430423688737e-24,0.4752591930564877,0.5146713507957225,57115606021689055e-25,0.0006387576144769045,1347467994054683e-24,2728100462109849e-24,24851019556124885e-25,0.009430676553202988,33467611386582413e-25
8200801867437657e-22,1910256222149987e-23,14271531687161485e-24,4124389539002323e-24,2340804797958179e-23,5738998133089522e-22,15324443870393836e-24,0.9999981983249012,2570504633270519e-22,7441365165893365e-23
62987980003889585e-25,3441737433463244e-21,6682197682029961e-22,0.6530779042440561,15164947853394196e-23,0.11575100833428767,25573630087850392e-21,0.08433156879268244,0.1468096362390124,4085409585232057e-23
8115085811078423e-25,0.08750543810053456,15474885766537682e-23,18237371048821235e-22,6742458698628984e-24,0.13506899252027524,0.1564127167344735,0.4330081083917166,0.1880027264119634,31801084229311865e-24
9259133641817585e-21,0.08058634249523215,0.5627734515962189,10596848585225673e-24,4904156587806007e-23,11397573356717298e-24,0.1807294216650017,26019963269643898e-24,0.17590138522874577,42825246121195255e-24
68249145836524345e-25,45753612505721367e-23,3830736271248622e-23,9871157295604987e-23,0.9999970268202416,6952063390612527e-22,19940234414821484e-23,9564052930231305e-22,3286357178854395e-23,4879222577952532e-22
5223016458587643e-24,12226120097964514e-23,7502450959612287e-23,3539223861312659e-23,0.9999655576293522,17017899764216857e-23,8888359013679791e-22,330081005397733e-19,4142599139934866e-23,9592831549377608e-23
24246550733034605e-24,0.11447278433455746,40098759580379075e-23,37771602741457155e-23,0.7440416100236281,0.1414824858609527,7573397617793661e-22,54773668430464524e-24,9515733263588562e-22,5531439058474706e-22
251895400172713e-21,0.010775386778084841,2894392400244946e-20,0.3081632034360976,3692266229836028e-23,14194482133786043e-23,0.3793252350943783,1989192332873626e-20,0.30168656563738205,34244303307896473e-23
18408487672668692e-24,73746150014724844e-25,4876444099502217e-24,2454178174985095e-25,0.9999992928617277,2692211398022768e-22,15894383822693491e-23,8335890301325343e-24,11436829915490725e-23,12536489373119872e-23
42969543299312166e-27,5376996880588329e-25,14594187966689806e-25,0.1899822217430404,32645618087394476e-25,29620861230457776e-22,19804034798878863e-23,0.5958781890921274,0.21413641786751247,5866545659838853e-24
2613713649155273e-23,5923670935532954e-23,3528290313829012e-23,7400248829127965e-23,4868859967444888e-22,8559515790645914e-22,0.08256676540489566,0.7279391199504348,0.18949256083159474,16310345663216166e-24
6326502879281992e-25,41160795707138425e-25,9339384212536993e-24,2646632071273912e-24,0.9999998655669873,1053457386457909e-23,15375486830142703e-24,8125272358822552e-23,16637304116806304e-25,8876184151729823e-24
2882028319114954e-24,16891050437866183e-24,13450806975486996e-24,0.3543583274793512,932071261189853e-22,9003325061523565e-24,0.06285621547201745,0.39306395039182557,0.18972135223205383,18989739026497953e-24
28832500418871366e-25,26025902756999785e-23,21185922278269503e-23,0.8699957883455087,2656104538760228e-23,17823842962379398e-23,10753361819767735e-23,56607486132309373e-24,0.130002974909716,3928463443934267e-22
29263562787993248e-24,5271437282275154e-23,6796954352573453e-23,17147823776315629e-23,7074401550930568e-23,0.9999992391060893,33415468660917636e-24,649743181521993e-22,22329173284137145e-23,4704265000366857e-23
14913449095152018e-26,6917091384436011e-23,11598316585733653e-24,0.947791020564461,3525614712229208e-24,20773081524300966e-24,34336369402741514e-24,7665155382803627e-24,0.0522087761331959,5608403375238928e-23
9336835764955193e-25,15796622247653078e-25,15652736115228751e-25,0.9999992435401083,8102641707687482e-25,1137674948031171e-24,6001871846895237e-24,13092981329698892e-25,7382065934025592e-22,4915928831364442e-24
3804803917824898e-23,5727787557335929e-23,14933730858489037e-23,0.1699757578937367,0.8299847114720539,9659039787143142e-23,23609099220637193e-21,1467720001702422e-22,5368974981842809e-23,15379819929714913e-21
9765889755875883e-23,26919031065022707e-23,1416124552260818e-21,0.3966045992028677,4810464024063637e-22,0.06375956372623034,25398088992089025e-23,0.4212906682768057,0.11834230747882815,34331617543355903e-23
13338024197935373e-26,0.22253677208671793,14925235919950132e-25,0.7774625831318549,2110316607666469e-25,12062589767760762e-26,3501479343258803e-25,15079625384906292e-25,62735964991547e-23,6403384635683369e-22
30671122056834253e-25,23111814640600664e-24,2099791660946566e-22,4613525074512659e-24,0.9987576595609815,4734915907987421e-23,0.0012418080655211827,9705144373320975e-23,11310868511764375e-24,13588712539138092e-23
12538304045818874e-21,494028216763671e-23,22983431780003995e-25,17544630475146342e-25,0.691756334902037,1131618976002551e-24,0.3082311018552705,11539872638731052e-24,1814874657906753e-24,1459339115817309e-24
13417857994740098e-25,6452092280971585e-24,53582572384957276e-25,0.4479395604821203,0.127906290541327,0.21928148089083263,0.028895367502338,2497559477555006e-24,0.17597727676469002,8169013598827387e-24
0.0014307687586806353,0.998454494698301,13633517970591138e-23,0.0001143391012690355,10301132609503096e-23,12376662690660763e-24,14164309289506855e-24,31874899442602816e-24,4840610066806558e-23,5127164070018228e-23
864772269594706e-22,665324976784732e-22,8605663977125219e-23,0.483259148534761,7863221731087145e-23,3058704600456915e-23,0.21009290545335826,0.018898213049721852,0.28774932991646446,5476006602687256e-23
26333283697184377e-26,0.4220109564679065,8313106566000468e-22,8877737770069344e-23,27196563535725643e-24,0.2203891962035086,9327790966038719e-24,0.08980508819015656,0.26779379917323975,30896605697933125e-25
1069705519182376e-24,25279389908436522e-24,122837723373243e-22,11154544812263335e-24,28738302815185934e-25,21926373319688726e-23,0.05070222363130803,0.6350423705113835,0.314254683754964,45017743962882604e-23
367760935409063e-23,0.10039061873253947,13823535263639755e-24,2190790708822277e-23,24540239249840435e-25,37246805723982624e-25,0.22736330478345673,12919893667058783e-23,0.6722459009094945,7875354613883967e-25
6178571088177271e-24,13247408567862464e-24,27479450735210852e-24,0.8904496246012171,2051196734874002e-23,12787242931454454e-22,1123554528950784e-21,5796946945635376e-22,0.1095472765484958,4945937998209028e-23
9090479649683716e-26,9336322782387267e-23,31650513150815386e-25,0.14574017903847608,0.8234273921192049,9169340050026511e-25,0.030832277944262212,3191074891403249e-24,9267008664281128e-24,409039473410055e-22
19022535528176514e-25,0.17682016535603373,18473160046289826e-22,0.7056158166975313,30637784775491403e-23,0.11756164435688315,43355697811508664e-24,6374677634324994e-23,7295772562170399e-23,3793324532685643e-23
19281682162489706e-26,0.9790136670074302,32071031938908204e-26,0.020986331523527673,12324090677173756e-26,1048787994940744e-25,7458492782788679e-26,11309810704623069e-26,3300808957591451e-25,21063774753604882e-26
8743934062819433e-26,7390084942683283e-22,5995450253185442e-25,0.9671718673318844,3053626752844894e-25,0.03282730665592888,2498558233222515e-25,12181750644105513e-24,7131344761630106e-23,22686072188993768e-25
44209469475055727e-26,0.6804034895471777,2030303623323354e-24,393421682176873e-23,43303002424300205e-25,27330700547064174e-26,4670454419461773e-24,30644197530783856e-23,0.31959618604252193,2287931000432584e-24
7618243873198901e-25,2848418891266054e-24,2934785891682517e-24,0.5265520251226034,12976226955143236e-25,32795849951753226e-25,25785495048638243e-25,11601761975966921e-25,0.4734479575761418,2440199449020373e-24
12870087705705869e-24,4869096625904487e-22,13042586758984295e-22,0.43060643100904905,1568735675885299e-23,0.11004005399246085,0.4232281908634118,21232253400981664e-24,0.036122586483082884,8966935850330271e-22
33810382401682207e-24,20687110969612879e-23,13952362519942982e-23,0.6008184433435081,29183292730233213e-24,167748667048158e-21,8422962825096125e-23,23554535480819155e-24,0.39918081230131974,5943432667945671e-23
20307412390400606e-24,0.2653779663821575,29008420487148532e-24,2790193256054351e-23,0.4431729475770613,32129817042787624e-21,5696652922466375e-23,278465416740019e-22,0.29141668268865684,11150534760565552e-23
