9735779869151176e-26,3207907937717196e-24,0.47024066681894255,0.21184944566542807,8719549786295783e-22,0.13833795472640967,21308565447451106e-24,0.05826801770020503,0.12130301872827044,21935584059594983e-25
4004593864739187e-26,43549002410423264e-26,7252085294997385e-22,0.3070553723576298,0.3116863516698097,12512523666417652e-25,2323121230132485e-24,0.30810820702455893,0.0731493393507822,33877965233043717e-26
1226548445616315e-24,13613113269640512e-23,0.3784766249219105,0.28226764621613515,0.23592369567349147,7246068304004269e-22,4976897002170099e-23,2392470325047234e-21,0.10332870956548497,194191501097016e-22
26580089271720775e-26,25035728266151145e-24,0.5618916991127128,0.2574585631822264,0.05561441677248722,14661295156005982e-23,1677676803905216e-23,1099998099715353e-20,0.1250241447242799,748315212381495e-23
20188413871530184e-27,8035886387775736e-25,0.18319228563046552,0.17385814996374513,0.6291077337874112,26556030865184114e-25,13496900985570251e-25,14892704074343771e-22,0.013840336178319616,34077007827962893e-26
44770496679686873e-26,0.19953253783777222,5632509546094002e-22,0.11039847694896664,0.6900680891522325,2617406028483003e-22,17041216921752813e-24,11580481595315706e-24,20745166890066613e-24,21254277895546315e-24
12740686638027548e-25,550331364634817e-22,0.45963167727599724,0.26164553154022463,0.18107916819974065,24057054350019533e-24,26323678644802956e-24,2325021280653826e-23,0.09764348348142317,9591737386854075e-24
29379209842735752e-25,10984213229509423e-22,0.10604275240239672,0.46793458054556486,0.3300506392023076,4354917564584457e-21,44097256735917273e-23,0.020922036776196137,0.0750440366978116,57143085704084095e-24
21323470986763645e-25,5570818769874846e-22,34295640361142543e-22,0.5847697227158031,0.1867347803081556,0.12950252123996764,27162132046656296e-24,5925315917109364e-23,0.09898888371760055,1682494419258671e-23
13592540245805238e-25,58664139642511816e-24,0.0029155554666552425,0.36729150212373585,0.5393782567342653,0.05970178977728241,3334022909692994e-20,5436201482263568e-23,0.030679398765697596,4251523756762117e-23
8719125680079388e-25,3896014384046355e-23,6976459732544513e-23,0.44212209324528784,0.38741590524964264,0.12489856441224893,0.009153887175801378,9981373123232013e-24,0.0364094227434669,7595474980670608e-24
12945552266467876e-26,0.019931777509122055,0.07579751533874995,0.24324652938837105,0.660915298122144,26029294369753163e-25,4091012126647386e-24,35063843698070575e-25,0.00010886400218921346,5312319576163448e-24
6198466478609511e-26,1890549177171558e-24,0.5128876180443833,0.25190572272050543,0.12606077521516396,0.00026998907017769167,6552355977167946e-25,730041771299135e-24,0.10887589120959822,40015417359400616e-26
20494053931993332e-26,9612934663169253e-24,0.19374618621371106,0.19110738129095173,0.6076118416964278,2565136098626457e-24,25131122499822517e-25,2696572206515801e-24,0.007534569360703788,3846031782999487e-24
21821418587240426e-25,0.09872649425082623,0.004920174910138045,0.4121805439969361,0.4422332505307369,3414653154096342e-23,5896537430474052e-23,13131549655546762e-23,0.04193928391237099,2578794712792898e-23
5719215066726692e-25,25233734602322224e-24,0.0007085458454206214,0.336190040044538,0.663101273846083,73912382372636566e-25,18568375396680758e-24,509398149420675e-22,19301509825283006e-24,18258039814634155e-24
4270771097098329e-25,0.034208069403756154,6692904572481063e-21,0.7486489386327273,0.11013047081435198,6793978793770527e-22,10011691949874874e-23,4997738006095174e-22,0.10700440748030245,14104847002553226e-23
2864648488114443e-24,53058064656755286e-24,0.38504471626253434,0.14885601294994205,7809507057546623e-21,0.37314353844017384,26800708273516626e-24,15083704546854318e-23,0.09294766198625205,27301056069954107e-24
4989127469669323e-25,28780101388175936e-24,0.20568634870249358,0.32348251370761855,0.22832914337649546,0.1375093138281472,18863847885700054e-24,0.02564306699610355,0.0793495599570465,5289230620774834e-24
2682866624088396e-24,2291092573708611e-22,0.0718993725541426,0.24556303850598196,0.6825368084689172,3876334016935304e-22,2764091080434612e-23,4654152165915503e-23,37019431996796813e-24,4984759898675692e-23
10671655023283552e-25,32640500651478864e-21,18789544155190712e-23,0.7481743981818053,0.059818599575635685,0.08055524995529881,11810265095915718e-23,9925265856965914e-24,0.11141878668878227,8108350883367936e-24
5985326424835341e-25,0.10824469449015596,10540104583148906e-24,0.12582067889485404,0.7659346047832132,13156027449913496e-25,6399885672427476e-24,15353729983631026e-25,17727876001886883e-25,11334126166032988e-25
7732205336099109e-26,13564905091918813e-24,3366296153732711e-23,0.46753982492873786,0.30366408529728595,0.1523571791396757,6731331394705782e-24,17855260979119603e-24,0.07643883420704557,4535361120136968e-24
27373758978198083e-26,3001747178169384e-24,0.5871891948815329,0.07244126699025154,0.21342737105815401,3820685286373249e-24,2909777296877577e-24,0.029529277968848994,0.0974128773919516,17035855710640632e-25
6976444383265292e-25,1538168130858962e-23,0.35098536762878824,0.10517102761129389,0.507944605999836,18058571681211457e-24,19940671722935223e-24,17751592191464523e-24,0.035898916694985246,10234927562670398e-24
18589095788085761e-25,3192793033611704e-23,0.5275262987902533,0.049807459974772234,0.3509495622504666,13317990672553139e-24,513039247253233e-22,0.0001895279635040386,0.07152703567296378,16938693347744786e-24
3274666533071037e-25,0.02365041123747809,0.17750223183900588,0.3393628705898643,0.40126277246892433,2908556017770057e-23,4960484391425472e-24,17348135096090803e-24,0.058221657451412605,46934924217646704e-25
3415124739254121e-24,3903824717889593e-23,0.1404528522083638,0.004052680457953935,0.5715931211823847,23029093344882542e-23,34995227389113046e-23,0.2828044061091035,0.0010962626758683862,5467030653819601e-23
1028839766562633e-26,3047862455965614e-24,21660990988478e-21,0.26946155735747734,0.7305383959759182,5463502874291488e-24,5174584837765756e-24,9914601329013631e-24,2334365235227265e-24,4292575992521913e-24
4474512125010596e-23,286082097309176e-21,0.5198584984965626,50840803847053235e-24,2805247706468485e-22,0.18787255683125903,16209880934590017e-23,0.19304094398916727,0.09922751147350532,7573244316538458e-23
8008296231696917e-25,6031202057586312e-24,0.6253289393987306,0.15180738167602256,1400601638279078e-22,11624195463055182e-23,16001942756177025e-24,0.07799155746503625,0.1448718390758809,3236310302152058e-24
1664360854397342e-25,0.0018394786320172147,0.3516380147507055,0.2803087508065407,0.204432551837919,0.08213782025356421,2457419489571792e-24,1058025887573182e-23,0.07964336900630645,15086936177208902e-25
2831449883578688e-24,5375905416365611e-22,0.08973981119130474,0.4407406568626109,0.0462390220852295,44965010451507604e-23,0.021269127325749156,0.2857256268370613,0.11628476199736225,3716359482167934e-24
13871142468581107e-25,14074532901383404e-24,0.44835631577996377,0.20901639211365178,0.00021284727192024552,0.05914944773442205,0.047698727790304644,0.09679314403235012,0.1387731040383487,577745840736102e-23
4415653889929506e-25,5169060557917409e-22,0.15291125810587858,0.3584952349618417,2190632473113999e-23,0.35898050208734006,504355761693011e-21,0.03962112254856344,0.08999083795097507,7356982354648637e-25
30123607135882997e-26,0.02436404832985304,0.09021235789097794,0.1578937299292439,0.7275282323672344,6985070552821353e-24,25139716148809724e-25,6618065068351362e-23,1549484993799718e-21,6018564332891009e-24
7745650633916228e-26,9857995152499579e-21,0.2055242269511369,0.49916158307570824,0.18712520382960893,15377219233949424e-21,12449645937279942e-24,7832866854338891e-24,0.10816372978031916,12497530208329464e-25
996596068811055e-24,9754569215458788e-22,44217281914953844e-24,0.2151567006988467,0.17092759959422957,0.5772324310712265,9962317960992395e-24,16890111329022507e-24,0.03668221468223825,6430452249138915e-24
5406009163276244e-25,0.007714132003564027,0.12389772695754862,0.15038490835015056,0.6117760914209002,0.09597481602911696,4383824880832099e-24,5592619389496689e-23,0.010252260046930663,4341209743987918e-24
10075481913383637e-26,27105582499227654e-25,0.4025341337068328,0.02422451643359963,0.45665387666009677,23353365921003545e-25,15914699654755815e-25,0.04803304505976672,0.06855442046959061,9309376462337654e-25
35810707626172946e-25,7425425314323949e-22,0.01720544354703693,19276463275963543e-23,0.741441614823455,0.24135145107230443,131508459281683e-21,2530738586632517e-22,55877864042508556e-24,11235555230983995e-23
413747846160204e-24,36678275044819195e-25,8622951563021888e-24,153857915965291e-22,0.9999999045997774,6251003759832007e-24,7548118585086993e-24,8438987856125551e-24,33027069406858635e-25,42080941122922125e-24
7880643714946744e-25,4406486650902868e-23,0.07133285571139518,59295518389931944e-24,0.9132461939956067,22203335314449747e-24,4935028406014743e-23,0.015420709915239488,3344527596809054e-23,31494559817825035e-24
12007680703060701e-26,9959538197131673e-24,31956183216424942e-25,0.22312239422406688,0.5936557016778536,0.170859421171308,20009770074036992e-25,182295008636046e-23,0.01236246396505072,1862762292131038e-24
38859692088477964e-27,387411405781586e-22,9826560101815075e-24,4501283210447345e-22,0.5145736230337931,0.4854258763550399,21585624170756248e-26,12244044536516885e-25,21649481103903823e-26,21902140785395655e-26
59954959751227716e-25,0.040933173796857514,0.16975484118523498,0.6664215099079476,8245765440904113e-23,1874390482041979e-23,21860599534227648e-24,22580916335132912e-24,0.12289031508296563,8388822570940834e-24
19234140628060903e-26,12872340475201338e-25,0.3459437252514353,0.323713207680527,0.1467016221415261,21739152117909834e-23,0.0140894743051133,0.05695168640075646,0.11260006096804265,4381519981027114e-24
0.0011204986989752411,46026494617241455e-24,0.32263018536574883,0.5871872261556513,7850113475846719e-23,5834373445866168e-23,8854286927785774e-24,5951207417037007e-24,0.08906187904526175,13057502373794432e-24
28979564225413263e-25,0.008317495795032456,7812520200925346e-22,0.15368781422600303,0.8084742968035044,0.029517911238772163,19507256298763622e-23,21276462795955782e-23,12462366607823745e-22,56463438385427256e-24
2648431970926619e-24,11508642524648214e-23,0.07979215291174578,53713183918855076e-24,0.9201688532350746,7059044339831329e-23,3748144063451985e-20,9195424353627104e-22,5215613798629431e-23,2986743404973584e-22
1898314207579315e-23,4443034817958022e-24,0.5855809451772329,0.2757073292059735,3566208929719154e-23,2815112916647745e-22,3011462139299614e-24,13877306309312853e-23,0.13871124139658703,18361386958226924e-25
0.0002995901409972172,1629766319743726e-24,0.5576202804416877,0.302238986617312,0.026712802996279542,2235600435423664e-24,13711948546053731e-25,21297554882147427e-25,0.11312833076797567,1669436718444918e-24
1151409006029713e-24,0.13234027002714535,0.25485964147621115,0.490435315593386,27422590294807032e-21,635066584570898e-23,26841989144425846e-25,8544259742526322e-24,0.12233732896305405,26179286593581113e-25
10028404631058261e-26,8921616469989226e-24,0.04707094984710691,4668689300308174e-20,0.952882337531327,12709315282087452e-25,8220546988331606e-24,20351413184833893e-25,26804869119433585e-25,25005938742588225e-25
13031280218439395e-25,37479738908072125e-24,8090085041485588e-23,0.05271017257399712,0.9109420463158038,0.032198517615812085,36153372250462195e-24,4984059250383657e-23,0.004149029630856758,28186326647169243e-24
3442843995016221e-24,2887653817156794e-21,12219294980011044e-21,0.22981299908989097,0.48587295098282735,0.010297928165784754,6181043342974106e-23,0.22213432969205338,0.051866580485124665,3938184167452897e-23
6639365056280241e-25,2338982745942853e-23,0.009533864927447032,0.41922721273412206,0.3501086444204974,1078128401795006e-23,3715162817347646e-24,0.17661237307558816,0.04451786114505507,5147242199189326e-24
32720769629040457e-26,120384702239178e-21,0.1433369909213044,0.1303134115173941,0.4889052798228034,8701788415133817e-23,7603257254777033e-23,0.17033661198339217,0.06710741470544215,831152980898363e-23
18045151671639934e-26,19267499333191848e-24,5991682046429963e-23,0.4669544823248573,0.3381634022545751,7772931901068472e-23,12954059285633761e-23,0.10694254165608641,0.08793927795509822,9174082248128906e-24
22138133257151608e-26,10367707794177011e-25,0.33226001999794935,0.34033535417798394,12024600349513609e-24,0.019293622697974716,5064011906029404e-25,0.20433213837805467,0.10377885029587407,6634121672054754e-25
17870015602162631e-25,10057299129098994e-23,3548361506739293e-21,0.1618631667886937,0.8349626978389078,7987377801633476e-23,18933967936207215e-24,5183012449144487e-24,0.0031703536217897454,27038960635409513e-24
6033922774907858e-24,15965119433420145e-23,0.028752672915405855,0.1768377262878949,0.7724206441902134,10416669425036147e-23,19110588086852003e-23,9849234610919565e-23,0.02198829044261303,10671384714624131e-23
60491291462670695e-25,23338761189382477e-21,0.2472927599317733,0.4869309165898226,0.1266660448691494,3836148284807442e-23,4137641961110212e-23,5046222035801247e-23,0.13908678532166444,18277311773333804e-24
1103967329419185e-24,3326997667737122e-23,4823124991519186e-23,0.02334061442229159,0.9446946198787961,0.028306075183698876,3869079608158385e-23,19292698163206824e-24,0.003658497352275488,52573706090849416e-24
23678730627392983e-25,4731940942209063e-23,0.00015841158575082072,0.14407852314045627,0.7753284602318334,24806148304293722e-24,27010220883973985e-24,0.05826387308133595,0.022170597872153485,32584683169396893e-24
9539019941709492e-25,0.014550128524724792,11749372926606753e-22,0.8029774378636331,19714870616716033e-21,0.04707768777866703,9492979833784082e-24,9876825357103243e-21,0.1353639630823945,5670573302883199e-24
45972034625559864e-27,31266902316816607e-23,7507342350835844e-24,0.20653079525277085,0.7529823602851915,12252330781586587e-25,26604528013488863e-23,2433297947610413e-24,0.04048624375691801,1077873257624313e-23
9208612681537828e-25,4707566493841978e-22,3445833327416623e-23,0.4542963137588275,0.484862875965003,731363890365938e-23,7211710853505278e-24,7111672464435986e-24,0.06084024212771559,4037653608320542e-23
8433175664639979e-26,5389154117010315e-24,9135875025406432e-24,839752662384622e-23,0.9417161847524229,33953052434179655e-25,0.03921674515983911,18224019498959244e-24,0.01906702311954465,23419915752387746e-25
27306256349103214e-26,0.029175309325815565,0.30255055119060753,0.40798704867533725,0.1368913769699861,2909094397030853e-23,21748739507083697e-24,39041043085071624e-24,0.12339562007042977,36140117374119147e-25
644064649608575e-25,599031383161676e-23,4685442477966103e-22,0.24200915382472526,0.7340160373192572,5369973785679341e-24,2992883757915398e-23,55083440550446065e-25,0.02397428352009933,9999795137442935e-24
21475887661086217e-26,19577110253030117e-25,0.23804879210061305,4463380386296814e-22,0.7065851490710121,0.015328609409431407,43131817725313605e-25,19834089329737005e-25,0.04003699233566662,22762853644277115e-25
2994456069329455e-24,4200575189870033e-20,0.00016481264211483122,26493432382462942e-21,0.95571892658548,19390393382015962e-23,19239916060779973e-22,0.037884571688729225,0.0061561676899508375,4901319003018496e-21
9217053893931434e-25,26193257104599037e-24,3437705789273146e-23,32646914084392374e-24,0.9999985296354291,99856726502986e-20,388419666865373e-22,5704001508228478e-23,2546770804466777e-22,27096360630138672e-24
11317793987310388e-25,18871321069608374e-22,25205930441907544e-23,0.3357908716624532,0.6172077318299947,15583775767722043e-22,6996448865422105e-23,10975808935080023e-23,0.04699749527793482,22806309356402733e-24
327587259970085e-25,11502500189366692e-25,0.12191743466083575,12076671524942053e-25,0.8627124527930272,8383461009303654e-25,40798552449621875e-26,7762982249329974e-23,0.015370028645867348,2633281926987512e-24
9957478368087307e-25,8553749100881334e-24,22118418298557314e-24,0.48306152453120704,0.45974013343248393,25445227121843397e-24,8242663723185022e-24,20312890972248613e-24,0.0571982524405864,392757687381184e-23
6808354779390266e-23,12790058514263897e-22,0.43944131625622784,11724665892128014e-23,0.2553873452463631,0.22943843588809723,37919270032845255e-24,34632351354036596e-24,0.07573132930716706,36414462303409656e-24
4415122729591429e-25,1146134556256781e-21,0.10447202629413206,0.16370665035297585,0.3474721392206618,0.1887463495736888,4346225844755093e-23,0.14857468773101237,0.047026931873548325,24915647194941952e-24
3576962071125866e-24,34789828372168747e-22,7802789974599497e-22,0.8589720249369923,7998275534241549e-22,0.013657055413845938,4712467934973642e-22,5048171280721093e-21,0.12736030760461936,2995803840530832e-23
29036227450518585e-26,26350466814614346e-25,0.014587305820720067,0.179727534189095,0.27986415334111564,0.47938012693823734,26710192833724367e-25,22854861478866732e-24,0.04644084956268404,1696993359565146e-24
1327156629882258e-24,4770969183193829e-23,0.1466663573700148,0.4228879050409114,0.35663327837388076,2601778394435156e-21,6783352773856994e-23,9396979787107812e-21,0.0738002957135687,4787312261617333e-23
60378056500943856e-25,24894468315226655e-24,10898078250662318e-23,0.486479368756737,0.10248927877669245,0.3300299184672882,23471671462859928e-24,52012541397511464e-24,0.0810011848045218,3379750149433677e-23
8843751040882105e-25,1102602652931466e-23,0.0763572153580626,0.28752084808799305,0.4657518936216537,0.062393351914132415,195734975260616e-22,0.05020205912438408,0.05777457028316005,3012670875176565e-23
7202955735687934e-26,3067514894970352e-24,0.18353576967049248,796144919529087e-21,167458989750927e-20,0.18755561822033195,13641407618167276e-25,0.5383714239573667,0.09053470893701465,39761208203471764e-25
9748588062188598e-25,8386488223660507e-24,2115726353336511e-22,6236725814568792e-23,0.9999971235181535,1251693145601285e-21,17030340790027557e-23,6360800214447865e-22,3819215324332416e-22,15318290050498708e-23
9055490604215646e-25,0.10087963568021108,0.5128807823997557,0.22073305123167294,0.06591022477671887,9859181053887878e-22,8588572317203211e-23,40203068471588313e-23,0.09959453783360017,29333825179491253e-23
6688530469278155e-24,3524429684621518e-23,0.21234971107316306,0.06855185694447154,1047963150879647e-22,3424113948133075e-20,13915176502331499e-24,0.6322482001030462,0.08681578150583341,4858968823186698e-23
35516856461289074e-26,55574090563595183e-24,9450076595389525e-21,0.15087981324707986,0.6593183897101752,667149670410835e-22,17711520858660668e-23,0.1541457299350986,0.035645867094827303,45017678658902927e-23
4616109259717806e-24,7402973238578535e-22,24175160085888927e-21,0.6030328671028001,0.3432946675348306,2063345430674689e-23,10692843788524837e-23,51347457967595236e-24,0.053647033903983045,3324759615992336e-22
37704095154512816e-26,12192774195946487e-24,61152957774342e-19,0.36392043870847063,0.520155906671294,0.06633215845992625,465146339960656e-23,17502308562080348e-23,0.04958443025516928,7583649326453657e-22
23781271754506645e-24,9163035603409395e-23,0.43761186066596275,0.00031179868128559463,0.5396388631680036,10900930535259327e-23,9917813435211182e-23,10224154889512707e-23,0.022436903246564138,14839875509447844e-23
10985308093668488e-24,7014898950842049e-23,9933771662217241e-21,0.22784707538414142,0.7720193577668331,21501934607311042e-23,14507962578494404e-23,17238545059153025e-22,0.00011854022769519995,2927761912088259e-21
5087068462745347e-24,15062637340289839e-23,0.7260463520002428,0.18319525031000178,25632615150286094e-23,9509751424959731e-22,1810146265356403e-23,3825778257728322e-23,0.09075667865799271,29965777211981587e-23
350946796473698e-23,1451066626522532e-22,5101916151952203e-21,11800260202065829e-23,0.9999826323556209,57744966501904404e-24,601858579130767e-20,2920184678999092e-22,25092263880758975e-24,5605667341865382e-21
1753627312612691e-24,1034030307339051e-23,0.27579783957208837,10413107481916938e-24,0.7130405278996852,14728832917465615e-22,0.01115952099543493,13077943994775717e-23,18382460814636242e-23,30153856554976374e-23
10766077254706068e-24,0.005421560028363288,2176856679045137e-21,0.6757919230164252,7157624621544585e-23,0.16575709583278267,0.033044031291699055,7384022381642326e-23,0.11998281279944675,24399204021583235e-23
858769177702416e-24,34421782829669246e-23,31284145065969325e-23,0.3261712102775336,0.6738214919883796,7843828361046159e-23,17578083170034063e-23,14293898545139424e-22,42730061118033e-19,6832009963768668e-22
9833842339514358e-24,6858773576718593e-23,0.11615523117448938,0.0003522650248000383,0.6645254327467093,0.021630128805305328,4955959921797347e-23,0.10708802002874078,3890460565605481e-23,0.0902487553341421
7799353956817289e-25,4892719233410577e-24,5348178852301922e-20,20273977977727112e-21,0.868795070937121,7016897677520908e-24,7435029085618453e-24,0.1311306399208241,29454578850621675e-25,5103047692557309e-22
0.003819881986814539,26500700361962233e-24,0.10610566018170935,0.29616781430397987,0.00012901748522744851,0.33163279914082905,7821850085372997e-24,4841530385749324e-23,0.03789555901362253,0.224249185150142
7245375176078738e-25,11491586800565358e-24,2991773780195692e-21,0.019869112852159157,0.866138180076524,0.026663552689849202,17427949415957845e-24,2205305883488153e-24,3933996005948443e-24,0.08732612682436357
5875910482607041e-25,402610205158125e-22,12778658409644519e-21,8523864869195594e-21,0.9999784886166075,6291085571643182e-24,26375856109203972e-24,6071240011316871e-23,3423386137394731e-24,7120888421709578e-23
32234961058744612e-25,4767818758333305e-24,9386865853676165e-24,0.07662127049804919,0.007883078428103155,0.05426941877652075,2172618815029744e-24,0.7970897526581,0.06413645346590598,6623194183591183e-24
3614166178918705e-25,25597713233165603e-23,17696519869470117e-24,5308371004596546e-23,0.4765281028996275,0.13412910150569135,4563788005367829e-24,0.3765106765767331,0.012807545556800755,24241778566420397e-21
2757791578712314e-24,1930349242725364e-23,6577883373385054e-23,0.15166959649660663,0.7116072079267205,3126571341870091e-23,57633395784552105e-24,6257407764413511e-20,3770448671856721e-23,0.13666040705576693
4829087435124748e-24,10131283895778187e-24,0.282012351089039,0.6228979077757297,3307153008683285e-21,3603063212152721e-24,8743840743112668e-24,6656408519201639e-24,0.0950863942169848,5801343669576402e-24
11745703217232678e-25,0.2190620845170882,23848332743726016e-22,0.3074866980533476,4323530841937727e-23,0.2808929050190664,22026013783381834e-22,0.06573276596932653,0.12682083118977877,8340686422115576e-23
8376895917781315e-25,57513048264374146e-25,0.7026015375141843,0.20874931682930378,11366272990293005e-23,2633192634805786e-24,63721673610937265e-25,17533247395033553e-24,0.08864899236932985,64968876701289075e-25
7459310045560899e-25,0.34217899828644494,0.2997412489952392,0.2706614720955923,21919225182557257e-24,8353177094744705e-24,3722016268141905e-23,5384423087074672e-23,0.08741815396373649,45763237026764815e-25
5227348956854323e-23,17421469503043373e-22,21760291852171618e-22,0.23042257166457847,13552072890707562e-21,4169494225310031e-22,885512560328009e-21,0.6848420212575679,0.08471533385803647,1248233867089475e-21
28319616784088236e-25,24551711204096716e-24,7235672992913235e-22,0.6119765090213625,0.3622013342698221,954339991822078e-23,5803927710355749e-24,3020100150412732e-22,0.02582106228499795,2611529123121921e-23
16411237297815577e-24,14681014042447809e-24,3894446281587361e-23,0.08234496771928425,0.15514417859291182,14374455018869104e-24,12411173170876302e-24,0.7625027084056893,802872083771369e-20,1973888997817624e-23
8294445389805128e-25,70401634198495385e-25,5593506522374971e-24,0.7249498059865467,8602681043851147e-24,0.13096237659607743,7090147601157626e-24,391584551042037e-23,0.14408777972353526,4622052003180924e-24
3906014207107395e-24,567002843390405e-20,8923357070439831e-22,0.33201924127677657,0.6574412820229056,10737357597831928e-24,1735970351549667e-23,7773568670226932e-22,0.010531703999534908,40097668357098313e-23
791520856489638e-24,15095915473909393e-24,6154598789877667e-22,0.417648245018546,0.5680699717725957,25342668262291767e-24,5799639669363216e-24,2976152446544887e-22,0.01428078665141958,3645239324220007e-23
12027673572532628e-24,4297941516595957e-23,0.003014109579958106,0.2505457510041069,0.5560102058980756,37113874040268645e-24,46072648115558043e-24,0.14963286007392684,0.016714647462725638,0.024082287787573334
46499611216375365e-24,9216812005051802e-22,7211273157694702e-22,0.5704119798195078,5655535856504143e-22,0.0001435877977515386,0.13943898181417969,0.07084437057917368,0.21915861029460482,21483287042122118e-23
25516482453070556e-25,0.00021399577435587033,0.049041296960351664,0.4159847837968739,0.4598126563936936,11945800598152573e-22,4570779680667315e-22,39277357265299655e-22,0.07494121725840189,4678709400007004e-22
9694631184592838e-24,5809524969916798e-23,0.6288799066224281,0.2503215844748133,378964624065557e-21,7616833576647533e-23,28769899477363393e-24,42718119678154776e-23,0.12079749300366889,370256003666439e-22
3764464104116401e-27,0.26194779011124136,0.1901380975766062,16503499825254058e-23,0.5086855446493759,37166469387321784e-26,9669559018560943e-25,8434681020252108e-25,0.03922840009805269,34375021067743185e-26
13905218252885634e-25,0.0026215725517279003,3428214614877434e-23,6617503292585334e-23,0.5574891900810938,5330142054466545e-24,53094371022958525e-24,0.32105849610830445,0.01864218884569787,0.1001883921409964
5996462208638297e-25,0.04359050697419025,0.12554221603552462,0.4064276758192681,0.22492579176916042,3190161389364532e-24,8656164275207476e-23,0.09231953386978227,0.10719413028152461,5493042976579741e-23
41795702265923363e-24,6510296988030842e-25,618411006208595e-24,0.9107957893590742,696461372007825e-24,5464285984675358e-25,4344551139665855e-25,5367997161478217e-25,0.0892041648769807,4839919206569835e-25
998642904364293e-24,5419005226157399e-24,626125473430082e-21,883524234594602e-23,0.39870591205069605,7359614013565211e-24,5043266855382568e-24,0.6012911707198958,2102061022770912e-21,16138456672041486e-23
15854007126440082e-25,0.02799907447431298,23028548699507507e-24,7384593369804591e-23,0.48179307275484445,0.1477912575647501,0.2267877229581787,3118307870769982e-23,0.11562777206734665,9705379657910803e-22
7673449877010882e-26,1555754841490958e-23,8415070331404255e-24,11730370344670118e-23,6753921725556637e-23,8539517539977226e-23,9621811485355427e-23,0.8994936097952339,0.10050599821831002,14812996007220889e-25
456107134763065e-24,24975456025186245e-25,16320897905183114e-25,19615713318657404e-25,0.15835691285343467,12726206970955237e-25,11875901541486297e-25,0.8289058320164545,0.01273724334989002,27733983979392903e-25
3732615524281191e-24,2552039029829078e-23,17902361288999882e-24,0.2962105638217698,0.7003629314681955,3407239956797636e-23,14668430283438336e-24,12917827946169681e-22,0.0034250882755741466,2875649770268388e-23
45504671425108674e-25,7720864658968662e-23,7434933554506103e-23,0.6392473787254085,0.2816135908444562,6009034261186183e-23,8267725134493928e-23,1033976392298674e-20,0.07912831212250625,7966771622756654e-23
7695046227332488e-24,9156440437156978e-23,7727694358951254e-23,13945082344795324e-24,0.17478660511549657,19814073094765217e-24,4677439907778878e-23,0.825213005529469,9588989474459184e-23,3639264555164401e-23
235873112969607e-23,26954662977291246e-23,8700985560943226e-23,0.0001800190621448658,0.15899051483207408,856446084763517e-23,35840255466797925e-24,0.6870233584641544,0.05057103201223841,0.10323467230940442
6707182910958122e-24,8320282440468206e-21,5191118665446385e-22,5506600182853724e-21,2756198124016658e-22,27920410387529595e-22,0.12895885396052278,0.7517191027614637,0.11930415587244088,46704304810661865e-23
4181953292003136e-25,7062296332472658e-23,10068680045315506e-24,4938443004802101e-23,364122982161752e-22,721918260683272e-21,0.0510117276917842,0.8438443864823847,0.10514298307230897,13928723907668312e-24
15427478313635773e-26,3636870942981313e-24,33485286022362242e-25,29341233442496873e-25,11441407263002274e-25,2987406765625136e-24,11671274418135269e-24,0.8751536041416447,0.12484636801882036,19631216311699313e-25
4741629311933633e-24,13644989887689557e-24,3005547504554735e-23,10845612607401621e-23,0.43758397931130966,12978730915707454e-24,1815355918526462e-23,0.5620351096181754,0.0003807019352588354,21105500587877026e-24
29129315166061544e-25,5765931816922261e-24,26737210902808496e-25,32439886105165506e-25,3108706689442009e-24,10787657661667582e-24,7333458838827108e-24,0.816825340860836,0.18317458623656732,3728465203860524e-23
9702149537881556e-23,9407026178989958e-24,0.45417549725660966,13880870246474358e-25,0.17545092673032248,0.24133331117309043,9775782985394322e-25,6501128446958407e-25,14539993174768727e-21,0.12902561540233554
25794005524524528e-24,17004197574688212e-23,18333268220931238e-23,8782462021135103e-23,2668813378928508e-22,16765687192991524e-23,1044204724416958e-21,0.9233280574508023,0.07666935971083326,6371022014682363e-22
6554857562025294e-25,4365835730412189e-25,46238276965853425e-26,0.10908518388746581,15876106823698069e-25,5057063036404663e-25,36675425073178953e-26,0.8909147587974896,529198439185414e-22,38069178926895687e-26
9713435134394853e-23,4278035945850581e-22,23557526249216708e-23,11784595480268599e-22,2502817475251734e-22,0.10708369108585018,2488192693027871e-22,0.8412837746121697,0.051629389718824976,7065093795786279e-22
275149784442809e-23,586125453855849e-21,13026650359416492e-22,0.08470824391550491,0.9152881398250858,15384782983662335e-24,23761560326333676e-23,9292672442564844e-24,18868380195961393e-25,14605375346216697e-22
17023403065639756e-25,0.05575797022704272,5184090524188129e-23,0.5074035294658324,0.26558417595492817,0.09002269038250561,13893226083840208e-23,17993667517600354e-23,0.0812037461274876,27515429418967815e-21
8851680273847218e-25,4637809064445301e-24,0.9999995730578434,1907685221297362e-25,20423470683678763e-25,12780198201260885e-26,1022818835465587e-25,23044519747200092e-26,41839988510469004e-23,32469593479048204e-26
21618646352165843e-25,0.4640774751130328,18492427459902658e-23,8317857040715227e-22,0.535918354677579,8796786819479779e-22,11769439147983239e-22,9226270907221478e-22,9764956286698806e-24,16232301390003e-20
6098168047916291e-23,2387631391389996e-20,10755293677662449e-23,26961116471431913e-24,2980180494267835e-22,9057717470389354e-23,3561578762931022e-23,0.9999746669432572,5045494924982029e-22,33248658641305714e-23
6437322555927037e-25,13950376681096925e-23,29762352299060555e-24,14663243765375697e-24,0.9999988300393705,3274887408125208e-24,48844418852529885e-24,7216972263786419e-24,24425329373567408e-24,9016290153825989e-22
729988314782349e-25,11043847643224926e-25,5124234736661002e-25,4779078591540711e-25,0.9999990019788313,9385754776221173e-22,795385483119655e-23,46471399227579315e-24,300788269291204e-24,255184047831552e-23
8856917183244156e-25,22375350131298047e-23,5147459163603145e-22,6352369670782487e-23,0.9181860184626327,7328384001484746e-24,5324024266148408e-23,0.08181231228317054,4813165263843986e-22,32446269556860296e-23
7695484216868877e-24,0.47418487244420665,0.20573440879716365,0.2496644600358508,11771136547995849e-23,252965093523165e-20,9472273917282965e-21,3516850879617762e-23,0.0704037863486211,30987388692663326e-23
23768459622944904e-26,26883304392912972e-24,21328258301409895e-24,10109089911817754e-25,0.9395310823132661,0.060468576728250296,1768267065514032e-22,680968510138187e-22,17206189600487426e-25,44854100627627496e-24
993501958886952e-25,0.030996984964859937,12550847448759485e-25,0.12123645022340555,0.40148680250234964,5578950405797613e-24,9631301177056037e-25,0.44627879930105224,9528646610066011e-22,22471176139901806e-25
24615344071820658e-24,16051737537676694e-23,11912268319563035e-23,10066708619116119e-23,0.5638686584882389,6054076183144021e-23,6760296012785217e-23,0.43613068759160667,3688136030617928e-23,8397230849126827e-23
8589040070888275e-24,0.34778647513333544,0.5432616464889255,3910378469379713e-23,0.08643497560796483,8196869271836194e-24,18736802548629226e-24,13951071562712035e-24,0.02251678750691517,26685285751748565e-24
15712703324333998e-23,6866231656468204e-22,15104530137834404e-22,18456744213915002e-23,25912143742258903e-22,34705777837366894e-22,14489404126220042e-23,0.9999873393761343,3023858002489741e-21,8913097639495875e-22
4263850653644173e-25,41318215965380514e-23,2992584606224389e-23,0.6110941777425013,5984643610040833e-24,0.11209733287629547,8900644928125868e-22,0.13231598969299982,0.14449115840989382,16947758586056268e-25
7371685382976329e-23,0.15392020558133393,17131088616211875e-22,0.00012312564265525206,28565438741656286e-23,0.10303112196134326,0.12116224405564043,0.4492201118785327,0.1725406495564067,46884624542427383e-23
3930458923785244e-24,0.06488916365128672,0.6599833628533384,33892528040480177e-25,3155171147983472e-23,13029526740419257e-24,0.10826337994741343,25957593084618147e-24,0.16686397242590634,4326382524520741e-23
1472389799954672e-24,27954266297800067e-24,12493855283065169e-24,21183272563929743e-24,0.9999995665098798,3004926187354895e-23,13855104889842637e-24,3027047564004421e-22,9818850103658925e-24,13958205809439788e-24
6135601170321874e-24,7979936448664842e-23,14716503297252394e-23,48083934318228506e-24,0.9999969968073757,2983766285202394e-23,2678865423730026e-22,2284726636513327e-21,6968413998765514e-23,6987371129304491e-23
6458872455994561e-23,0.12035017568736527,31895492788415628e-22,9120994216487052e-21,0.7842163501671291,0.09537447120311418,15783771443027568e-22,30173445043533707e-23,404799562842967e-19,4267742277222318e-21
21645111028656146e-25,0.09498010368336364,0.005147679673363349,0.3408576857067926,3630449455515881e-24,6872053752256432e-23,0.28003295961058655,0.018330674827267898,0.26065079817787956,23805558328369285e-24
4593714639772049e-24,21689717001927268e-24,2726260046517185e-23,1246727212825622e-23,0.9999990799712664,8536630950205756e-23,10863390578549847e-23,3527712956723329e-23,504234093003643e-21,12050398739080293e-23
7546610953579882e-25,31135966303013123e-25,7225527195109271e-24,0.26226388498582165,2428486771273313e-23,0.00040222672980613723,2611789541661364e-22,0.5439532158484354,0.19338036138039702,14498054938032207e-24
5092044472260993e-24,530437408936729e-22,41016187560135025e-24,13825488708290968e-23,8694529308793875e-22,240315916496311e-21,0.10471136828913202,0.7070395146367501,0.18824774587762474,24020421470755125e-24
21604954982244247e-27,5138940415407855e-26,789392215625663e-25,3836355642846702e-26,0.9999993637846656,11040329686187907e-26,9027268272231652e-26,6357040640990455e-22,5762040759344194e-26,629357595615792e-25
5560448239393324e-24,5321014256933146e-23,39949421404698195e-24,0.38993895382990906,9070094969139702e-22,21915984516914853e-24,0.0599962376879529,0.3744397385429612,0.17562397628075244,6601293067291346e-23
2128121457696135e-24,16112615387234995e-22,23182001234049655e-24,0.8677714035887601,51858873702090685e-25,5019093223416225e-21,4226372567740437e-20,957608393413538e-23,0.13217950327387287,1589847260493529e-22
16665984073870883e-23,28503152721445285e-23,38699372506460713e-23,6951944422375711e-22,35838118648048857e-23,0.9999968922449615,24848720659078065e-23,3790146796858713e-22,2852609519047394e-22,30276809919231697e-23
17429611014772965e-26,47308083416210814e-23,11641970138501616e-24,0.9197399980551577,2440557801559768e-24,33965931930924006e-24,27005011904171036e-23,4852448016988879e-24,0.08025910964032326,9609820413725474e-23
5752596702657478e-25,10624401592683345e-25,11528689975543446e-25,0.9924473297096081,70555343773804e-23,8560538236117535e-25,1848185063802239e-24,10070751708578142e-25,0.007552661483444224,16002275318370001e-25
2196753846453363e-25,4967097111683564e-25,12903523362429586e-25,0.20607948799898698,0.7939192449709978,8175254832633874e-25,3466879616866785e-22,13331881421887234e-25,1830546317325836e-24,9143528519912427e-22
6967473226410689e-25,4262234704106626e-22,33028773867659385e-22,0.4112514591502929,8552866906881397e-22,0.0654022190896581,22798528675441235e-23,0.40120186470892116,0.12213905667276044,5873087805333086e-22
14199219801785058e-24,0.2688863058740783,9480980923485339e-22,0.7310988549667811,492484760084928e-22,22840781937832337e-24,6864419619505702e-23,26075222764088454e-22,6971499887206278e-22,1043145592081001e-20
1214527298478378e-26,20374014814570464e-25,27735902660438385e-24,40572094783353675e-26,0.9858154750817811,34613868555617507e-25,0.014184463498530519,3269427421328673e-24,7346029523054332e-24,17148481443908064e-24
1537578197019293e-23,6846660215339182e-22,19285725446123865e-23,2031032553359614e-22,0.7405940982503193,4285270297054834e-23,0.25940289462323585,11431905598454067e-22,5239465139995877e-22,2011343733573242e-22
3393470366028805e-25,4764047444485866e-24,29576853712793616e-25,0.417129074939201,0.2198924201088,0.1638979945421394,0.03354712840011193,1024512770415069e-24,0.1655333599913188,12932830660023138e-24
0.00019312062174154737,0.90809417603601,11533713416539517e-24,0.09171079816533384,4169907365137261e-24,4926876580188344e-25,5438494946411283e-25,11427389918260134e-25,18854819373702104e-22,18121950437896079e-25
45918166051699244e-25,1828532131856269e-21,1950648707368274e-21,0.47932515778481205,2015459716968923e-21,29517873787666195e-23,0.17969721185899373,0.06712231155858137,0.27384920613119246,182553135077847e-22
6251939856337539e-24,0.44056515107942096,0.0004127501435929353,9425605443483517e-23,5746416295652282e-23,0.16758640888685628,48083393428769174e-24,0.1246256106216087,0.2668098449315987,28281326718683257e-24
20013638012402173e-25,8427712298027613e-24,68608022103636475e-25,681289633949873e-23,28628190526928165e-25,16953712928180472e-24,0.07384328111411181,0.6054969422662636,0.32065971921564546,13484541698940783e-24
13227828349287475e-24,0.21836013911793692,7535058528460892e-24,9198098693932355e-24,33001437523468443e-25,4194645275010777e-24,0.1787071859697105,119889879631546e-21,0.6029325148574184,27096570374130666e-25
777658707943655e-23,2103249203386405e-23,15742520567496037e-24,0.8487897170977421,14235184425537531e-24,34375387013683886e-23,0.007485834237000833,21063767931033044e-23,0.1437238149016318,2058509557339448e-23
7890135042484588e-25,16753807529961036e-23,3937627854056425e-24,0.18788981861346324,0.7830688895607303,9596979948416846e-25,0.02904105282988485,3693466863433516e-24,13227170163808293e-24,4885002216704082e-23
59940090886517745e-25,0.24311466091311035,11090983819551343e-23,0.673115035466306,6111328013544676e-23,0.08377006381953143,15970618415147787e-24,1514069680620906e-23,16214004891570112e-24,14461785981878147e-24
3819888674399995e-23,0.8742883212109578,12146622911037159e-25,0.12571159265828347,8301018086887283e-25,33785756976113825e-26,728612650956808e-25,8593630487187319e-25,4325327713502846e-23,13638687237241295e-25
11086471706308118e-26,0.014045203047870733,18108059685061279e-25,0.9345115751629307,6977967283063841e-25,0.05144318068203617,5111932965149154e-25,6102337013817214e-24,2733661389999091e-23,4537883835572252e-24
3314659655574944e-24,0.695939804158774,8893890091040124e-23,2688252007788251e-23,30484618888530245e-24,8524495832254345e-24,33024853351948836e-24,0.000551087891810797,0.30350889918465795,17594703950916153e-24
2482193454227511e-24,17373599095261267e-23,21491756305860388e-23,0.5427599712657604,10449570723663276e-24,18914116311499726e-22,7439889519601594e-23,67727024747941184e-25,0.45723761626205295,3830363933102751e-23
5778882311252498e-24,0.00023691967298964498,13696219534441972e-21,0.3968708692711907,31020804829841564e-25,0.10239660995428015,0.4546407760462742,4084943163938494e-24,0.045841027519508686,8835018842213645e-23
24650396946985075e-24,813318157696139e-22,6291649851429084e-23,0.6052169187531289,2456294935897336e-23,9897682638916995e-23,5304411005826386e-23,22086322561380112e-24,0.3947826656773065,4800076755807692e-23
4112611092620608e-24,0.36476808426590146,7722484500377544e-24,7871064467518462e-24,0.3573594518285881,0.0002879013556926293,17568775951886134e-24,780352323049063e-23,0.27758449105079547,26420723370938673e-24
