46335876788249755e-26,10494767521357037e-24,0.478979910384704,0.21606833523812838,0.09636976376995399,0.09986825253718161,13335061615985249e-24,0.0006291531952806616,0.10808455652317693,4059039029068539e-24
28078323576941694e-27,2045536156713026e-24,0.14767024663569311,0.2697903961579567,0.3749893044888608,995949135835646e-23,1208344998678772e-23,0.14247398978393777,0.06507603972802696,3537261308739301e-26
25885498778823597e-25,7445395530118012e-23,0.3552505486912734,0.24757136562822715,0.3138945820542777,967248489775747e-22,3380597888331703e-23,9725988462013699e-23,0.08328317243131303,26361242315312076e-24
5222003482922921e-26,841463333157531e-23,0.4587520112240369,0.2323427516381496,0.21407476804363668,5753345951492967e-23,9592389266725384e-24,8826245958442744e-24,0.094830400171622,15826981070571767e-25
14229954029657669e-25,49759319558570115e-24,0.24451752647297878,0.1872992202277754,0.5358980682018284,5104155768216779e-23,28440768018794783e-24,28182210862670966e-22,0.03228222214794711,14064418403659102e-24
43554997249395723e-26,0.09843345314823285,0.06869165425913974,0.1711502772579348,0.6538935757182691,7103319889643127e-21,11653696581162918e-24,9841085683320559e-24,0.007823898214634339,16154479633804973e-24
4379011417131857e-26,1118705038565037e-24,0.3985702767371527,0.23645666615692576,0.2861742030040838,19130803661426214e-25,1110886638930672e-24,12534363263273197e-25,0.07879884822991928,5924048634388639e-25
8284210974876202e-25,6080598236329736e-23,0.20715968129815557,0.35270991752478226,0.3739172821010465,18099834843537473e-22,6725830505272298e-23,14110154290080965e-21,0.06619706675199914,32979460784443244e-25
2350767320781753e-24,906287177101225e-22,0.11514720425330045,0.4258012651445666,0.30342694988652796,0.07889529722619491,4049775879170377e-23,9674961665968607e-23,0.0767290301659189,23096639620131924e-24
28517476446266663e-24,19514105655583854e-23,0.13954091456986575,0.3004264801454501,0.48209604305546383,0.03723000598187872,7398170167602854e-22,36165740697775595e-23,0.04070517144627361,5970899087115576e-23
3302902002841532e-26,1885210599314745e-23,0.07080672735145296,0.36637138814647413,0.4409235240865049,0.0870440913978543,1662657633132329e-21,26226881687901148e-24,0.03485255448785655,7504362540252889e-24
7385854915269179e-24,3807559142767003e-23,0.2000771044673505,0.22604175247536964,0.550385281480408,24069147484897622e-24,14369791063904757e-24,3961607066387123e-23,0.02349573526520642,2806827800939712e-24
5205311430890078e-24,17467047650406324e-23,0.42663287029382824,0.2343395679024247,0.2550225363717852,3197347304855535e-20,7159918247201723e-23,9506031648349517e-23,0.08397266330770364,42115533327181185e-24
1147558789970345e-23,16039985010289556e-24,0.25056798351514503,0.199780572364381,0.521958748609885,25445617107371162e-24,10475657745580045e-24,1773164394271506e-23,0.027692638079216226,6364207380673864e-25
43594097707643333e-26,0.007078765000935671,0.2063573578417619,0.30383535436892256,0.43753189011272764,8855453477031353e-24,10873875559051743e-24,1289127976941863e-23,0.04519659707471989,4774138100637234e-24
1971208803949579e-26,42808056796022833e-26,0.11118255759187112,0.2779994830696216,0.5996227378586287,7411768846461107e-25,6413635857039296e-25,1021177333055065e-23,0.011195209256744785,4109164992793668e-25
2840860802922718e-25,0.02868572781538946,0.011949905228066712,0.550564608395665,0.34012011354368776,26571285486386622e-24,71913275921958205e-25,23428537848449602e-24,0.06867957960407141,7937819095007081e-24
20317437939926313e-27,7547299430313701e-25,0.3774937284763977,0.17575774685782017,0.15224404129812194,0.21389584771313494,1372099190436347e-24,13395524541211002e-25,0.08060863162308216,10613139164245358e-25
1239392229297742e-25,8412940470385768e-24,0.2651792905915325,0.2718904227669542,0.3183241979598587,0.07669782757379993,48077377954242775e-25,2303417660539579e-21,0.0679059427687162,15776055663834413e-25
4334873460493639e-24,8045605775993902e-24,0.16413158300221692,0.22330436645832571,0.5969576013121172,9502535746425245e-23,17404469888398634e-24,5372608050454369e-23,0.015606282128991782,1037594602098985e-23
7768203995104838e-25,0.0007379841881366973,0.0001201642259851812,0.5490414329172351,0.31511288725133507,0.06594271013650609,5354745771086793e-23,25575261795371713e-24,0.06904472632347126,1506117436812762e-23
2381386476343432e-25,0.05249095837972642,0.038862550882260705,0.17950334684783917,0.7291425106569409,10864848994890762e-23,19274404154293516e-23,2005373989862824e-22,10448999113629399e-23,26578524678125875e-24
15362918356531836e-26,3081634018777869e-22,0.02088218683075234,0.392357507452902,0.4345725056114591,0.09873076810867003,7045344550226068e-23,16434026424705025e-24,0.05345662930345816,7489369690472182e-24
12776216074893684e-26,39879561060400195e-26,0.47006402626930566,0.1367271821444873,0.31464436496436843,6902695525097939e-24,7712856133630781e-25,7770701604316425e-21,0.07855664759658,1231556878773576e-25
9830947739366101e-25,25113491183860653e-24,0.32873969736006725,0.15227834409635366,0.475604745016517,5012734635272975e-23,2523426218243266e-23,4134697382331445e-23,0.04337705540685078,1531663996101658e-23
16521033703142034e-24,7920963871102095e-23,0.4254124733809557,0.1209654993762905,0.3914730935825331,15786702786960472e-23,3236760615800696e-23,2555984586840788e-21,0.062146074045595516,17677746132136147e-24
43673588699638635e-26,17119069194969324e-23,0.24698492590507987,0.2766137294207432,0.42195845123663805,2985098136708406e-22,41327683341129e-21,9636751921463377e-24,0.05444239163663622,12196908907538255e-24
8631518529488589e-25,2420490737305251e-24,0.2266694246745185,0.09820851826781785,0.5211416670580749,7442626065693137e-22,7893790804519492e-24,0.13012821373865438,0.02385141921467299,22828228547285174e-25
17550180655260363e-24,22541212374244974e-23,5646539017965902e-21,0.2790666728613803,0.7209191622340022,5834706212367743e-22,13124329277069134e-22,5938030590879739e-21,11449721601563576e-23,3271233579228998e-22
1051685672768423e-24,8625523104865462e-24,0.6085274699434595,0.0464681764786692,15784578989633627e-22,0.1467369160284816,7673300289314016e-24,0.08659639707746708,0.11166944091714454,3748427846481361e-24
5881420544150598e-25,15963688912399962e-23,0.5905075057991732,0.19050793471785504,0.06565668041620865,35117585771023753e-22,20808649444383718e-23,0.022596655258627817,0.13072730362246357,4172129485483984e-23
20805305727400305e-24,23031129082452328e-21,0.3331899696375382,0.2510571080265473,0.30724882562799266,0.043485396776441004,44398701743212627e-23,39040356605729915e-23,0.0649947946604814,19067965631007505e-24
9624239133533125e-26,8967032066962584e-24,0.21881017640311098,0.3429472615974352,0.21284745695226237,12922219798585378e-23,29351414834629015e-23,0.13687835785061486,0.08851630336326534,12033903828464095e-24
7490245852976622e-25,5051771868020401e-22,0.4201039476708548,0.21645154354187227,0.1794216353952534,0.04995632557887014,9698681690475557e-21,0.03163761149150882,0.10241915890028404,26591410928938202e-24
21750176104672765e-25,10571376631481138e-23,0.30926056771139043,0.3149416395529028,0.0437082445595648,0.23171983415560965,57771318906815206e-24,20368900667459934e-21,0.1003491693757424,1008398714594798e-23
7548513455768382e-23,6328660239547706e-23,0.169877354819756,0.17572024657644417,0.6379168084885177,34129027585458874e-23,9703781965169267e-23,453727738140409e-21,0.016484524190117165,3511862878007177e-23
2721922373442117e-25,30938519651088653e-23,0.2305770914497909,0.36736684196284736,0.3196967822143124,8007065674588295e-21,3311082455432086e-23,3198413472488414e-23,0.08235088701707452,15537708387016464e-24
4641922190933809e-25,27716807354252526e-24,0.008783242911240812,0.23577233364592437,0.395941454829537,0.33152739919673335,754559533020594e-23,12362530184617897e-24,0.027975516451435447,4877279585581057e-24
15807276974639913e-26,4459706238814803e-22,0.18228042413297962,0.16690534500076418,0.5762683607003833,0.04677912196334209,45336362828366935e-24,355900272292357e-21,0.027765877282579593,23558016388979116e-24
43999134516914374e-27,14025832033958873e-25,0.34538491669380567,0.10128783579139977,0.49061039613467033,11049189475346844e-25,7420855918744567e-25,15045355509914614e-21,0.06270180233173617,39925318489754904e-26
2006886951046537e-26,18069485699090063e-26,0.11557048791737852,11332743527127265e-24,0.76434721342889,0.12008226968546452,7491475521334179e-25,8733522831507087e-24,7816843791100668e-24,3422258077309587e-25
2791886755618937e-25,9082459485925932e-23,3938997092955948e-21,0.04214615124372605,0.9578493831073545,27944472256057832e-24,3299347727219858e-22,5532676934602614e-23,378560509738487e-23,22327754850515183e-24
3424561897542537e-26,7894301417530558e-25,0.1437007415913676,0.007750534911840842,0.8457872561768262,8791457859352832e-25,9559616667109908e-25,7717233497466253e-22,0.0027606917151807575,12223975384475185e-25
1100499871076171e-24,3805795488454572e-23,3891447706359736e-23,0.22339101685027593,0.6645819751731398,0.09724655678413324,2733767721587927e-23,3349695674167958e-23,0.014780302475230924,1592383828203761e-23
38591107331338183e-26,50524789648880746e-24,2481015784274668e-22,0.07383974734011091,0.6559893078142923,0.27017052579570283,19410830648477356e-24,8181078643298051e-23,10597450492220883e-24,82183611582741e-22
738067132117395e-23,4679420303528092e-21,0.38212617902695517,0.4839490798208773,0.0011166092062296854,5306556868315727e-23,2978469812392878e-23,38894229624431406e-24,0.1328033162175562,7183247502796962e-24
11714649628529145e-25,5977676221265485e-23,0.29070593766292013,0.26925613590194447,0.3486670928495386,5755685625504476e-22,7816358023277693e-22,0.00805451706556579,0.08331489463703143,3743180197768392e-24
0.0002026606043748838,22621085415279207e-25,0.4288490043003207,0.4562262414350506,496950979609563e-20,6666331308151116e-24,7641700812412126e-25,1181004394718557e-24,0.11471711234352609,9334119894970086e-25
1008973393901466e-26,13614876030871373e-22,0.032946059718183755,0.18003604679336394,0.7664971671278226,0.008892413821251222,6609662175788372e-24,6828889918214798e-24,0.011626936478885191,11241897187970153e-25
6236901747971209e-25,1102830776964397e-23,0.11263431789113384,0.030624775808092326,0.8567383448905642,27234640292565772e-24,6447288824069488e-22,15219875059729434e-22,2926447222308273e-22,96605094295274e-21
787443831885452e-23,12297971072135937e-24,0.4591407304580886,0.25946381112316297,0.16913799979541155,0.00014926623815917785,6385217042698082e-24,3973099393596444e-22,0.11210776485569444,36617660489557563e-25
32797876821307847e-26,24292301885982953e-24,0.3726109630856579,0.2613170382293975,0.28485649669125784,48290297966772155e-24,6390310456448435e-24,8400400144344842e-23,0.08121533409159375,45925863541159596e-25
164937858870985e-22,0.030610986831048032,0.2712226325573074,0.3526654339790719,0.2511116988275873,18089693398694305e-23,8320767799687917e-23,2279215797435385e-22,0.09438859025072219,149034310191302e-21
8378184559433926e-24,3488419960660009e-22,0.04341742077164943,0.08771450481509076,0.8617364895169742,1409070541471125e-22,23817757420079008e-23,17039547713204362e-23,0.00713049931976606,17888031639121048e-23
1498119638570096e-24,19814516228536157e-24,417635948851507e-21,0.1424129201523621,0.8374132579151472,0.0023409063365403817,3166765964414665e-23,10869106942670901e-23,0.01783232633643435,10416025531729648e-24
14227200957879302e-24,8849854114325418e-22,0.049196245602624304,0.2374423154922638,0.5732148434439259,16867972006367088e-21,3680897205290218e-23,0.09187316509642576,0.04825560106272017,25573157445896617e-24
9944678097205988e-27,13357657754994929e-24,0.08155171731792044,0.3357773374253001,0.4752608927818475,5105870554493051e-25,7995453613018632e-25,0.059526597069878895,0.047883440485405174,33453417643167947e-26
1304501593537746e-24,9425125145582159e-25,0.13280743204311585,0.1778875089419579,0.5648245341115725,6802587987410137e-25,7753532869885025e-25,0.061376215224384176,0.06310430560280976,3728107637586792e-25
4410620671656725e-26,22150640815183627e-24,24209038171574414e-23,0.37812791467798895,0.515828242602831,4619956017417666e-23,3469242102180373e-23,0.03857264085406182,0.06747092477689708,8560566909565132e-24
969132158823899e-24,7204870900421237e-24,0.32498140486965055,0.31293965085861924,0.15201986697553257,0.02067114895274007,28893640697733965e-25,0.0882324593742025,0.10115545572425057,2183809363265554e-24
7354791184169548e-25,29218671499048816e-23,0.0258445997484459,0.19444849727733451,0.7594719001831811,10509869975522466e-22,6008095787128735e-23,12669529879466895e-24,0.02023355950813663,26623076824307884e-24
1225207721613957e-23,30977996705780906e-24,0.05143545220888086,0.2010516607554483,0.7141753573749579,2320024368856437e-23,1973808115004434e-23,1855639184764981e-23,0.033337406163788795,18777890544926595e-24
7802663801765106e-25,4979021159230225e-23,0.16703802740819781,0.38135265153039866,0.35227735585101155,13273977067339417e-24,10957471802057703e-24,19742741778149644e-24,0.09933186555177283,5113951496465031e-24
1008740683549949e-24,6613314232495837e-23,1129109566585337e-20,0.12379341355573088,0.8564065868795883,7890434896827918e-21,2049367926679469e-21,40918818331976897e-23,0.01977726268110079,11595369030899682e-22
15820551462830912e-26,12289900021779716e-24,0.021162268820866102,0.19066665769503263,0.7262866144124923,32541771118748683e-25,3831980696519321e-24,0.029409686566112557,0.03247474950108435,3470226702004014e-24
3529461580689275e-25,6037062930719968e-21,0.027498920678839835,0.5532698114797687,0.3240012880254075,9457366774970885e-21,565022696924826e-23,0.0002636487340905308,0.09495082728899334,335394130659655e-23
7900263508396855e-26,1505512922203415e-23,4703849496098843e-23,0.22860644549129094,0.7306943885734772,5970580075643637e-24,7085547691844253e-24,6748392584984336e-24,0.04069908126830672,2691915967539263e-24
15455820502909142e-25,16299421565088638e-22,6808485206254958e-22,0.36475646648388466,0.5833051802231699,1742775786087444e-23,29668847702673807e-24,2580808179298688e-23,0.05193593505812895,3299412175060536e-23
57666949122138215e-27,13553602094762845e-25,11595815577499651e-24,0.009753541416754332,0.9508199901146573,22174443475529358e-25,0.025244326314028034,2474280920510775e-23,0.014182094584545052,7602470153537748e-24
3733540599525241e-24,8387797929420094e-21,0.23202417646057258,0.32417700132951444,0.35179370829116013,9856524723252025e-23,12640513905386492e-23,42153197452767374e-23,0.09199604008481002,3580015071223901e-23
25894700075498732e-27,1683604381737884e-24,59483659396821316e-24,0.2452909377238158,0.7245774491151741,5713960132256704e-25,310041749707438e-23,12159840502355809e-25,0.030131545543464842,1534583838421814e-24
3185792551808232e-24,6487282120203143e-23,0.18938362132386963,0.062392590134166134,0.7084528740078625,2918903473563528e-20,53686752238888335e-24,22050739296584725e-24,0.03974155619551392,25507996335790685e-24
10434970763910599e-26,3552703320869592e-22,0.04611994853835092,0.09097129352827196,0.8214364174348742,7190487529579067e-23,10708552974046136e-23,0.020328857168379625,0.02114293882365953,10141173456118848e-24
8563408120336306e-24,3294253179494683e-22,6282734096618088e-22,6205389849537109e-22,0.9999960318289872,8042914134557932e-22,6186306965327652e-22,555135124055683e-21,3599338568159233e-23,3678288096408026e-22
5275437929846162e-24,2219117208745886e-23,21379250469676495e-22,0.30605577586630794,0.6512329495754026,2673639470458899e-22,13127194092119937e-23,26493820993497773e-23,0.042708299628325605,14596330418425845e-23
1958451498224439e-25,2782013619518756e-24,0.1461946465391162,22103830953329748e-24,0.8310780835014396,34163796722522123e-25,22075490758547617e-25,7106312470193179e-23,0.02272716448435548,37031721942286815e-25
15507773541988085e-23,34419467601361625e-22,4316751300005925e-21,0.3882759473770889,0.5635132087963399,4089646597482249e-22,2507484145567619e-22,3992354153420984e-22,0.04820175542979454,11567238745080754e-23
1326014528117255e-24,20843156316324084e-24,0.3255037950250992,13813439594587109e-21,0.5516050183615591,0.0702009920765598,9967981330532058e-24,14640172927627056e-24,0.05267632522657899,9100221098885878e-24
28870368325429593e-26,27184772159256914e-23,0.08895205439032657,0.19905814721102436,0.5370671326933139,0.05667836932658594,11222263252354887e-23,0.07515260695057707,0.043091258022871684,7088003234538992e-23
5172042338079716e-24,0.01011911709150381,3022703632853303e-20,0.6514718014427998,0.24123278757867034,0.0006636716816502862,1752672976949546e-22,9714684092934296e-20,0.09638500628693167,6160180648220488e-23
3007377565580004e-26,10420819475513539e-25,0.04342580742444949,0.2094991058601784,0.4843656318146318,0.22229940295966508,11004972159603705e-25,4337974511576779e-22,0.04040961586016084,11107222540923805e-26
1815972123912566e-26,24858090632310205e-25,0.108189978101873,0.34858194128943437,0.4849969963351345,12836379685296036e-24,15773347912293986e-25,4931096509335832e-23,0.0582310170220785,10232618322240555e-25
5850362994366708e-25,27233308886017793e-24,5700972579731233e-22,0.3872206953424824,0.4151190689486175,0.14239410074994682,21308127944053853e-24,1227795237667138e-22,0.055265339498031724,5345769939075579e-23
16748090546867897e-25,28591429350483412e-24,0.09931249375355197,0.26387053119558623,0.5865329497318585,0.00029301194119134283,4179754852263835e-23,0.004647772035021498,0.0453430864572321,8282284915333186e-23
4471589773724859e-25,3643752465405581e-24,0.32027252503832776,0.028964569900452517,0.2111401903020006,0.08666590547821353,8407222841779897e-24,0.27982255570903625,0.0731342371073825,3978517202801548e-24
1065558219874432e-26,2384314220150233e-25,4603367790327962e-23,5978206288827861e-23,0.9999998328448172,3929514923235071e-24,44599495511684864e-25,4803549107798703e-23,2752745589715034e-25,43893348459741406e-25
2962512676829277e-25,0.0003280090149011725,0.4146242357631866,0.19757329116457523,0.32009607262729534,35400009138398376e-25,18111019677375801e-25,4089711564935799e-24,0.06737837835152398,334130603527865e-23
10729075104275758e-24,4595392579214869e-23,0.35496891233361466,0.17680291240064575,0.04539670295801695,0.0004896678688075756,17717098068203673e-24,0.32996743275355317,0.09237428249591707,1478922500970614e-23
10286653518751048e-26,11455203398628142e-25,9072237000993593e-20,0.22607999294931938,0.6687913733804199,7214731307414954e-25,12166498909648485e-25,0.07024317895292716,0.0347947273466391,1815912233192292e-24
29450337931210324e-26,71374422419813095e-25,0.0003110689529153703,0.47132976644830077,0.48240857910835205,16977884416011856e-25,29052697264510023e-25,31081180632474493e-25,0.04595056472114618,5625851618643907e-24
28030214496780576e-26,4675145573504343e-24,0.013620762999101832,0.3392392061814393,0.6008293568808775,0.0029071151512945494,4029708030142636e-24,782364527083595e-23,0.0434035318970808,10081195072326163e-24
6405969226495891e-25,10323603169613143e-25,0.2970353907914881,0.1216462120408761,0.550484001529437,4861458754389229e-24,43847479699559655e-25,15619987151620393e-24,0.030834353444687296,15655426930400362e-24
14556968977867976e-24,17945120119893953e-23,5641630762179652e-20,0.2568288620066839,0.7331633769156345,28799676604445727e-23,3483021260144153e-22,5196004836647337e-21,0.009940696933880507,46215243752956456e-22
20987858473215781e-26,6959998849782122e-23,0.581663077844476,0.247132916087289,0.08165595051234667,28216166264177907e-22,8879160726074412e-24,18314910059694e-21,0.08954501597799891,12095729572011094e-23
1288313794347347e-24,29439224785112346e-24,0.008897841923918846,34100739768521776e-24,0.9910997201654959,19303024563008432e-24,5691785306316908e-22,83918368534137e-21,12270408126670122e-24,16884119510538339e-22
9789820308565954e-25,7412210564091707e-24,0.2956183433446734,13951326598979448e-24,0.7043668913302313,56398326117599955e-24,8706805779894619e-23,1871102631496288e-22,1429835771072458e-20,1140517845406652e-22
2177194780871483e-24,0.03387530425687072,0.16246998215010316,0.5693391937742538,9416910265937151e-23,0.11778105416017892,2039307576857787e-20,5235540195737958e-23,0.11651388252346456,4135841348135113e-23
43899535527187237e-26,73059975380527494e-25,1360562035158652e-23,0.29809182499465525,0.7002326331885032,5015875560174734e-24,580013338024023e-23,27332620743387265e-24,0.0016754675016372558,14835755964224127e-24
13709448394933664e-25,17847440643219776e-24,0.12014563210430326,0.09948260964752176,0.6945722451283634,21293659029618505e-22,21460532707115227e-24,0.050759118007779123,6684476895086792e-23,0.035038158222614385
5346334122380346e-24,4629121059175302e-23,0.008090296560745837,0.08135964715700618,0.822716845573844,6210748617945476e-23,5722159357759661e-23,0.08783239473857418,33006692596755695e-24,6119961010701795e-22
6879267826496654e-25,3451690965315527e-24,0.19949010106003354,0.27629869620464786,0.24693346317074374,0.16570483994038065,14774294470226454e-25,8064424242029652e-24,0.042091723188550756,0.06948116275417068
6796096595273885e-25,24386612909247015e-24,46077151772251933e-23,0.1226503631605008,0.8271791105670315,4268266289716313e-23,28281496585332175e-24,7970890227306521e-24,22861441406321288e-24,0.05016993863924159
9863756605286509e-26,39889522031333575e-25,0.0002314922585325217,0.08724776974449353,0.9125206520684103,15583231908185362e-25,31313602789804182e-25,8127217887377405e-24,268135754463574e-23,6634287984553591e-23
35155678286272654e-27,3868739379163312e-25,7494330044835669e-25,0.16034562864205743,0.34453932397048526,2429484855033144e-21,1617406140725065e-25,0.4525173827429178,0.04259523241470496,1411719063962502e-24
4800275587120422e-25,14974849725085116e-24,21656203441424518e-24,0.031170369624438143,0.6727037970647526,0.012515494980068254,7028873044726033e-24,0.24780475306702046,2601284176920467e-22,0.0358052809953476
15967386863454412e-25,8843474758080435e-24,11924583990713105e-23,0.19885817533473119,0.723867675502406,9854753159537738e-24,4702320429302107e-23,0.0005702735605919719,7433889627308802e-21,0.07669625514861468
8387439531648435e-24,36263614775324466e-23,0.21984521929726256,0.47105004765863945,0.23922719534418582,4871562097440563e-23,29842344281810295e-23,20058466625131957e-23,0.06987646334459356,15560799977268865e-23
10085625167282946e-25,0.14850085562714302,0.12121478541890933,0.36175814459171834,4116267188245514e-23,0.1726858226679548,5331179290643725e-24,0.07299654089436175,0.12284379301872313,10278929185595597e-24
33725600125285406e-25,5575681295573809e-23,0.5486945035726735,0.24947929868596336,0.11885630653271714,23433597379686595e-24,4538748655023108e-23,1056692680287071e-22,0.08296960475670248,5283221818390393e-23
7275166234656693e-25,0.19351375629467335,0.40898055005283995,0.29922733102257937,5385616257382975e-22,6426510681940716e-24,7255774298786682e-24,22884908197227525e-24,0.09827778233562913,4440140511744344e-24
794642091930718e-24,3896283225570622e-23,0.08801176871214383,0.28183784683832985,0.14289336108743583,10603733968214763e-24,13025701639272565e-24,0.41112590421999534,0.07613104911231103,664278864788765e-23
37553557084325675e-25,181182937497787e-21,4463387308286836e-21,0.4732925936984426,0.5043222956124795,28477854865235323e-24,22675124545165025e-24,47245177521540815e-22,0.022375175577496718,5111153435730044e-22
3503836342517674e-24,4512625206162262e-23,2997020257325374e-22,0.1553510566307899,0.4198602616463986,52386237839265135e-24,5121358237627941e-23,0.4223424484117798,0.0024455783661279694,2030121732615602e-22
3883349845230611e-23,2687921242606362e-21,31525782172857826e-23,0.6970374446988201,1070572748490705e-21,0.15096564602662446,37036534893260997e-23,14127537163116543e-23,0.1519921137184623,1713300235371726e-22
7087605251913046e-25,8578946297712407e-22,14557454744738062e-22,0.3183321351909509,0.6543739931884299,7498361596925288e-24,1307606918076748e-23,14493233013233703e-22,0.02728956535442313,5220195691117428e-22
3791673811270661e-24,1425733653331936e-23,8299404595932214e-22,0.36707317624813296,0.601900512168877,13553910492028146e-24,8994414644460868e-24,0.0001789738109532813,0.030846453992270095,13241908615121878e-24
6866062312252739e-25,6354784944376972e-24,0.0012371171971097138,0.26774456299262844,0.58117908441772,4956336673115957e-24,63810076660257394e-25,0.1058360812590105,0.032889564314058414,0.011113571441201078
678697635455843e-25,1110201935331644e-22,3214256780011146e-23,0.539347903050139,4717282986893179e-23,0.019335708720983853,0.06996153279682449,0.18547989218145639,0.185874772174282,6728618209174263e-25
9906160900072686e-25,25152172289883344e-22,0.034186077119802906,0.3628326232250878,0.5383039061185837,222020531722967e-22,18204829347376912e-24,9854487347418097e-22,0.06467383242232262,19050754666290533e-24
69909282382441114e-25,12792154752303875e-24,0.5167612485561025,0.29741176804012914,0.06503692379552896,15205817135058153e-25,3342679455678754e-24,4007962118088781e-22,0.1207896312333229,2932355197158036e-24
8716780736674688e-26,0.12049923777133767,0.16156820771221864,0.09751732879644742,0.5803400675949015,5570989007654605e-24,5263714073542083e-23,1167106465887669e-23,0.04007506735539059,2080330271995565e-23
2008828425457656e-24,11617483553979412e-22,9994666618454207e-23,0.082173184772149,0.6073261399994943,11269065410550524e-24,54301072343474164e-24,0.21517512622901083,0.024465972166127996,0.07085824755924311
1034019667343924e-24,0.023674483058019422,0.06285901910152054,0.3579776453053363,0.3934203256176489,54065064338697786e-25,91851511072096e-20,0.08080875284322339,0.08125879652416831,52594791998933846e-24
2518825391653065e-23,3858364606496783e-21,15216179137372805e-23,0.8673633861382988,714070699110623e-21,5622430737915495e-22,6221907392439437e-23,7934959846925108e-23,0.13263111341730252,4684725098895022e-23
32838233412893015e-25,910416480782607e-23,7692981704963264e-23,28650909761364012e-24,0.5841007959185095,55382383993197296e-25,6096552549907485e-24,0.4158943616010524,4710291638444855e-21,25853253540220768e-25
6541443797516454e-24,24212712203277356e-21,1639107443531698e-22,0.00020886396722500278,0.7356902506624139,0.024056933590105006,0.1428666036039908,4133536789478122e-22,0.05861012659757632,0.03854242506060731
39509953177201835e-26,6048766301276284e-21,4487687146285484e-22,0.12092094840203912,0.18110547437636332,15918617934193012e-22,37036410328628646e-22,0.6085195420739336,0.08944194441938472,29729519213110527e-23
7423587286860896e-25,969804605700101e-23,8012854339577145e-24,1586108687977922e-23,0.4495983354463119,4771634848889972e-24,5474970842163062e-24,0.543394456374858,0.007007151196298052,12421332510484398e-24
2292303127794661e-24,229894540386863e-22,21219451634863652e-24,0.2953307920857579,0.6788583700966427,13580449632023238e-24,14872402297814903e-24,0.0014314589946230142,0.024379281854039522,220153641423182e-22
34836820725341165e-24,4519329837665297e-22,344470611761779e-21,0.4841707808542338,0.4494287755837732,20762496296649914e-23,3813696040454734e-22,0.00014450017783177357,0.06625435907651236,16407265429159404e-23
19036708820568224e-26,2423525142645006e-24,2786174576089214e-24,12059217553209603e-25,0.4547258077103142,913752416992054e-24,3173096127429545e-24,0.5452741616440963,28513216290316176e-25,17101476345089807e-24
20131046024251664e-25,2258130447090749e-21,4884675200987676e-22,0.09493441972277307,0.3615864961937751,4389007174273869e-24,1362711407613162e-22,0.4218024485457199,0.04578620203032307,0.07588754423618937
42995628806127026e-26,0.056247995750570705,2539797672070632e-23,0.06260165168400803,1752112110770184e-23,15232319107402438e-21,0.08203337954226869,0.6814793608295487,0.11762231053375989,25991678916113843e-24
8870574521065704e-26,2136625786757108e-24,7851196279259675e-25,30161029743751818e-25,1775858987673212e-24,3407988600788111e-22,0.08564856838238792,0.8001000213842572,0.11425106079586086,8370909502031493e-25
17477964057098938e-26,1973939894550364e-24,2500835719618213e-24,3740628057169593e-24,12700104349039745e-25,15120380118142535e-25,24160545648300348e-25,0.8794645214923017,0.12053546371688352,12027293034963303e-25
8875963095421551e-25,4230230124638521e-24,7841089728479383e-24,0.05122026233031563,0.5598186839222965,4008153096705835e-24,5719778794944901e-24,0.38130548291480243,0.007655542759331719,5387169884168673e-24
2467788239039874e-25,4257587699414738e-24,3770751267407588e-24,24380916495633375e-25,3867807594835962e-24,51384791674008564e-24,12273988904152036e-24,0.8447155369250371,0.15528437378674015,11048554431851892e-24
2941860395926604e-23,1131134165310724e-21,0.32536349961739347,29295937765762753e-24,0.4623355617350269,0.07954195699005305,26542212830595656e-24,16134514969069185e-24,12513362510207974e-21,0.13274523576968691
7035953501865369e-24,9139943094638771e-23,11152700052300571e-23,8862923983396347e-23,21939547812185043e-23,6571024210329351e-23,10678540045529099e-22,0.8994245410364368,0.10057288873552268,9186767447974804e-22
6567430476936036e-25,19804611615149898e-25,10853233593436181e-25,0.24778805680553617,11187982131462764e-23,2510095643956561e-24,6561149039007658e-25,0.7072883037206966,0.044923519980963215,7240746174538532e-25
32735004396166905e-25,21106120552439271e-23,7684337599454665e-23,0.028276437338013733,7827377217380864e-23,0.10935266112101437,5480091690096544e-23,0.7793758635643555,0.08299402787473602,5858490981730673e-22
3192472459688638e-25,11755995792872102e-24,2189364974791582e-23,0.1518303835669216,0.8481678697507071,37167163100644906e-25,7910405700017976e-24,4527702205072712e-24,4293881290803006e-24,16922647359560596e-22
1042979262948564e-23,0.05156864809834219,21368634174164862e-23,0.3923316474537892,0.4583654399814517,0.017995793684444514,9052112487467357e-22,23631874612942226e-22,0.05939829007399906,0.020336688193129806
20820550154591055e-25,5793771735945415e-21,0.9687061042457209,7306821298307366e-22,73244809298641274e-22,24774577227524203e-23,813147544199039e-22,3321753292131165e-22,0.0312789495716428,4339298656663405e-22
41997396093984905e-28,0.28134695399328863,30425182403332005e-26,0.00957762058463403,0.7090753549128799,837648698100089e-25,6685644662964794e-23,2913077164791513e-24,2775925844149363e-26,3193621011551078e-25
18634806576558766e-24,0.12081281205581931,2567844910093732e-22,5714335127977645e-22,321862984697817e-19,52530689787604334e-24,4069184327037934e-23,0.8611373714647585,0.01801588696255844,8031370339106428e-22
22332935635023005e-25,6615165151560796e-23,4552637038660253e-23,3379023542916179e-23,0.9997935624916675,13621327750216454e-24,4167515092617175e-23,2327052810279542e-23,24528126949332098e-24,0.0002061867198780294
6780037660148605e-26,32849489485713606e-25,20170620035980593e-25,27909665021924758e-25,0.9999913538807802,20296171498581467e-23,5880577081979352e-23,8371039295844048e-21,4528744159067732e-25,4698893725427648e-24
2384563479367006e-24,7237556702746086e-23,0.05422611868672798,8866381484315215e-22,0.8497789558023313,24726695639511264e-24,42788127241298474e-24,0.09596204904307774,30240737017498963e-21,16068177867109194e-22
8893556800442415e-25,0.31287424645373235,0.32433351999416843,0.26255943305828755,25711006760242554e-23,9887137420268263e-24,482502285477439e-22,5853391858218461e-24,0.10023247247884441,6024785138862044e-24
2877159690629682e-26,5746924660930158e-24,6839486733355639e-24,6971641793634951e-25,0.989288155870936,0.010711725729780594,6360342387307507e-23,20495307537864814e-24,2340990623119936e-25,20754685173297295e-24
7130200260513042e-25,0.04470459724127829,5439479458161733e-24,0.19802444942414993,0.46502050430323577,4829559161347394e-24,32623496923364052e-25,0.2712653978034424,0.020985033285234236,3699163530124972e-24
35362122508043953e-26,4278435376091154e-24,222490655495259e-23,2243491449581204e-24,0.6825214119677528,2342374322718341e-24,1564757898850616e-24,0.3174785714156146,14364839638140788e-25,2172555922999758e-24
1637281630085965e-24,0.11175371777304424,0.5625601383020463,2655849395360161e-22,0.2870390538860461,4565577737198677e-24,14130885623463397e-24,7893964915693393e-24,0.0386467586213178,3760482837685319e-23
6316537740333213e-24,2711966626900882e-22,2209579364303406e-21,2345940862783866e-22,0.08295870666822949,226006042921338e-20,6809472588876476e-23,0.9065997241436964,0.01043556345693563,955889311441371e-21
20015546669896634e-25,0.07111538229687801,10494613582933185e-22,0.5270410102717902,7531267010069808e-23,0.07605402954799198,6997699049983845e-22,0.18805011141821368,0.1377376195833918,20336065526467087e-24
29939841551063086e-24,0.25745582943212536,2221723015051242e-21,0.15692322050494123,22646102754134545e-23,0.04813960995731339,0.019322156986534444,0.3768279561219388,0.1413276693916657,1079482527916153e-21
8508759172058364e-25,0.010326084374631605,0.7636352813955298,58063875017883515e-25,0.08651273441159377,3527980616769013e-24,0.00019322045563343059,8458795298640333e-24,0.13933265111253076,9605707348711086e-24
19792171951132656e-25,47298353299353533e-23,11106494871415656e-23,19594774088347453e-22,0.9999922574530152,22279526401549836e-23,16203469659530885e-23,4385584366267602e-21,19132755263170574e-24,4074932819331875e-22
7736370949605247e-25,2069636917893891e-23,8124912785951834e-23,871688687616243e-23,0.9999889367166988,5363144382034566e-24,35302777325881303e-23,10433097707371373e-21,7606269887114567e-23,8429572814677438e-23
5850757153233608e-26,0.13667081851383409,53021735280105916e-24,0.022639008144624138,0.8186513819946093,0.01356443615452297,2407780354143023e-22,21578424943307833e-25,0.008473663059782732,39611662937773384e-23
6846559559340856e-23,0.15435104485405549,0.20367250336744763,0.32281665814058313,343349529068536e-21,7162113972708584e-21,0.07143094729920643,0.06257872823090262,0.18513553175378106,70124249264427145e-22
3169395252179799e-23,140422223931613e-21,17616636515788762e-23,11857955786832426e-23,0.9999900657551583,17024494293165162e-23,16133642506418232e-23,18098510861822838e-23,860037581091574e-20,35444046924677023e-23
7729632084013925e-26,24923886888058275e-25,9635808967874072e-24,0.3796365040087684,23410162153407683e-22,0.03176520737383596,4564353789135674e-22,0.4333172937473685,0.15527817100461108,14208433793975668e-24
22494071507111153e-24,10735501701864585e-22,1480804600014579e-21,6671924869668593e-21,0.13737313954613375,59428891700034235e-22,0.12559512245224266,0.5712243523166091,0.1657918943055886,2997169075896332e-22
15054584209509274e-26,4855960940932566e-25,7714605839111389e-25,4477179167792067e-25,0.9999991452104964,7960977619223507e-25,13469380596939681e-25,8496893189795712e-22,23159609584324408e-26,8706797653579067e-25
2377869084620908e-24,3232931391929563e-23,3251032961036787e-23,0.3589305011955802,0.22158590385591218,13948575750956495e-24,0.05030035679811322,0.23944250027446637,0.12974060204981175,54660026734130274e-24
7477672297141783e-25,0.14190900750112997,149990657907747e-22,0.7255921625569781,3338510409893031e-24,4068538090068103e-20,0.005178608164895528,6685772540867006e-24,0.12727933191711405,17870780538454258e-23
2181439596912357e-24,16403782319015898e-25,2172156961692734e-24,0.09227206162113019,1233839166895068e-23,0.8661603456414608,14719590642358082e-25,13017414261072713e-25,0.041567570488916204,1143419394824713e-24
6739338244339529e-25,0.07991869564045974,5886102935928062e-23,0.7985740818389641,6627640076474316e-24,993216727011887e-21,4700686998812695e-20,7392923070544374e-23,0.12145747750366331,16048383583082422e-22
14184098028091132e-25,25532505179724985e-24,8159090341722879e-24,0.9087974366527681,2639555059196899e-24,5856290122070063e-24,20843025786538666e-22,34858194339174968e-25,0.09120028243505944,14951778314128968e-23
2973827537736875e-24,9373170241259195e-24,26954585450516316e-24,0.2613800001396362,0.7171194679164368,13103397980847464e-24,10043178361712802e-23,3314515732117223e-23,0.00012550035063062785,0.021374845611906633
7256683442421641e-25,713034588254048e-22,27726383026564206e-22,0.43761995064541503,2431445087997737e-22,0.06776515932343422,23364065329152392e-24,0.3662194950046159,0.1283922269676098,568823837313894e-22
26051755413604553e-26,0.34318235476110515,13972995576819678e-23,0.639875465854251,2182745361016883e-24,5508900494756274e-25,25955885419717854e-25,0.0075685313977729715,0.009373326889199264,17577720033019087e-23
41974448344848055e-25,4943790011436764e-23,34810852649533925e-21,42223988981556924e-24,0.932836996465081,3233016526507841e-23,0.04390381239922125,3078271949251998e-22,0.023223804504509685,13976137904377395e-23
21836117227713478e-26,16097758690727527e-25,9107606387223705e-25,10850526724316558e-25,0.8277848658133641,2670393518128979e-25,0.17221011207831427,4974350350662742e-21,4259059732772448e-23,10772004724951715e-25
40354735453225946e-27,3623061135262081e-24,1114103716433584e-24,0.35999832220753114,0.3836689397445545,0.06495737895790418,0.043807165129092974,18157476347132936e-26,0.14756818529140273,37104167458902064e-25
10565909954766124e-26,0.6831799688447031,19937893337896754e-23,0.23950599676657752,18684137538075987e-24,13582096648232419e-26,12818570651063326e-26,2132711589053075e-24,0.0773138130713025,7519529003844798e-25
23134822507296705e-25,6169847152748098e-23,16292594382225952e-24,0.47009493479664505,334732356639893e-22,4093315065182215e-24,0.1252434099235769,0.15620560107672465,0.24845593099300559,5339797303772549e-24
7122595560007868e-24,0.3195146808801805,0.26098925127649264,37819072470132682e-22,5600041294585611e-23,0.07020450025198711,1866199828747631e-23,0.08506353159533825,0.2642241583644755,13939229520296256e-24
3091563451227883e-23,0.00017668553645751848,6636614424606442e-22,0.06271415153346421,9843632365742971e-23,0.0001557185073877493,0.10186972357874914,0.5217571789386745,0.31332555595324396,19293752305618282e-23
5574676862467822e-24,0.4025620048874273,30735606288944185e-24,0.001530251528324528,10968566800774993e-24,11077560014250192e-24,0.07396433848702215,0.060052599631496076,0.4618907399303511,717811345944268e-23
3605394258095346e-24,19675952826168744e-24,12477231270212702e-24,0.7141502378474098,11674173145038035e-24,0.005112249501679224,0.08064247939240608,4080531259858181e-20,0.20005416698743533,13522735029588943e-24
46985389663213535e-27,11869215470589483e-22,11027370009147854e-25,0.26286776402196,0.7110584551595718,18333140043513578e-26,0.026069795491866905,12251322530005826e-25,2481163409725674e-21,3146836418275492e-22
9823741675345473e-24,0.36078377784943344,1931557377725894e-21,0.6158233776256572,21825057756312265e-22,0.023388354610149313,3929261100268091e-23,14648379517148936e-23,13285249502303112e-23,4739898375493901e-23
39111422467938615e-26,0.6880808386200088,1024432038229393e-24,0.31191893415216937,6368808451821953e-25,38474528210195186e-26,24151389615981993e-26,6699045045871024e-25,22287972030487965e-23,999516830021643e-24
2455591585519622e-24,0.19039692481445805,15863951842270647e-24,0.7139405013455908,12399400864053786e-24,0.009177979947944125,7328242032306223e-24,7085214248761257e-21,0.08647745706393868,13566608334295534e-24
2083734794412306e-24,0.6733799420276467,37801367441304267e-23,8420802960384598e-23,2744113520264132e-23,911944835643596e-23,15084010503856822e-23,0.053256463246083796,0.2733629170578132,25955453195628862e-24
2031440833182451e-24,35055155312420266e-24,3039071227102726e-23,0.5725891144713254,47440724698044774e-25,0.00017338196339483948,17970350700908796e-24,4170642757482243e-24,0.4272373990736742,10129465834129987e-24
30315614229801366e-26,0.09776751426780116,0.012520489657596012,0.28754475130344387,469396271360024e-24,0.0775016256233233,0.4538827538374302,5975192468672962e-25,0.07078285656901291,7371389375050254e-24
6619487233320014e-24,7836293892640831e-23,4790177601318534e-23,0.6110062322938375,9709817307366102e-24,6569077114736708e-20,3085101545126589e-23,8561789108333363e-24,0.3889278738983313,21045480410093375e-24
18958760038484903e-25,0.5362917844410656,8842351019090367e-24,11753811241652087e-24,0.2034063799612759,0.01126847793446149,55731762821425264e-24,830966768211613e-23,0.2490331918425076,7928682312852802e-23
