21976669072185245e-25,8746746405302166e-24,26567076921724603e-21,0.07252447254163123,13533064785458969e-24,0.26531409314950993,2763741187327209e-23,0.5584243361747583,0.10371046955282628,9389389466770021e-24
3063398394085176e-23,2807266448869934e-23,19974533293359893e-23,23750658381420757e-22,7542806771932758e-22,7561648485683958e-23,10787486862393625e-23,0.917184071708674,0.08281232320047976,33791729245748384e-24
29087098530026237e-26,6704670636666623e-23,0.19583285766550976,0.588136177770157,14099495528727829e-24,12802730568202223e-25,20182764907887552e-25,24334202310371086e-24,0.19626666720123448,0.019764188293516713
15684578692646617e-25,17617012690374378e-24,0.3951098275471017,0.40701266278749354,10401521649573353e-24,509364555558829e-23,5142883653740959e-24,0.06385022929373818,0.13402723485524073,56929041671324955e-25
13090834080027735e-25,22114954441394683e-23,0.00011587840984846021,0.0638314513892872,0.9057491556050337,1464562202014526e-23,2950970317166563e-23,0.030303195486454784,3443091007424614e-23,1806459734818138e-23
1994452559760277e-23,0.742802934747472,1210949237435599e-22,11516549800448764e-23,0.2571920622446836,2082115107080332e-22,56007208868203834e-24,4715971190750171e-23,4342243729665323e-21,9318096261856918e-23
1250692264846052e-21,16541674070067036e-22,0.36714154761012235,0.4585042251865729,27683219908580037e-23,1304370054044348e-23,0.04721637756963662,20059634424495893e-24,0.12713445234419335,182494268929204e-21
29323180101993213e-25,4828243150985094e-24,6639383255380454e-24,0.8880499800093762,9784743408792737e-24,3901589264637743e-24,35520084022755833e-25,20201301459484672e-24,0.11194996596510816,21856213692397927e-25
19104186607148788e-25,12686463255874844e-23,1307376809383211e-22,0.8647858614391951,1787712213680466e-22,18691303300595034e-22,6411234952800504e-23,10864139251697782e-23,0.13521158732958985,7106319692422214e-23
37888449803885483e-26,1836275585486588e-24,4099770325371323e-24,0.5602985639141583,0.29630150363206614,0.06442108307625749,8355475875807103e-20,20649027414987292e-25,0.07889528310769961,31303573177925196e-25
0.00034706269807887566,69324172403821405e-25,6612625568834204e-24,0.7631182063886109,23555288254115377e-24,0.1858665847715631,0.008474779075811232,3797179163791806e-24,0.04219332205497039,411350991227093e-23
97005884780988e-23,0.16743660392123685,8017508588756681e-23,0.17412982444591063,0.658433125026336,6646883534493733e-24,29891308754022475e-24,10882829452972144e-24,15449511008605738e-24,3025921022556033e-22
18531229581399818e-23,15251874919085001e-21,0.5046128743315369,0.3527652293993277,11097558142299847e-22,448587324178573e-20,6081380422490789e-22,34720959037334083e-23,0.14259946953946662,4385662388462467e-22
10657937071998674e-24,11729256490498383e-21,0.07297129754192618,0.1635857306800458,0.763430558531868,1653798768646222e-22,10905222409495799e-23,4684021163807447e-23,5713802750566916e-23,29492154572197297e-23
21077237879983383e-25,0.2572828606998673,2996592004136496e-24,0.6743194832158821,28456944718683013e-23,7871608061813165e-25,14243125305941563e-25,2623758537858453e-24,0.06839736083083404,7439007366747162e-25
19080926810453948e-26,4357142850030736e-24,9877237496333427e-24,0.49859190584146845,0.5014080589272357,6503104049645967e-25,4079236787924059e-24,8361561019597536e-24,1285355738569173e-24,642964063788284e-23
0.002791404640984056,495847032934726e-24,5126780491157834e-25,0.9972076136231657,9194536242063325e-25,449786446260176e-24,26983061252313084e-26,5216380103937117e-25,9778479542880014e-22,7187402827718425e-25
43840853227202646e-26,3502030271639415e-24,15314036136157167e-24,10092891988814622e-24,7937470384388534e-24,0.9357964440351841,1359064490286008e-23,2176619326829835e-24,0.026401800977571645,0.03780170192382923
6497645115955174e-25,22626492232113257e-24,11348489265723273e-23,0.48024082634240073,28306620001524935e-24,0.3593251763441967,5055874734201892e-22,0.04301331630747474,0.1174199597654043,50585646511652866e-24
7694389410193258e-25,6236026313550426e-24,9652960898372219e-24,0.26764929700039813,0.7323506725188803,43720099934380036e-25,2017200734883576e-24,2040347713806309e-24,33305829293177103e-25,20622136501127025e-25
0.002252763016840949,3637904525261041e-23,3751332389244299e-23,0.9832945435203927,47067437734156964e-24,53371961102704155e-24,4905049781255838e-23,338815659696137e-22,0.014452392792956266,4340608207777499e-23
4287401935818329e-24,0.3266929795355496,38751791970452806e-23,5199974080816237e-22,0.6733051238415622,1509109861352128e-22,3922421704895226e-22,21978126276702743e-23,3142978233099775e-23,22548508526270425e-23
18781761956920602e-24,10321979863369873e-22,25540088306902053e-23,0.6911991794364462,7366739776263217e-22,0.1618396195975709,3301338983555898e-22,5573148975413716e-22,0.14695803087191567,23959066914781385e-23
224017091250528e-22,10862462066866141e-23,0.5644176660687038,14152600758826096e-23,5274856606073261e-22,11917407578012788e-23,2913530466519827e-22,0.2885879851216224,0.14699295244727964,18580041384244579e-23
8579136724921092e-24,1198303498291998e-22,0.3162590442552331,14340303366368964e-23,0.6835682092262095,3315380781065118e-23,0.00016879756039076007,48369284138694226e-24,3161845378846808e-21,4337837080023811e-22
14312813001998978e-24,7457421947780655e-23,0.7229183605160368,5339511364840452e-23,10115120444568362e-21,7072880264893164e-23,1697540541243798e-21,0.12346879973337217,0.15360078179847605,32280299616082996e-24
14046948966866305e-24,0.2313369778305754,2760171693573126e-22,0.6524621820879838,23682831993638705e-22,13333343576647126e-23,3516857976347198e-23,10132289792649857e-23,0.11619783821892567,7369028802794385e-23
1738909386998607e-23,121718611099877e-22,2688157002417842e-22,23409417530900705e-24,2729595661547387e-20,10942448841018216e-22,11114609611202092e-21,0.954428291066574,0.04553185289361535,29442884591729237e-24
5973350013559264e-22,3427659367889233e-22,10425225874309395e-22,0.18349189247662803,0.8165030750099573,33949937907280906e-23,6145649644341179e-22,13182822104677498e-22,1847466439235677e-23,10584670104409896e-22
4163894658027848e-24,6639070713809787e-22,7597209447309853e-22,7205925537692943e-23,5959034651668948e-23,0.33311135438712036,499885112306069e-20,0.6113752729956322,0.05550591623634124,8980903336698744e-22
6654844327220929e-24,4366375535865965e-23,0.31780830919437103,1838906639265459e-22,3921217244351754e-23,37457469616404533e-24,0.010170491143428006,0.5078377735697955,0.16418303783076946,7738264535510798e-23
1523901629284851e-23,0.27431670236406863,25735599017625423e-21,0.44576989417713275,9614599208098706e-22,0.18972407218374623,13870884508183713e-22,4114742970767789e-20,0.09011811535001302,19691089392081815e-22
29387573752037676e-25,2438566006571037e-23,55391095012688755e-24,0.23025168958888872,28720984385760593e-24,15646525457919228e-24,3311439530728273e-20,0.6570216312338936,0.11269249750743626,9401914126666152e-22
2028631169401793e-24,17209068165135215e-24,670978671513973e-22,25990882093246733e-24,4921421460188998e-23,6885433366493504e-23,0.6362570195908833,0.13685138344590914,0.22689136153911788,51481317398368055e-25
2932072483225631e-23,7948210260436753e-23,8702092034861365e-23,0.0024294032316866474,47711689151210516e-24,0.9111708163480675,0.07905021825838235,4637033304793411e-20,0.007302909873697447,3841946714608627e-23
7126700471183094e-24,0.31270232361600253,4870256892763397e-22,10304942296191934e-22,0.6872957318680663,42559358787522145e-24,43005188095117665e-24,12279427518205075e-23,901293895412435e-22,12138104400681668e-23
6626321875119731e-25,4327074760794289e-22,7303303409913853e-23,0.8700929772372552,9899179907415583e-23,6781129897352111e-23,12261324250654846e-23,4175445631333863e-23,0.1299061120391772,7314968229902015e-23
26327162603294087e-23,1742865490956477e-21,10791712776582133e-22,20825593449901973e-22,1373651864189823e-21,0.9999890805087734,6443034283154946e-22,7252565815260777e-22,2501976363363457e-21,5064352514810903e-22
46150376446365864e-25,0.3663220927948275,11650714927306579e-23,0.0011482640361096025,0.2067394788681099,0.42578992173867863,12426634654670379e-24,392490371475722e-22,4428899057118463e-23,25475303959358845e-24
19982675065860066e-26,0.2939865761550189,0.16203215964685078,7369089941510224e-24,8877778375119559e-21,19101362628326077e-25,27900186919073693e-25,0.4101345612944805,0.1338378103663322,2490129739646819e-24
3359987074800858e-23,2461085921171772e-21,6969392053687727e-22,8041963604998572e-23,12423775935188441e-21,0.99998378012223,6707935678079067e-23,33684981848959836e-23,6886091797688747e-23,5485685796960752e-23
1017570196220324e-24,11909523747210881e-24,6603623728289452e-24,497877547143087e-23,0.9999999094151663,4233349381750735e-24,10872880403866129e-24,527180989397283e-23,4274342827441103e-24,4142316550067925e-23
8078835338483616e-25,24142004442465097e-24,31215928620453086e-24,6202304845820362e-24,0.9999189396690579,7920868623707967e-24,11213435760567854e-24,8095419722262764e-20,12588727685116415e-24,12042605460955483e-24
14288563035313027e-25,17833426733593542e-25,5222124614230337e-25,0.20128389294607177,5608543509896416e-22,0.7987153699012673,28538042713408864e-26,34443631963672585e-26,17163519625089038e-23,2998438762032205e-25
1544002335289281e-23,10988882281796087e-23,4496508581251191e-23,3902550513042328e-23,839580436426201e-22,0.9999995997667892,23474242086866554e-24,3569067238634883e-23,2394779572056637e-23,2384343235758342e-23
0.002286635986317365,20393749258112357e-23,20085324969581973e-23,0.9897244000713824,974819423953397e-22,6555800764917613e-23,10805601569179428e-23,1057289443384502e-22,0.007988087990137881,9433756347246035e-23
9294955754013837e-24,7386359196817357e-23,23707641574618232e-22,0.3571245938469272,26149960729050346e-23,18875569089859016e-23,0.41583504359273565,0.08150864087363785,0.1455288049631863,12545503716178764e-24
0.0037871004147174855,1781120836582354e-25,13317712568613797e-25,0.9962126867181522,11050891785328385e-26,9301676761509589e-26,1337983587309871e-25,7484312735604597e-26,1201618821024756e-25,21082535149096201e-23
1136171916355645e-24,0.13687444361156087,3040773217773388e-22,11910851720275635e-21,0.6677272333167242,0.19538602091279653,372393659226603e-22,25126905236881145e-24,36679556158725616e-25,2005950796030966e-23
1940747548190393e-24,7627785363515524e-22,7583752794751134e-22,3433271250213264e-23,0.9999133882541893,5245144233213298e-23,8108344227213433e-20,45271542554218613e-23,4139328729286682e-24,34615700655405275e-22
0.0008347892577860039,23614307881404857e-24,0.588074719441099,0.18151146814151672,217595992123339e-22,3602276719749551e-23,28372268544642923e-24,0.1254373579699401,0.10414152137747332,3404324448543641e-23
0.006391154127632184,1848091726366668e-23,0.6763619728666725,0.31559514645169984,51937735108137497e-24,20420025992126804e-24,20615195433602216e-24,6948969354610421e-23,0.00165142590074713,11970970230624578e-23
0.015514767799567435,16560317633481853e-23,37533879098486316e-24,0.47485453291104107,11610419960877948e-24,2481375809202789e-24,23587303233768056e-25,5260719799870367e-24,26832053244034294e-24,0.5096304476069873
5021248970712622e-23,2291342023564862e-20,4438756922500989e-21,3570894832958509e-22,0.9999702476317283,16929683791275143e-23,10280422055145827e-22,16983079777718887e-23,1930950757004373e-22,432624172730536e-21
28498540699441924e-25,22464685220654076e-24,233180504755275e-22,2027038497478809e-23,0.6403283502681905,0.3592449673570147,21586759151189716e-24,2786965765900602e-23,0.0004265516525336279,123624727608061e-22
5710749398459275e-24,23631123873808166e-23,15403780467384234e-23,14193520018205547e-22,38498060844397823e-23,0.00010324392973821632,3072792476520976e-23,0.9199254434614067,0.07996903881830775,4266952847311257e-23
0.0005817920101194681,7588687227538026e-24,20239463364930664e-24,0.495370023797743,15719079483776484e-24,7606998101406463e-24,4691649132654083e-24,0.5040480582617293,6405707178428037e-23,6027612646794636e-24
4194699377127406e-24,885748737542027e-22,7732032328622835e-21,1808740798270322e-22,16320758847529424e-22,19702825538451868e-24,13198812866148531e-22,0.9060040500752964,0.09398491992952371,5265922813021828e-23
35648829284293927e-25,7038922226590569e-24,10912138031724299e-24,0.6761850174974677,4515096987485247e-23,16832273545443398e-24,18504440050981277e-23,0.18319477041987636,0.14061993216405888,11374367415553711e-24
11652266499021002e-25,23680385080440444e-25,7116625334547082e-22,0.21024032773234777,36247591214018143e-25,9398835509114847e-23,11971102421663013e-25,0.7897586330721731,2202127933043534e-22,4976588942517204e-24
7870487522686876e-25,0.03490346414457899,5376413019309643e-23,5347515038037272e-20,0.9390505149225394,0.02599247061157591,6671788721767509e-24,20009467172955165e-25,42748752257245595e-25,7668996586642575e-24
8667147253613885e-25,12554923277170297e-24,9826952426109916e-23,5095503293514215e-22,0.8886077328550739,1517036028172455e-24,1517662404103554e-23,2387090284707777e-24,14430525207053756e-24,0.11139161239054508
3644049401584672e-24,24907710541785134e-23,6224968554908923e-22,0.8031025979501953,13540291832841877e-23,20548121675351894e-24,23839023962654138e-23,924828025895715e-22,0.19689592677107023,11323477459046801e-23
13652717620039578e-24,3966329970373385e-22,2147830439557912e-22,233388574645396e-21,0.4543171834552879,0.5456331332934786,8867725168343501e-23,13191302847707897e-23,4852576155840459e-20,7844212938920265e-23
1578542679860463e-24,19078736816219503e-24,3683897449114688e-23,3510136655592939e-23,0.8050946077410079,9063463166606987e-24,6464972145550264e-24,0.19454372726688807,0.0003615441584086488,12706167326734645e-24
22959756604253622e-23,3782783931057151e-22,7885408256270114e-23,0.9097032631302596,4415318859016706e-22,2278712171986482e-21,16494424937308188e-24,17675933945951012e-22,0.09029118749464582,3583134296428323e-22
481637987793294e-24,36681993870637724e-23,5302981488568443e-24,0.01223444809093928,0.9482271267642877,29040272764158606e-23,0.000199491524738949,28773501546612784e-25,0.03933148635100168,67813843844946335e-22
0.0015481575754483256,1727859286250048e-22,4913028109160928e-24,0.927763475890096,11123071463106536e-23,19617274464219033e-25,2369048130919824e-24,13363038184662997e-25,0.07068802169611693,50241671007327204e-24
9975505793880247e-25,6508040156594475e-24,3973558879772542e-24,28296697871068005e-25,0.7769782084133783,11352736965875059e-24,0.15039815871006368,58631315290765606e-25,0.07262359461793161,6733643202031822e-24
3523267594704624e-24,0.13758941764628171,5921454699825019e-22,0.7174876941402848,4568470738609907e-23,28763865987087574e-24,17491801049058234e-21,35973515062386586e-24,0.14490456398857804,1263324750265748e-22
15449990252737303e-24,705601743040132e-22,29889667430447225e-23,0.2721583390471912,0.7278380965753481,7802259672098368e-23,21116422180991337e-23,4999374580387447e-23,2556803799755892e-22,2584609709692797e-21
7370951471820893e-24,42432834431395865e-24,0.4545204841101161,25097685967849157e-24,0.04615664765704299,0.42304492816103895,4186526501858175e-23,13549722743920096e-24,0.07627778369152859,26066178343590326e-24
1648768684071451e-24,0.23188280919557,30814611997913245e-24,14400733479747641e-24,0.6954128896995406,5699965623215497e-22,40983006329959586e-24,7433358323561295e-23,0.0727035303073364,3862014248237311e-23
7747778042480756e-26,12911695755767588e-25,2094155066540242e-25,12711511293224994e-26,0.8694705021372312,0.13052939528174776,9109301021743649e-25,30984499393403226e-26,9826684990502805e-23,13883605852454807e-25
73113339966319975e-25,7929236493771155e-21,6773216862285984e-23,0.6169642755285056,0.1600801035467847,0.13243396401423996,964948526539673e-22,4825381653751561e-23,0.09051345542919947,5245268230449544e-23
41976590123945133e-26,219199080621425e-23,0.07435635295550731,7977625090505746e-25,0.9256436073990619,28280470295662366e-25,9466554631570016e-25,3695409715061845e-24,11693359816578256e-24,17072406501378478e-24
2599183390131715e-22,14572096326315888e-23,1367976611512894e-22,0.9283529098977872,5388970571623835e-22,14449367775385378e-23,5057739889585849e-23,58969193799481823e-24,0.07164568336458166,7136305367050758e-23
14644921813987432e-23,0.043799331558209774,40307370248502716e-23,5089851077586202e-23,28725901213128503e-23,0.9561914089569985,11145580614754766e-23,4017096556794823e-23,7986424511379387e-21,23375628731904407e-23
14093296358346186e-26,1341858732303311e-23,18386253311693726e-24,13281451104301984e-24,1157177352006119e-23,0.9201617602038425,2292784187102873e-24,0.06655245083120799,0.01328572765023975,22223452548820456e-25
1439607435972034e-24,12968360546044883e-24,9461944678488964e-24,0.90466298334708,864803834794923e-23,2806311781777591e-23,4928123572129092e-23,5031887792645706e-23,0.09533684364913413,12822582707631291e-24
23794558288445878e-23,45783625777077745e-24,38513439744016204e-24,6144708835956589e-23,15672268232042664e-23,0.9999971633212525,20964357143194797e-24,15193392919600826e-23,20840763936628803e-22,3929165180178121e-23
0.0005466235967781681,847598310431185e-22,12716789304975199e-22,0.8412933575999103,2092351542588116e-22,22356867494983986e-22,2966754726629909e-22,2291425063632991e-21,0.09663300073384108,0.06152062860842496
20612691172856315e-24,6020867052375674e-23,2877379901120372e-22,3384878078249206e-22,33713749712563366e-23,0.9999973627062408,15619339613051463e-23,30024532967572006e-23,927350827254011e-21,20932716678608064e-23
10042733449857357e-24,17826011013599594e-23,6565825352022166e-21,0.1714511005447124,3528356728223099e-22,0.4242335663733166,1909668142544388e-21,0.30931074337686193,0.09499329431403426,2278759061858376e-21
19848105350445965e-27,40695620673020434e-26,6165352159361377e-25,16675497654377346e-26,40070150203001624e-26,0.058996769579701985,33655228213209316e-24,0.8001737557883029,0.14082943906344897,30252252578531166e-26
23342639069964245e-25,2110702534945998e-24,34998298012577337e-25,21136699951924236e-25,0.9999992873135138,662480040477193e-21,24702465510764167e-25,4465602541784874e-24,3073276702724535e-23,24793463084000747e-25
2583712339867018e-24,0.6878339527492827,0.15570767500453617,0.05268032781162024,31360307072636794e-24,9693603826916126e-24,6376214347515904e-24,12983394610023058e-24,0.10377796678731173,14650011117132324e-24
5618483252028485e-23,6591001550525085e-24,988646375873906e-23,7858100443621895e-24,6614728707308812e-24,13307182113552591e-24,4291192669599016e-24,0.9994230384935207,0.0005768477359943966,9037105482558105e-24
52702651721398054e-25,716973711749498e-22,14144507440635379e-22,7603657871283795e-22,0.1764922695501916,1387124703623801e-22,15908009615780525e-23,0.7119822976503886,0.11152265386798316,22935470223494016e-23
0.004770554173569742,2051662883671038e-21,32839424135050976e-22,0.995203865925413,5065716395005244e-21,483463490617713e-21,8527149189855668e-22,7348350579255722e-22,11093051891146857e-21,20145143066924193e-22
13451868774026485e-25,11485868458699645e-23,23543215982005544e-22,0.38453684525974835,26451333707868557e-21,0.5404235787151405,6812045696521283e-23,512539939259498e-21,0.07500913425796746,9392475920813014e-22
3730376204836705e-23,5459148425949069e-24,0.806121056727801,19118633150711553e-24,0.1692106410608453,27113122137100237e-25,3731878481260352e-24,4820284012809339e-24,0.02466822578005662,3286310633951409e-24
27632982203842007e-25,6909828381245874e-24,4387689171705877e-22,0.14769524296907727,0.8523041891640206,26167165858237157e-24,797748313620794e-23,52245141842047236e-24,6966824993134919e-24,2606824246476451e-23
0.019026637160728194,7982370282434752e-23,0.3597369406318309,2888437009487265e-21,8447378655556578e-22,11687498794694457e-22,5939228622494129e-23,26511699771839823e-23,8878938252211626e-22,0.6212302280558738
30849030070453732e-25,1835673702782696e-22,39960003888406156e-23,8894669266074759e-24,0.9999951936105915,6880733017777381e-23,25403031468225226e-22,46522120092966534e-24,12089768081390137e-24,15435200993061906e-22
22204968852906534e-23,52248664793865886e-24,16736649125147887e-23,1786427100847483e-23,0.41458014494254547,0.3615432228522853,0.22386940790392829,17525666948141981e-23,6361530565567619e-21,2279850506834872e-22
5312827487663785e-24,1940386812616668e-23,897773850109391e-23,0.6707365774761459,15284145620967934e-25,0.2693523671988601,7165239781767122e-22,5582930675430778e-24,0.0599097118784607,5861167767508039e-22
4525472373756373e-24,3874729168781573e-23,4646861934575162e-24,0.6076324189192462,0.3923674680441775,10937863117707481e-24,5859304612419424e-24,37144364470380214e-24,4224934574922787e-24,6950510992324074e-24
0.004836411374637641,11976844239219114e-25,8196324268706272e-23,28343315249650278e-25,9575378150891847e-22,0.5888494895942094,6873981091205279e-25,0.10501487716057682,9801612110122026e-25,0.30129817666993247
14807637348156801e-25,8196212408861175e-24,1697384086090695e-22,5036122872637258e-23,0.993216897407512,11806156741984497e-24,9513007348745042e-24,0.006782776280303095,633845057885835e-23,6887818762695274e-23
12242879200925408e-23,4738513573852224e-23,1877233487543451e-22,3884399502756901e-22,52678621840304124e-24,0.7398772692620577,21886467702143632e-24,3914702425876335e-23,2607494823850974e-23,0.26012184497364355
1359333786734962e-23,19872922919767053e-23,9380923798138932e-23,3872451383361184e-23,0.36094680892325487,0.6340915198371536,6650705776454242e-23,14159557992749082e-24,0.004960967938006713,2777786257222864e-22
40152207323968545e-25,23860664031743304e-23,2590168989509274e-22,33289921699231144e-24,0.9999991998686882,16105496131598808e-24,30489360320375546e-24,39910929856639214e-24,5872532634129909e-24,17282431211973063e-23
1598453253417333e-20,9537254401610036e-24,10662701307319685e-24,13551399044562817e-24,12746786839197966e-24,3529199775928667e-23,6259539569607107e-24,0.9999838871890319,2788168983417432e-23,12347037122358727e-24
5529345752307752e-24,31963703873388426e-24,7945853953490649e-24,5672669010530519e-24,15073000105139793e-24,0.6907555225912334,7671812858691028e-24,0.30816485859930687,0.0010795291830269212,1577122025327883e-23
0.011474079595742906,1774662588382569e-25,1913398084524552e-24,2941313537863829e-24,0.32809834355959877,6970730482459306e-24,23478837577920545e-25,6416786256638867e-23,22106282822074717e-26,0.6604274981049639
0.001318699212861773,10927387243991911e-23,3415669767901488e-22,0.9986798459561442,18022272177270788e-23,48693319155769416e-24,15000394252321837e-23,8627889873349917e-23,4402411264890938e-22,9855059651668566e-23
22965927506023778e-24,0.027073544854272092,1289841173162147e-22,1357477702102848e-22,3153040943920889e-23,0.8513848482026326,6565240502073458e-22,2406582020565789e-22,0.12154034546930015,4506331860748073e-23
6838630799683383e-25,8882265809078917e-25,0.9939318147527105,25780335733260627e-24,12710157369228605e-25,34704951023934114e-26,9008553531342603e-25,9969876251716176e-25,0.00606815309408813,12848701817728744e-25
9650448952106886e-23,0.9999534408584436,12016566122906422e-21,10857414531151964e-21,7399566004089633e-22,2942866156992284e-22,3539693085789063e-21,2036403468924067e-21,16034246281608184e-21,9440723273231478e-22
0.0010790707024291657,16404743737951873e-24,3514582388874045e-23,3950678023328953e-23,210081530203214e-22,11807702720739378e-24,24588229918200022e-24,0.9989052354998528,15522537429470665e-21,2279988222902401e-23
18694864550258982e-24,42957046066893904e-24,14810746766513304e-23,0.99999937939266,1241090508549397e-22,20452851124757316e-24,12969793656150297e-24,11633920769472645e-23,7696243077236691e-23,6001509640439579e-23
8921452458256121e-22,1485624342744622e-22,6405486908508982e-22,5692744383881513e-22,17557404034889374e-22,11872098589540133e-23,8859279141932369e-23,0.9999954054697495,326878856384898e-21,54067479287798907e-24
0.000949418565427982,1329453072066049e-23,9739874692877817e-24,0.9329910735331514,13131019569538864e-24,0.00021882801835312936,16296411211390837e-24,7460771077077655e-24,0.06584060571731358,1424328831601498e-23
8239538225227897e-23,15857689821778446e-23,1463817696634279e-22,0.6582283573986086,0.341771052068433,11319737729832984e-24,14406936119022433e-24,8620168877192176e-23,4017842391141862e-23,5107215006567838e-23
6388846206656828e-20,2818582228012166e-22,3585382942390963e-21,0.9998596567470998,6319615902127989e-20,6695402451376084e-22,1787496669351545e-22,581484448116198e-20,24085563797856323e-22,3196998147377625e-22
0.0015916482370469812,2064582265112997e-24,0.1822505125809267,0.25584464018862363,1997858995021972e-21,23717088637071e-22,26296143441550054e-25,0.49449032342639443,14216385913411478e-24,0.06582085642576306
14468191425167858e-25,17753950095952374e-25,2313564398806019e-24,0.36522694585777077,14453510919898101e-25,1962218841862903e-23,0.2966041324939444,19213921785432043e-24,0.338168874106646,17243993470428948e-25
27799959846735524e-24,6328601360835777e-21,0.0025804534795898612,0.8650663895782447,2087265955730507e-20,6459218352733223e-22,9098936325731862e-23,43001265355473745e-23,0.13232465962878037,1013286372754333e-22
12933783819304253e-23,6449291627017603e-23,0.9485045578194458,4922722551286365e-21,20776749650707398e-23,6264603587346772e-23,37956827192481046e-24,23285144628120597e-23,0.05148972858786719,55817568644878514e-24
8056289576981246e-25,0.9681619653201486,18175136169158926e-23,3041126749248299e-23,24778409861285846e-23,7667862408668299e-23,4893568887748969e-23,21950886462913633e-24,0.031837414812082764,11550194977157674e-24
13896285967538563e-25,0.322697895406788,35438735736826268e-25,21595718821003496e-25,12123802293233358e-24,137219038806772e-23,17683821037919442e-23,0.6316290645939167,0.045672452840638283,3897313800362912e-22
28402448655944593e-24,11105381201621783e-21,1548813125673455e-20,0.5970973249173999,4739367577975472e-21,38318601431131296e-24,0.20643848688050842,2389011134098288e-20,0.1964087362121114,16227756183809854e-23
3245545715102215e-21,23808254827230053e-23,18179786474725605e-23,0.9999914197737335,23229841126362901e-23,19601085626905348e-23,8649036687343583e-23,12892435242384833e-23,4127886723254476e-21,1431894037054138e-22
9661396707407894e-23,4040278322406926e-23,2890057777121959e-22,5908123282076448e-23,13448939635365135e-22,4529064155789781e-23,779956619921941e-22,0.999997490628736,5189667539305945e-22,37120803221559975e-24
33637096847364454e-26,38282335344869995e-23,3860822184669295e-24,30784658390270434e-25,1764716723944381e-23,0.6992884175332786,0.0971687453297629,5985950325138839e-24,0.20354239805712426,25347691756850998e-24
18342244021045774e-23,10063661496798542e-22,7072105875768987e-22,4553003251520441e-22,10081596065101327e-22,10794797737547887e-22,6010743653054822e-22,0.9024871369129112,0.09750710903702561,7130368458062511e-22
29736669306768367e-25,3474613731703379e-24,15687975248292108e-24,20907312102047714e-24,13281640126017794e-24,7067195383925349e-24,22951363983144602e-24,0.9999998957952738,11125569152477987e-24,6735499907178505e-24
6611599630648976e-22,20374826387071396e-23,6450150513117275e-23,0.5603088218835163,0.439681127305286,1948530151320004e-21,7383106173841185e-23,5783804145325966e-21,11194903381260494e-22,195745768574278e-21
69340933225936044e-22,360414021072276e-22,3517296658434074e-23,0.9999924258760152,1379833436400997e-22,29049349790034565e-24,34799719629036075e-24,9761795367086993e-23,23496257473382705e-23,344033318604501e-22
11136681455342948e-23,10301639714554932e-24,14312469435355207e-24,7867786162776223e-24,3036936836907106e-23,9257826390548079e-24,10556264429589212e-24,0.999999789417901,8038833844277357e-24,850531713454496e-23
6777422235706301e-24,38820449573070464e-24,19984357604261334e-24,9868406810306985e-24,2836001453513196e-23,6809686300272767e-24,4071033472719335e-23,0.9999988850355798,8329481927369653e-22,13068853145088883e-23
4811252079547322e-25,11900319898596087e-25,5469307467597159e-25,5539516850337869e-25,40989237026016126e-26,1365290605332173e-24,0.13663456659923076,0.7406158244708847,0.12274960375797452,6246872856336057e-25
9970085134161012e-23,8614247829228393e-23,11469921288733844e-24,5804031721681129e-24,26691361498103604e-24,64070939449628e-20,10433875832738692e-21,0.9438280288122285,0.05616061718755633,49606341592290145e-24
15071664696737174e-24,15656352959338754e-24,14587717056166608e-24,799282716089546e-23,10470171287043515e-24,1871824369486606e-23,19538565382522985e-24,0.8370926543532606,0.1629072300165962,13594637396277499e-24
12295982311539386e-22,719755366907257e-22,14530687372703306e-23,7555463932904777e-23,8692781622885643e-21,39237986198626115e-24,1112876456352212e-22,0.999975245969548,14349363763373887e-21,38926158061597816e-24
4553660439232438e-23,10309498031306032e-23,1095735108677916e-22,689847583512337e-22,9145399393905676e-23,9220292621613161e-22,20833832394333845e-22,0.5680619527979157,0.4319343679623226,25518341563661174e-23
680476266052749e-22,21464276999955693e-23,17843221621900482e-23,4833004209006058e-23,10067833143677951e-23,0.9999287558823251,5157854015238528e-23,24691961580236115e-24,527896873965946e-22,7050492648476718e-20
1966671817324644e-22,25751796995384424e-25,31015868771945574e-25,2056299108051269e-24,3234421561193073e-24,27173565852728805e-25,6005246628781221e-24,0.9999991805435237,5992376838633818e-22,3861627347152796e-24
5190124219148291e-24,4581394137182663e-23,4801381066615905e-23,8346623099505929e-22,10368261087560388e-23,7689816485800842e-23,55009636406571153e-24,0.9999987378886622,4833588963518104e-23,44504840893703426e-24
3053627663300352e-23,24340361778527603e-24,18975659244379333e-24,2558712734673558e-23,1876685628460812e-23,0.03671002848436264,25278301900209897e-24,0.9632897373726135,5852892029119033e-23,3212953416787752e-23
1828734297570833e-24,28488253193620368e-24,3011589678512843e-23,368218031753684e-22,0.9999998408760791,1358472549742668e-23,15559325506019205e-24,8351301520887346e-24,5638614930624122e-24,1873527283076166e-23
14927578217684319e-21,28663477944419834e-22,10806310337427069e-23,0.7119528859921667,16871017351864552e-22,0.2879960170532993,1272696673634117e-22,13990191214122914e-23,29730648497518155e-21,15100436823491243e-22
11562835343129397e-23,6285764246788042e-22,0.9999984882671752,31389241919320753e-23,15217243544436173e-23,38049283269247276e-24,6650747139347453e-23,1454398322578544e-22,26555445108846716e-24,2491250083005376e-23
9310801412056464e-21,0.9999418207188316,9330486454810858e-22,2810843873895446e-22,7018521843607647e-21,3692274221635329e-20,2141365334026037e-21,8032354997349689e-22,9884058713692637e-23,6696439097024957e-22
1061624565227521e-23,3267339904144677e-22,383602499109029e-22,16379811051309392e-24,53455462673228364e-24,7091600809622526e-23,498438270644358e-22,0.9999992194599346,7259033428231427e-23,14164414429548733e-23
28778782284635336e-24,39412659008899925e-24,12405605907040227e-23,10152012335992191e-23,0.9999994722863443,54942565946215583e-24,3421504067648976e-23,10227613555219488e-23,344666780498653e-22,8047403002142875e-24
36409426768329384e-25,7861527510749524e-24,7512973254659561e-24,6693958117051314e-24,0.999993907386998,6034371846575059e-21,11328746642756854e-24,9139699261272288e-24,6270604327066188e-24,5792872576624442e-24
41832610044444784e-25,22841369936503917e-24,27892275105809934e-24,888745922033472e-23,0.9999989238434579,10891441273951258e-24,9958204158225168e-24,2161165261332126e-22,7638429611680258e-22,11542600155451963e-24
7046225096703377e-25,0.990316256897313,7376721200805461e-23,8696444935055266e-23,36952752471750655e-25,4518686890691072e-23,0.009683512368516682,16513504202761316e-25,13342545941659974e-24,5421464597827471e-24
2200547690579768e-23,41562686103033364e-24,3449910951024576e-23,14366352884883413e-24,0.4994252417747159,0.5005745032692002,40378553690380186e-24,5111157400579974e-23,25516144343257876e-24,25516185635640676e-24
33308768300579847e-25,22239002030346536e-24,9908845349816544e-25,6051056746062306e-24,13619181760189893e-24,3111280247768845e-24,8493043231864211e-25,0.9999999460363518,2903745721469246e-24,8686045083361348e-25
4110965904260348e-24,10626028483324612e-24,4963072085226479e-24,3984197814797124e-24,1701692692149849e-21,799621555370913e-23,3920349971924006e-24,0.9999982549166994,36374361629781294e-25,4152322726212323e-24
12578183033158823e-24,0.999998874808978,5172072606787565e-22,7406629632201851e-23,2142726715925111e-22,4030257230934774e-24,9264747667140832e-23,1908866385129294e-23,7044171354324542e-23,1208584997440195e-22
33874179925803885e-24,15567058249644937e-24,24826703677707027e-24,4798816085249602e-24,25302596951933553e-24,3619888569500411e-23,14332461597597739e-24,0.9999998206172913,1050520144347414e-23,13976799307588228e-24
5730099178913754e-23,13810324093055597e-24,13040142955669752e-24,0.8965175385175265,8895670781686115e-24,7325582234413777e-20,355056071471881e-22,3374961560728534e-23,0.10340903746687846,58898881751626225e-25
11550625874970734e-23,36498659859904883e-22,3008760148784666e-22,2407325600826469e-22,7382300858467197e-23,0.3179541070999607,0.3269028103149138,0.00027066659537944944,0.354867972167316,6301841914028356e-23
0.022392369295523424,2779262744330637e-22,3382147340296658e-23,41552704755844604e-26,26367836921739028e-25,2444261798868523e-24,0.7876927939918965,5334230117383457e-25,0.1899121119988034,2406936049094132e-21
32662208514128477e-24,6041986497961855e-22,19821907914533866e-23,33991008558231013e-23,0.9999967965570948,1643373505425383e-22,5081523878202794e-23,14235403999216524e-22,3662954352653904e-22,2346661186965529e-23
16792392425668293e-24,1748972464368702e-22,23027834698555082e-23,12880479685445967e-23,0.999998070092386,830447950343006e-22,18916514242340848e-24,11160161979542506e-22,12391581066502225e-23,3724303098099555e-23
30087666683297935e-24,0.024264575445439876,41086329924894635e-24,4999345135654736e-23,0.13439343529314465,0.8413417385593481,42607395321488016e-24,15384983546854476e-24,4133386797665778e-23,30207944989970105e-24
0.009059259026777558,10514426629791737e-23,10686330272990283e-23,13757628692571272e-23,2372955961778075e-23,8094357929507497e-23,0.20739408924679895,10920527979111004e-23,0.43555719128497444,0.34798889697917507
5169578673018059e-24,549125574471836e-23,4257204611797471e-24,7433753270625728e-25,0.9999996174246105,11635272660167575e-23,3600934693952363e-23,9764494444961507e-24,17720919337002594e-23,2757821754285353e-23
11418323493307612e-23,13022177946896652e-23,31783401046386825e-23,19529414095185516e-22,4696350192998784e-22,6406543212666164e-22,14819487337706719e-22,0.5511915765416456,0.44880299673088053,3193089656491713e-22
6155900126481417e-24,3468434024876282e-22,30653917554385446e-23,25526064450841954e-23,5136274409042578e-22,12188072427834058e-22,4083006520264966e-20,0.7645809317841021,0.23537454780555495,10431113335771045e-22
12596513414437313e-23,1266202060019721e-22,16056779639860284e-23,10534343267100344e-23,0.9999811921800079,2579274959855551e-22,15393518376544023e-23,17588411831039972e-21,1559934502772527e-22,1330554683438924e-22
3692834941798322e-23,9939912503087248e-24,124347345840079e-22,17784622052339605e-22,21936575125427534e-24,8017665466603768e-24,0.06336849188428421,0.5567838966502965,0.3798457266661625,17079936882505553e-24
27056199421777298e-24,11100501542513172e-23,3667915730209699e-23,0.9137118909739677,4025095363609801e-24,33292006577617384e-23,19587260264529215e-23,13774540056241753e-24,0.08628714390942226,2437839367125646e-22
25048500960555794e-24,11579653350610876e-24,13063768130108287e-24,3468494372544098e-23,12392260541467768e-24,0.999999819757696,9136208569426166e-24,1221145309202044e-23,4921161795021309e-23,12913893251503365e-24
20572626370546873e-23,12211069969300537e-23,11849757687476011e-24,0.9999982077352693,509385354386061e-23,48691276536830143e-24,11507436182755664e-23,8944658791577897e-24,11818856698693246e-22,9288795813747798e-23
9446019412358861e-23,5536106430292777e-24,5122184047719781e-24,0.9999997099593663,27963882640046665e-25,5599795910125446e-24,17166089524600907e-24,45855473645220616e-25,1378135146507855e-22,16960747595766183e-24
1914028418240765e-23,7037782722870551e-24,1871881527261962e-23,236124725528723e-20,0.9999969562701805,1421398248104577e-23,4807962574354551e-22,19202117336627238e-24,16965530055859613e-24,10640785779681438e-23
9740109825490458e-23,38113619542435394e-24,10570147085868546e-23,0.1773126448266661,6678818734311693e-23,0.03721057233370342,41497213890666264e-24,0.7234890299238703,0.061987354886923716,4852722126171825e-23
7883363786670948e-25,26968631467372116e-23,27985082123438894e-24,0.9999994007511401,15536565362108358e-25,5256839099767868e-25,6306774764506368e-24,14331912085692703e-24,27718487628257465e-25,2752992437080429e-22
28852366241240577e-23,31243394244316124e-23,990124395166426e-21,3836455359080651e-23,0.9999730664699864,58003071804858475e-22,18226538032125723e-21,6376356988887165e-22,9869895561160661e-23,5409059801069489e-22
0.030027228480509868,23660131090459145e-24,10465209525179831e-24,6471347723186981e-24,4530906922388227e-22,598268483590553e-23,0.9699721895220421,6694081578092338e-23,6592040964456843e-24,8794524125552904e-24
2124071105737434e-23,3075828604592297e-23,27569898073001407e-24,0.22191600768975228,29933743282231974e-23,0.6845756238350514,2581513400640184e-22,12564658967658663e-24,0.09350766144098041,57412226157090986e-24
8180713550490835e-23,0.9999999037618582,782121504472897e-23,1288391962253597e-24,2138216894362849e-24,3932558731728828e-25,4741290373613997e-25,5701978539449527e-25,5199027754488158e-25,12259974299870278e-25
0.00433584771052672,12683821768597863e-25,14273459471231159e-25,0.2902835729160314,12656052005466502e-25,6978745602667695e-25,0.36895231878107176,404110217504376e-23,0.3364282504088369,14831522585410667e-25
12101614955582373e-24,9351272926292356e-23,65440889582588334e-25,22736632149296732e-25,33864638411199075e-25,0.9008198185944614,22075946704898296e-25,208001707824474e-22,0.09918003838522453,21939904358308042e-25
26744734112312097e-23,22696222691154643e-23,21118300079226008e-23,16115741998319988e-23,11194182440825587e-23,6199959111680129e-22,1668957273729508e-20,0.7458645184125692,0.2541073944567987,9798870143811725e-21
8627895343695723e-25,7829846108572533e-23,29495410534281326e-25,1727840451259805e-24,9915529741042239e-25,29364319725173065e-25,16522436883349445e-22,10022422276000007e-24,0.9999982470538807,2913600500375968e-24
24413793718474498e-24,12903855146780868e-24,16005764458129733e-24,0.9999979665009827,18425590008752187e-24,1666984670686707e-22,744424190230239e-22,16626761496945608e-24,16764481528795638e-22,27534729625020256e-24
19199380025610302e-25,54391595621990135e-25,13132435285159484e-25,10373548388297481e-24,0.9999181961838856,6133542625898255e-25,8177889885732297e-20,12371018402917182e-25,16707464308792993e-25,235061709645232e-23
8599363461046418e-25,7164755201804796e-21,20746449134173664e-22,0.7000753640957702,3413813353965574e-22,0.2999146240477025,25634080601066e-20,45679487868054116e-24,17257600952166938e-24,11093724579497193e-23
5596381261236583e-22,0.999998480736932,15354476606266507e-23,35007674884305595e-23,7809755647742718e-23,978299415423078e-22,6665961245566127e-23,6957451128268261e-23,9312610431831783e-23,50715636618594586e-24
19214253387699494e-23,16124369668705206e-22,7633093903083206e-22,0.9999759832016075,334760938521925e-21,18127873719665107e-21,22120357424100927e-23,11385437198412387e-22,11717722824208068e-22,4547552661343936e-22
25770509317902146e-23,0.4409510282496905,1638717473942734e-21,7627765509430956e-22,18911572728308934e-22,28058306302319937e-23,8657524586359488e-22,15957958652648905e-21,0.5590267460996887,5710000183830863e-22
13210982584137836e-25,17918059601243265e-25,13008205047551295e-25,0.26958683423833035,3630720749012252e-25,28025374942070244e-25,6134683569747408e-25,17371112677537797e-26,0.7304131568905101,5046277845676408e-25
0.01537844366809,9489631238427889e-23,15541321760748172e-24,0.9020988265917442,1169795594911522e-24,0.08252052391693221,15146920863645102e-22,15797749717805065e-25,5566119056624182e-22,21331994100084378e-24
