6007918588825737e-25,5959441805398065e-24,0.2510395211712216,0.17722754431207474,11814641042802037e-24,0.19945203580617613,11953575138324055e-24,0.2587787241992137,0.11350213942126096,476157601102806e-23
3656733688380017e-25,3767235950101033e-23,6877379331972354e-22,0.22306264064919004,23549408003013014e-22,12731325426980283e-23,2947291094754656e-22,0.6639596766992274,0.1129741560268472,23865468998626685e-24
938962050400785e-24,4198100054975494e-23,0.43046389042181243,0.40357906088993073,3012157976380166e-20,13235891490253085e-24,6708315841803884e-24,3239279189950786e-23,0.16592681919045174,12661302396767407e-24
8331039801356723e-24,25992225400449365e-24,0.5364773452614242,0.316292035657215,3241647955751025e-23,13369077593752466e-24,10491056149753538e-24,0.011453742102320674,0.1357767778314524,8547724104763695e-24
2953680746822473e-24,9590457443102735e-23,0.07448145535746355,0.14505670872171164,0.7791905106620358,26547693838694668e-24,3260734327660981e-23,0.001271109997252623,38265788874608216e-24,1898275617976254e-23
2557436412371265e-25,0.4271790404238178,15324007897609804e-23,6448983778772261e-22,0.5728177229074723,6568852429485848e-22,23691330153373513e-24,13265813386543544e-24,15580447882762174e-22,18638741744409415e-23
18778866096952413e-22,2538954134451285e-21,0.53139730431815,0.33997155269156526,5097336067283386e-21,25147452457543897e-24,13124549026546706e-21,3134774452198445e-23,0.12860842862102329,1914855804013147e-23
12721807001547363e-24,16102338412505262e-22,30835511271076895e-22,0.7774545405412148,0.013348345708609634,28555080030927815e-23,8529344631927299e-23,0.07817667429672424,0.1310153369127037,25189389626910478e-24
6355565085096334e-26,5669570442291884e-24,5971137742001516e-24,0.821329343551279,16594556787551982e-24,0.027930392669627532,6856016061397249e-25,20555027432789162e-25,0.15074023235700643,3795672834493587e-25
2142470106752329e-24,2299454865452854e-23,6444108347471975e-23,0.4402671593761304,0.4495573083849352,0.06158824941790272,508412010492723e-19,25437124645539275e-24,0.048536296993974826,29610910734118304e-24
28631994481452754e-25,7962877487168794e-23,3362839869508212e-23,0.6248607825662724,0.0637588905301766,0.22237846603528297,0.022719678212149208,3418029722930034e-24,0.0662820619337046,11840070526965784e-25
7924383016590303e-25,0.09289250458377742,5447060111658758e-22,0.23595161209899765,0.6711531677130764,8607926231862972e-24,10409013959503501e-23,33549703925436726e-24,12561600475216585e-22,7676978840505179e-22
29541876732679754e-25,31155647973720285e-23,0.5687080564432085,0.29530157727249373,17086351008105621e-22,5771801971000044e-22,10138051831830916e-23,7772898738674193e-23,0.13598755264585338,34203361170956e-21
10226832865886723e-24,13001476829063724e-21,0.13752737286175953,0.17995767391658166,0.68250113046742,20714693673425274e-23,842961766621561e-22,5186390054454786e-23,3431968526804695e-22,12454677205908468e-23
7145850275860723e-25,0.19991878500393112,16533644611132134e-24,0.555032206440315,0.17234985458223226,3091692489655098e-24,5930046820684355e-24,1072707277851507e-23,0.07269911418626938,27902037539192542e-25
24377120127493142e-24,26616805722938913e-22,5091746893555805e-21,0.3974126782446028,0.6025664006875113,13206369303430204e-22,2272956461740885e-21,6717117894379578e-21,9109543714171071e-22,2098323831134413e-21
2000300989800292e-24,2319466212366081e-23,36261574091739105e-25,0.9154571204521758,9309022075950448e-24,2350831157063676e-24,1192475411331157e-24,2371858370781262e-24,0.08454283065859523,48391305280303565e-25
35262276544354674e-26,27237836936327853e-25,0.047889627253917516,0.03715367076863188,5854098893943395e-24,0.7899901412464927,7227642400467978e-24,1927974163576271e-24,0.05700556053919999,0.0679609821058056
9966239822659692e-25,1703110255443993e-22,1534290937186977e-20,0.47189221874065895,20554239398359156e-22,0.30906188494560677,17797255874175807e-23,0.1117306231670138,0.10729748397971328,4155412747981047e-23
2313214408678765e-24,16958686755729516e-22,8694945758399027e-21,0.2773323120902935,0.7226549915405477,20719949592896409e-23,700480449619352e-22,51481135231233876e-24,3499879538539088e-23,193951397631062e-20
5342149427925477e-25,7629267342512549e-23,494585608050732e-22,0.9051563309572886,10450892042205059e-23,19115971782429697e-23,10352456772654354e-23,3454287497883996e-23,0.09484306625649723,4276627904090055e-23
5581980733021194e-24,0.2151881060166424,3083012799160961e-21,3680644752766347e-20,0.7847672961987662,32290214444569403e-23,2219237110356043e-21,6749504176336698e-22,1578661540583634e-22,132778688333133e-20
34440224202945446e-26,1671528106303799e-22,431254573756944e-22,0.6262479983302807,21932629551162805e-22,0.24082806580050767,9389968783962434e-24,18940991243040333e-24,0.13292149850547208,51470388517724095e-25
4025532343760819e-24,17799027626595102e-24,0.721776418320404,433554253285343e-22,14794206675707241e-22,12692944626117889e-24,1937244688685137e-23,0.13881637566177754,0.1394056157740513,13577961337666179e-24
1332207650779962e-25,1994271521996932e-24,0.3841758623426286,12109455977018684e-23,0.600941342626811,11900260860787096e-25,7810622330213821e-23,2277603509576926e-24,0.014882584311327182,59233524218938654e-25
4155478589493467e-24,3689478809254707e-23,0.6660628101195715,1316962910565977e-22,0.1749811448686142,7441816600752045e-23,21458381907816488e-23,0.04919008162416324,0.1097654826010215,19038118922194223e-24
26253447816481133e-25,0.16617713815483853,7312759836578707e-21,0.5236720229131263,0.221100133843449,464233866439285e-21,3267263009501396e-23,18424033361775866e-23,0.08904260060549651,10794973655435287e-23
998321941088236e-25,6030146556174095e-25,10874960755604428e-24,12488913602463911e-25,0.378693919457004,21392693567957068e-24,11911478388841268e-21,0.6110189494944349,0.010275183109923246,22412200341358685e-25
27077927832545636e-26,11490656523260839e-25,18499258820361726e-25,0.23736412381781716,0.762635867770615,876984836598433e-24,14472059303388416e-25,2653357399282e-21,8852880226531154e-26,7595782678009306e-26
747917612215269e-25,5767142587082962e-23,0.07635577752171226,5262821514609747e-25,69032117595673e-23,0.33667136611150866,2597625233897915e-22,0.5249945081046753,0.06197802507863733,44591114731986e-22
26905550102482826e-25,16029493458052838e-24,0.5898771530353681,0.006689618025797586,20210632753066758e-24,18212013630745588e-24,10506145905812998e-23,0.25444808276751874,0.1489849667976201,17170444474520738e-24
944060994352634e-23,0.17175620137676723,0.12262720683125673,0.4255322442143534,286786821549402e-20,0.1771343311002172,14114064388769533e-23,4885133163289166e-21,0.10294202956832395,833264442927047e-22
13912679790379398e-27,8255654279520773e-26,1729284955623424e-25,0.40208185889669906,1407578738367649e-25,6724906539762152e-26,0.011038564727871522,0.4687172689471694,0.11816230667145908,2796287582998243e-25
2642009259063584e-25,2152003869070056e-24,0.05232563206230214,0.15221815013753365,422827825639377e-23,9114099454049635e-22,0.36967259125477403,0.24718438825670158,0.17859831974704748,4871462168411975e-25
4304744540887823e-24,775699060991103e-22,6863061774550362e-23,0.2725369555227646,15397896620699828e-24,0.5967000412249228,0.04550115775553785,0.02715870183015356,0.0581029709233397,6840113154145679e-24
11305509220329272e-25,0.16315291195929169,6582018165583725e-21,0.08217955440443978,0.754659339866412,4170274244650638e-23,4397218149720345e-23,3304497259595696e-22,7360575527689088e-22,45843857631595085e-23
22771206410803264e-26,0.019375091509305276,32784460121561567e-22,0.8367622710588183,4915711560775329e-22,8731613618776185e-22,450725180372654e-21,6738504776276576e-23,0.14385739408434056,8182731075892334e-23
8688609929920267e-24,3698948840397028e-23,35795903085795084e-24,9635413625372166e-23,58825658929437206e-24,0.9999973404346241,18718341289849383e-24,2361839336776749e-23,23652356483445924e-22,1535923424402545e-23
9287192236124708e-26,0.16431668237488947,21332112780756033e-23,0.11554294189329625,0.4936676884535968,0.22647232448526008,13355940799356194e-25,432710808998166e-22,9275362330585582e-23,1201875610683117e-23
3941102313476681e-24,0.05289782813095305,0.4016457041858659,4104414359297057e-23,0.25526052106703523,7030046930342064e-24,11894740890601147e-24,0.1903929700127979,0.09980290650711136,6186506116897316e-24
5928723214023931e-24,2799124267889978e-21,12708442933208027e-22,8630745949161188e-23,0.41518272854628474,0.5848119485184893,11797560227755678e-23,8080067274281271e-22,40752821659412814e-24,19399535773087096e-23
18183777477922642e-25,57851576048391156e-24,5119705475982264e-23,3344014931652324e-23,0.9999993192260095,17459472306611537e-24,9291688828635667e-23,24221357875658456e-24,6643531747547564e-24,3952253254829405e-22
1794213021642938e-26,9094178677227282e-24,5663675611227197e-23,8738094694066201e-25,0.984220840299651,9558296683668743e-25,4713997814683297e-24,0.015779079961735065,3230753875227882e-25,7123534406359638e-24
1380134979174939e-25,6199996334641287e-25,41606535292471006e-26,0.22199505494171975,0.3551361962776806,0.4188250130981124,2809082991484519e-25,30276021974722947e-26,0.004043733625194671,30163763169983263e-26
6495447133915176e-24,17915910504294722e-23,5897098695646677e-23,6192421098343972e-23,20321134381758111e-23,0.9999994617211057,4349740027358353e-24,16151821635189012e-24,6901898792483366e-24,11121220860885076e-25
29613338326570483e-24,7910617117511224e-22,38972756707811405e-22,0.91361559935226,6746002746564254e-22,31361953994362604e-23,8390453241171114e-22,7117417015711401e-22,0.0863766523120264,491376540773568e-21
39329429606085926e-25,3537115586660026e-22,0.04730322098136426,0.45675318986765007,50975679676648875e-22,8412925876585837e-22,0.22102356421183514,0.1349263200263114,0.13998736999285352,3841492694168549e-23
0.005039252464411482,2113668288918652e-23,6359223000793445e-22,0.971354785547197,16727372111084408e-24,12676290483055771e-24,13517677477924538e-24,8898345425785596e-24,4539921673482308e-20,0.023559853893137077
55442849567268575e-25,0.06017581616142934,4833302374305748e-22,0.06585804984028079,0.7847167783332233,0.08924544010786097,8505916568416006e-23,8482193700947936e-23,31779348194978604e-22,7886677967091074e-23
288755900331111e-23,9814413366000238e-23,22962690919299517e-23,3757496310098915e-23,0.9955053849763461,39532628116410016e-24,0.004493789407347227,11830825550231596e-23,27272217332417343e-24,27226988914425766e-23
8831121851423666e-20,28424664482429723e-23,0.5924771445565808,0.24448729077216086,1624743878820814e-22,1788094483960347e-22,2638553029074582e-22,0.03516158177656917,0.12778470264641525,7966605138888961e-23
0.002698137418892997,32320493488799764e-25,0.6140586442062307,0.3096983121675904,10533318514203971e-23,2494948293160476e-23,6401959324690558e-24,38888143823730353e-23,0.07354432843120799,48977975220566406e-24
0.002782937489707286,0.15324819810228896,358686627425132e-21,0.6053161163123715,44155306845197565e-24,5152695760391715e-24,474779777582918e-23,13244359272350073e-24,0.0786759430936635,0.15997637901518247
5295755898779345e-26,2715354622701174e-22,12170582406105611e-22,1390566197273464e-23,0.9999984176183623,470222459459271e-24,60911085355598e-21,6269734183776861e-25,5212320679560358e-25,17299625995778136e-24
14583005901942197e-25,6873176770620129e-23,33848986970030485e-24,6416708487488319e-23,0.8468264424760882,0.15304542274863722,11445987259538939e-23,19138691869330477e-22,0.00012588977940034674,4846070382767196e-23
26656682220717267e-27,7649978141194311e-23,27626661615195038e-24,0.16993330941921195,0.05509241595825435,0.07683699518944037,2694763736104321e-25,0.6118185240303231,0.08631865083717644,1428043393529972e-25
0.0004957058547539022,4743272356812288e-23,18137527681547973e-22,0.5426958967988357,451668374774834e-20,22681439422041515e-24,5333945002121146e-24,0.4251680082178571,0.03163397590097057,7342948516921092e-24
12361711136131865e-24,22850288489832392e-24,0.16042340411687459,0.0005331015127879562,0.22091940021163195,3699891558990818e-23,8022933999342272e-23,0.5352583571832049,0.08286553742626081,47109022757830626e-24
8123097771714494e-24,1493158132935607e-23,1215308904497661e-22,0.6450558527920743,10648398087749461e-22,11280337594443489e-23,18408418216928355e-23,0.22531384901304982,0.129628755694367,3618760676162991e-23
3986133314207568e-26,16247296514905876e-26,0.046972080079274024,0.37084217771422917,5756194104727579e-25,349823705046511e-22,5306491966699136e-26,0.5409939357609418,0.04119177048900591,143212014083081e-24
5778256488504593e-25,3256566042936005e-20,35840260633349113e-21,0.09613581150182428,0.9037868205956069,8864389203487667e-21,3681743883917013e-23,2402241463925588e-24,8368216320006543e-24,4942671176227183e-23
6056247817562145e-25,9873363705782228e-25,35682528517031715e-24,0.0791210700295644,0.8904537540750945,41877616049149054e-26,11835289634831458e-25,9709512603716308e-25,25636399926675397e-23,0.030424879682147254
33952517265158707e-26,0.03760599909702757,0.027033876374842548,0.7605403293941178,18997896917040736e-24,2683585559874309e-24,9259337570797656e-24,4851029240707008e-24,0.17481975636789718,2634736477359276e-24
29571034807859144e-26,8873538780572564e-24,3972629070901709e-24,4930157663308295e-24,0.7790446741679231,0.22093116169437238,13670747057561619e-24,2366418132712543e-24,24078772092254076e-21,5125664408096528e-23
21724157737582494e-25,28948041819677597e-24,8585226734488757e-23,16857812972183844e-22,0.863340011118982,16094819068942372e-24,12760310948521968e-24,0.1358296618948531,0.0008284760977184795,19279231793326573e-24
9828250359835707e-24,2312851600708012e-22,2557796664886181e-22,0.875494997476142,2226785623979639e-22,56629288146842985e-24,10041186191685535e-23,4367458982937681e-22,0.12450359058673487,9857814342710672e-23
33319239852660545e-25,41112044239442265e-23,6996272440124323e-23,0.13369610112413657,0.8261978928677811,18952486474476802e-23,1090898619549507e-20,4951880413962891e-23,0.04009369097605443,6825887515589451e-22
6189376280715307e-24,0.0026248144140004434,15975799977820372e-24,0.7529160169882058,0.15356230346417854,693799858634661e-23,7093111091921678e-24,6436799330733222e-24,0.09089680331145304,19189745352207992e-24
9924194923090227e-24,3601973711935363e-23,28419331402611016e-24,18359890883394945e-24,0.8792420049701867,33202948374586743e-23,0.0814012261140686,12972685234874925e-23,0.03935603360588113,18083037276189045e-23
2616055713520257e-24,0.12727587459426093,0.13843479915373458,0.5915684338435708,25186347799869197e-23,10382440952302073e-23,11127483445386837e-23,11485247863231396e-23,0.1427202719861978,3599128604445805e-23
19167986543785476e-25,8357127940562086e-24,25217250785274472e-24,0.2315847123997102,0.765019314118518,9447823510808747e-24,11272573785560951e-24,69961739511791115e-25,0.0033958781493563183,3212454455082696e-23
17688764000091282e-24,14709491725759836e-23,0.3197109582083603,13065432596334858e-23,0.4588837840616084,0.16770283073571218,16102202661879575e-23,6253054824196696e-23,0.05370180342777289,10457595157841285e-23
13117434493092774e-25,0.08174994035665972,22942785601836657e-23,7778042952963134e-23,0.8877692180984368,5422218763885888e-22,1029644649613298e-21,1992976536545983e-20,0.030457862075204536,11693177785696388e-22
939337757528339e-24,5587610318457238e-24,33805251135803947e-25,25937450606887594e-25,0.9869035404589585,0.013096300085336627,3839308395741713e-24,35457613079141357e-25,13580070043214688e-23,37685076232452665e-25
152438974288116e-22,5512727521308064e-21,140353791546303e-21,0.4388850189778102,0.4774880623439368,0.021335380566869233,1059628880351172e-22,11174040940321803e-23,0.06228556140116904,9068125327652893e-23
7635277851120393e-25,263591403540276e-22,0.07198334847239622,15221578447751933e-25,0.9280086243273752,28646372937771365e-24,71082758952007e-22,6274552023698549e-23,7714825090451644e-21,18522736400876287e-23
21180562310948305e-24,21315697090151787e-23,10456898763166642e-23,0.7989337694091085,0.11467284837552506,6434876575596058e-23,41593610647694275e-24,38964294581462236e-24,0.08639257427972825,32412277647923073e-23
3455292438143189e-23,0.06832125444604349,0.2688942035288652,1858813109627709e-22,9726178832116952e-23,0.6061368360396421,4110952289176423e-23,27430946777043017e-24,0.056646966071212404,35597347187709226e-23
782926485873289e-23,8450615465193371e-22,0.01602690380839294,0.0025562507005067923,1278600200133864e-20,0.5792318447499532,4562035074529277e-23,0.3753093782672644,0.026861867260173596,7070246549753916e-23
9969278421811392e-24,58803429383347294e-24,5779129601765841e-23,0.8842053254238457,51665305406443665e-24,7942696002386182e-23,5601298180089597e-23,13138487359382007e-23,0.11579419617488572,3334685163907556e-23
10214372164508597e-26,37707774486337395e-26,2932467810323675e-24,7001239104969241e-24,6384698461455159e-24,0.9782556834440944,39169188739363254e-26,5575535893459426e-24,0.021744293577608553,21357126994625685e-26
27223582704161517e-25,11765937249238382e-24,0.18444146485952365,0.6655097868387585,21208918675396946e-23,0.03600215638703402,2342409717561007e-23,22658113806086353e-21,0.11402366020231634,235976879256627e-22
43000700605333e-22,8334022061385241e-23,5756941395065662e-22,0.3274449853362322,11191647098814682e-22,0.6284286522652801,19468110803399545e-23,45916341651805027e-23,0.044123742197095285,1838577225652111e-22
4481147091205439e-24,5115641737260845e-23,0.007295033341059748,0.3667740686666494,0.0433583748315081,0.2807476148291001,9756684492810245e-23,0.2011082473859633,0.10071639175042622,11599183112128204e-23
6160672717810855e-24,3059997389204465e-23,1384133075742314e-22,3060423474138116e-23,3805090160926733e-23,0.1680363597411857,871386903025455e-20,0.7251101178297152,0.10684454350736765,2121630152771641e-23
4770571008796532e-24,13150991416385648e-23,663252130886078e-21,22457202841122981e-23,0.9999888911459642,13872091964217383e-23,43617997730806355e-23,525289194518504e-21,8142883572057755e-21,8416756668461413e-22
520811741121389e-23,0.3266689479213853,0.40338208977931783,0.16350187305512862,931737589913318e-20,12189577393234582e-22,6709590643596521e-23,5021975214287958e-22,0.10643566246481401,31594416226056096e-23
6753985785877511e-22,2520830940478842e-22,15433810808352083e-22,5660703559221594e-22,3258502427101046e-22,8163740358112786e-21,15276476386324316e-24,0.9456143817948066,0.05437355814552381,5182598070909458e-22
13413174473550673e-25,17660575025807862e-24,11321793450919284e-22,8142422010879493e-21,0.5490618126221667,27527056961911867e-24,5837650481287548e-23,0.3989863644742271,0.05194228675216264,15664463946908282e-23
0.002112247223484237,10569683085704714e-22,25521758508591423e-22,0.9433886762273396,10118881246516073e-22,14180196221534792e-23,339318327292238e-21,23819823521518693e-23,0.05449276668730796,9695110665509014e-22
32368135047489574e-26,31549197406277968e-25,22035652442278526e-24,0.431667108084634,0.21388202422249272,0.2814476503735945,22494514315311732e-25,8547095733066956e-24,0.07300317459263352,6415845148380819e-24
24480036921647047e-25,4987002913143542e-24,0.5765256851760685,17981231776312915e-23,0.39983537179895007,10196753275770164e-24,6492947850689726e-24,49338134447855616e-25,0.023638701296888175,3285734525474857e-23
836484657888624e-23,25024084005384205e-24,4921127115056818e-22,0.19726328990238579,0.8027354344386388,3949598001604302e-23,3893802487264201e-23,29511800839603474e-23,22013281497665457e-23,15647251949212186e-23
0.004288730085578374,42315766054821856e-24,0.805627312134105,8172721370625746e-21,26867092378191977e-24,7975135703768693e-23,11740423619316107e-24,16647576360840987e-24,0.04949702479632959,0.14057858293918096
7989123605428963e-25,9335939757984415e-23,34638277588866183e-23,12349500840129163e-24,0.9999953670363424,3400527670073311e-23,24869087396071476e-22,4371735941118457e-23,20064422762526218e-25,16134352507502796e-22
27187992411455694e-26,14644169815946774e-25,0.05564559473758186,5142484571944148e-25,0.6898803945714027,0.11682179277208615,0.13765042325036234,22243552819776297e-24,1439089148117194e-21,33108558170672103e-23
16246107990095495e-24,7886216353162082e-23,58067335270178626e-24,0.6870193220001095,2494623987884563e-23,0.21705848142448278,37501852816454024e-21,39382027210572067e-24,0.09588307382774991,14033810761274333e-22
5374768103601471e-23,35715212511861074e-23,36267456830267765e-23,0.431877065073065,0.5681198526149123,4381287131084031e-22,32885999603741004e-23,3627371165206279e-22,7025299593654492e-22,47648186584149735e-23
2496096307381191e-22,8185081227327631e-23,7373456087874386e-20,13253937339649426e-22,0.40105723479458355,0.25215658603892666,30268031201236635e-24,0.16525835376843404,7223145839972747e-23,0.1814523314835104
3993234164383892e-26,4055876969700746e-25,920189953153309e-22,14308276786559642e-24,0.9158829430873632,6188492109751251e-25,1120356759137167e-24,0.08411692401846471,11002557296256261e-26,24272175901748708e-24
0.007476083136117363,5524327603688999e-24,8686201815830706e-23,6695933240218406e-21,11287793266599603e-24,0.5288338386841083,3124589844600699e-24,11798867621807156e-24,3897739288914505e-24,0.4636832597512132
14008207505938139e-25,3936939110036369e-22,20327567774998906e-23,10674353930270536e-24,0.7138683349431407,0.2659513769982799,18959233779152052e-23,4431447067533289e-24,1395725767894232e-22,0.020179345417464595
1052919424555637e-24,6457241551502082e-23,12686571965499727e-22,16857909174020367e-23,0.9999977161185684,5538231623731688e-24,24372397746536868e-24,5234099775453852e-23,3585617544609497e-24,6951824836076498e-22
0.002202977592928173,24833855272076557e-24,309510229594502e-22,44271734896016845e-24,5012611700092809e-23,9607014294254341e-22,14502294571237742e-24,0.9946411016602323,0.0031547570701465737,38290382577680384e-24
1432739717119357e-23,29901905298621306e-21,2832651328152945e-22,12377292149569682e-23,91864281513394e-19,0.4304788449238461,15070733234685521e-23,0.5246128032743672,0.04486850900667457,1824492241868381e-22
6507459229191767e-23,46387525933391466e-24,12876442191801843e-23,0.002697649968161555,0.6631434783441453,11514858364394439e-23,1848539713913094e-22,0.00014029406747477526,5400484695904002e-23,0.3340179833866525
0.0006459695814103611,2266127992562406e-23,24484652198275093e-22,0.9384921508778894,56909255143997754e-24,7034189817411246e-24,26076669544822216e-24,13054512121575304e-24,0.060859290850344416,14486065438091034e-24
14485473251561565e-25,0.2719285671802176,4393098074438454e-23,3118099809175009e-22,927013690562447e-23,0.6005888023771867,4270652618899594e-22,8099674491567296e-22,0.12748101529892825,11651316595517736e-24
2857936598339992e-23,53868306519256794e-24,0.9009164424241008,0.04579069865652543,9843913745679693e-23,22679372063894243e-24,5372415689980902e-23,6642311036982996e-23,0.05329246234793104,7285836745582907e-23
1683476638966542e-24,0.8162778993453669,8436239036916636e-21,0.13533140217434741,5844176877486923e-24,3803088717702789e-24,12012205533674038e-24,11084465387875034e-24,0.04838222228647619,55274545266478325e-25
16009633065773076e-23,27432605750849776e-25,22598839446582853e-24,10137138790233372e-23,5782862022049555e-24,16568012441801116e-25,3958817851024164e-24,0.9601570524521237,0.039842644594642665,4744481316762568e-24
0.0003573256029514948,1677315511404005e-23,23246797704351834e-23,0.9889681977765,12027221322387671e-22,3207434572699666e-24,16001259893039892e-25,13471291140205662e-23,0.0106728745194348,10617553633930889e-24
43115582281525136e-23,9513078109539369e-23,5684559986196106e-22,10436012251485008e-21,5029940257268316e-21,11478127297207666e-23,3490917534913489e-23,0.9999829960663066,13212618107141877e-23,16142192734506828e-23
36486514255830025e-25,401664552362365e-23,35490249467900902e-25,0.8177698326222157,40367170713930256e-25,0.06456959527061759,68118774705891705e-25,2813779424678731e-24,0.11766054334429805,3886424137194132e-24
27927906121144224e-25,7071903727553084e-22,5652479597051163e-23,0.4446308852209282,0.5553680585637452,24769895040755218e-25,3291118906582091e-24,28738304751819115e-24,2351467837571929e-22,20054224700516134e-24
9388376884855111e-23,6354025759054709e-23,4664986677870197e-22,0.6483624857968497,0.35162963298236005,11457492620788444e-23,3954222557466694e-23,19979805651235443e-22,5026797510555405e-21,7840216852158215e-23
7390501592049695e-24,9168914789016449e-23,0.055455696519372606,0.2427272772639075,0.3633523304481435,11839574115386472e-23,1363967365546808e-22,0.2922870396128467,31206210003806094e-22,0.046174181662608844
9567899185270647e-24,54884799577696485e-24,55263973470682966e-24,0.514289694594625,29571567386439627e-24,9845051597383883e-22,0.21462123474391248,16244510108875275e-22,0.2710863012718201,11145453993666909e-24
6915900870939016e-26,5372174857161945e-23,0.09919701390040932,0.594541349022933,0.1961264575143321,9191428885651876e-24,27104125836415036e-26,14240968268954049e-25,0.11013511465712358,22785033158170232e-26
7646570515462974e-25,5726197967963412e-24,0.851363922865614,0.05940101387985846,16916891377928893e-24,2582412285484766e-24,34398277901960525e-25,1549491310300994e-23,0.08923501295647415,5373707428247637e-24
6057243104697679e-25,0.881649755883215,1113045519346077e-20,28285263216481927e-24,0.03860462952587353,11347709557941092e-24,1806559305479379e-23,7226440912151177e-24,0.07973441469537497,3909458037927185e-24
28891547443729538e-24,0.2813898688774487,2464305938632582e-22,17208029330833312e-23,0.01797671010957374,7456776633371442e-23,7447031124353744e-22,0.6258975719580365,0.06569799162529256,0.00903659075593003
335262429510019e-22,0.0008931701522530819,0.21607282050938736,0.5005032031339154,6562143873778309e-22,25817758751353994e-24,0.07501789270266025,0.044072339008571,0.1634397450544209,11388037591054031e-23
0.001480634908176022,1934687761162534e-24,18007746566376467e-25,0.9985190930689142,15830776108816786e-25,17463990396542765e-25,1384624558245409e-24,14868030429366502e-25,26074045973486695e-23,13461060542852406e-25
57469290110782946e-24,26849202347038758e-24,17078604565076153e-22,20258352969150655e-24,29474632075218547e-21,7402182085692111e-23,12438390099718155e-24,0.9999670127251507,13708255013522462e-22,2429222075413982e-22
12548821942168265e-24,0.0006047444975259166,899639937556359e-22,9853093539952687e-23,36393009067475834e-22,0.46230447936394287,0.3184107838704937,17590339237318022e-23,0.21867578801391246,1880059767779853e-22
10500938294148475e-23,36453601791214776e-22,14642273447515007e-22,1398385374355914e-21,1947363612477028e-21,12193528296642498e-21,199151553203873e-19,0.9003377391462704,0.09961980987489238,17819492414348096e-22
8220413222752361e-23,2898456884977034e-22,5242636574012871e-23,3153160892549405e-23,20876640742400596e-22,9879127132801003e-23,34520595555303135e-24,0.9999932993315482,37548543816152282e-22,2688303463068312e-22
46038314703802805e-25,9394539080822105e-23,1689176876542542e-23,0.3920863958986346,0.6079085006939947,4757646172719913e-22,5027039104773016e-23,3393230851200979e-21,8810174487463922e-22,1876825563656908e-22
0.0008613600369442792,2770252039258109e-24,2318116633660161e-24,0.9460956252191954,11211909425928626e-23,21204924547386182e-25,2195354691324351e-24,28166076622780925e-24,0.053042862799956084,22402328599299425e-25
22030759861111629e-23,30917903154070713e-23,20592963998455902e-23,6479847843958993e-23,47717104012539595e-22,11821566230306927e-23,2795117153909768e-22,0.9999935764442263,13737784302318751e-23,31652552108547975e-23
5455636234603875e-24,6151022138682796e-22,13182374627092408e-23,6568615900005652e-23,17405365409588383e-23,22976411978238343e-24,8785585583594225e-22,0.9596929654086631,0.039360201762065124,0.000944939172559843
2958046934970045e-23,583158112748941e-21,3644927771901146e-23,47505010909727207e-24,21807074915394397e-24,9333300192405027e-22,0.1332996475923876,0.7460251281983702,0.12067352938064055,42998632678502086e-24
13302585964846635e-26,4233769140064912e-24,8918759744650405e-25,9510351530368763e-25,1090538133018259e-24,57893451719270636e-24,7154258152946858e-21,0.9173705386010387,0.08262223977396758,21730002167630685e-25
1825665749836916e-23,21545660421294482e-24,27886131591522237e-24,1942487692461439e-23,22719709367888042e-24,18152348625496593e-24,20472172393742182e-24,0.8611596718154895,0.13884016299658733,1673037467979643e-23
19993800593209872e-24,2084177546094414e-24,36330537216302328e-25,5260209637168654e-24,16683706239020092e-22,24511865232092063e-25,2095490328536422e-24,0.9999897570916342,8536878427609096e-21,21411534914916674e-25
9558294888192073e-24,1891535872703376e-23,21952064104227494e-24,15977316367995707e-24,20267146794289892e-24,5044418764804e-20,8530200600005842e-23,0.7227081991798161,0.2772915498357829,28568024851497075e-24
0.007588551560019145,5111121459414676e-24,4325385444703057e-21,12260788992917585e-25,2754427342945915e-24,0.6304980227582617,9979334586050213e-25,5230211888388216e-25,13442404887360422e-25,0.36190908833934454
11976739024639942e-23,4905319158883796e-24,5949540810091061e-24,3907893573172006e-24,6546171218587836e-24,5092764833649829e-24,1070275448956036e-23,0.9996537557192994,0.00034607987930844453,7527900922930885e-24
23310608628025997e-25,9000986559755707e-24,10745214984648316e-24,35085016859680664e-22,18012319781102257e-24,11333209002766358e-24,983177585486565e-23,0.9999964122007807,9109977959698192e-24,8932676057205446e-24
988613262701749e-23,7313006933707716e-24,55133265820066985e-25,7950662828087094e-24,5662892714779077e-24,0.08408339444111108,69127765015562985e-25,0.915916418283271,13364153745470588e-23,1039524922774865e-23
1234939894406219e-24,11285056913413397e-22,2245455474159222e-21,2198169380295195e-20,0.9999726170147452,27689215216229523e-23,10071242043659383e-22,1247547978006678e-22,21623668198302168e-24,5957007949506354e-22
2247313216979137e-23,13904102241254698e-23,23068604814846042e-24,0.6946118619770034,19554922511646771e-23,0.23780781453761443,2707826798028489e-23,29256621559097143e-24,0.0675797584401624,12857829400372582e-23
586935546106267e-24,13520698812040533e-24,0.9999998811791251,10771715509564308e-24,2583547528243149e-23,712480946866349e-23,7818840427837525e-24,1685173277626108e-23,13631148974003671e-24,22679572833582307e-24
47639879893126084e-24,0.9999576956890378,17805200280732292e-23,22028503872469057e-23,403777905762845e-19,4452934918999955e-22,3210374672985434e-22,5096580638270435e-22,10816590515261697e-23,9639009006532669e-23
5732229344806766e-22,16444331183987576e-22,7379303392598787e-23,3158388973089014e-23,13121848872482595e-23,1741315372493575e-22,7714269156724989e-23,0.9999963130632075,45198069058896246e-23,5294304094636905e-22
15445671556862584e-25,16087183366845e-21,3456123787547136e-24,11995887108885002e-25,0.9999999465418188,7432639220322672e-25,44687687063598965e-25,1001492581450924e-24,6708643768028087e-24,1824854037355569e-23
2905114054484121e-24,9593919052725732e-24,5374622734391719e-24,4836014717402535e-24,0.9999902519608674,9653725788015238e-21,12701912627604951e-24,4638856624744364e-23,3985582291115911e-24,8527629958889901e-24
11799811426726856e-26,14794742823435916e-25,13419276783653943e-25,8596880250564571e-25,0.9999987982193834,7004793862103188e-25,9573416695865477e-25,9654498719857654e-22,22992244937505777e-23,9498197753494551e-25
13347252221603137e-24,0.88175415950627,2362084280042255e-21,0.11750732905232592,25709195950976223e-24,9552689742115561e-23,0.0007359048821421648,11119714662702335e-24,53359390636236636e-24,4541254385700137e-23
9089666425878103e-26,4807664828153482e-23,2693883564815516e-23,2449096897477119e-24,0.7748801533546562,0.22511954291423553,1070354481255609e-22,8982674574521326e-23,2766300234160599e-24,26547136943939244e-24
3335819402930763e-23,0.006901955268804909,28631745200191555e-24,508505243994998e-20,0.0007105343701402446,1327570817423275e-22,21260776049829614e-24,0.9923817065559559,4775936137309625e-22,25151850246066007e-24
10524729361338964e-25,9955090312104224e-24,6533571822630199e-25,27494409728234535e-26,0.17593508920834938,5951819569217535e-24,2860812775793508e-25,0.8240648911821538,8381445779081303e-25,597587536946668e-24
15049975629995723e-25,0.9379678275552171,0.06202898606082337,2417636313033885e-22,25420330930172723e-22,2517102961627821e-24,17193851482697968e-24,9660762311588183e-24,32099454182507915e-23,50715932451912175e-24
5816240748558385e-24,3401868521226522e-24,4572287296254588e-24,10498696640121584e-25,5777107454222056e-24,8734219462562808e-24,1708343663813751e-24,0.9999999613215738,4108955178678051e-24,35095218215007264e-25
4952453378326074e-24,4345607088979164e-23,7664958656292716e-24,0.7699272134913794,374129171770722e-23,0.09004677609099605,5328149299201149e-21,1735107598806951e-20,0.1400032671407775,42367830033566795e-25
27911450846594034e-24,23571918369683962e-21,23611989882183403e-23,2028596185023953e-22,36979058292363906e-24,0.21784927664629403,0.2516085690867431,0.2776714601524187,0.2528465395608084,7876536649583594e-23
0.010218231221845992,0.10695677654134512,0.07911754234188402,13216334971567711e-24,5320550312611495e-23,2107621903655841e-23,0.5913682031566084,2769959606059629e-23,0.21233894164923203,18989139051141036e-23
6808732921797203e-24,5280485446921877e-23,13409352373683958e-24,17425154907667376e-24,0.9999997871151559,15255117068533668e-24,15335076858678663e-24,7416468673737675e-23,9963558766479748e-25,16685525602545922e-24
6705853343304382e-25,1961357334503381e-23,3543536657117311e-23,26703864985509678e-25,0.9999997255954187,13415999137558328e-24,615457621679293e-22,1204963595358131e-22,4269502999852309e-24,1628750694631413e-23
7878943148415541e-23,0.08599337055123792,16335005646335703e-22,26438073725880353e-22,0.5398870782499992,0.3741109621723916,19042946615603124e-22,1293760730537088e-22,9548840791526242e-22,12443741738202668e-22
0.005577605992204998,8004514128565597e-23,23750255676491777e-23,40685417507443e-18,33332779197984634e-25,14168470549742223e-24,0.5722736768849528,47556992902295777e-24,0.42210696151750776,687581418475113e-21
3998828596630866e-24,26601161802685187e-24,3872994670923635e-23,25354646273598836e-24,0.9999997065511254,2969937739974277e-23,4381857025122034e-23,3320337673189631e-23,4996573624113268e-23,4207723132847404e-23
1534358901799998e-24,2748783532909818e-24,57837272384261184e-25,1017529520224954e-22,860542672222578e-23,31202301608886667e-24,30456593390238493e-24,0.6969544040210054,0.30304540631536364,7579473288589966e-24
10681521169411479e-24,16268843762116966e-24,16526691503965622e-24,15578218962253998e-24,22806754504665024e-24,3658077706924376e-23,0.0003047444286504284,0.8010278833664838,0.19866722289738825,30864674048769074e-24
4384453443000877e-23,15736796907745698e-23,2538776682767048e-22,10126614004080811e-23,0.9999880790037389,6774153895602872e-22,2699296240761871e-22,9930856004038897e-21,3070106564581236e-22,1794282729901956e-22
1125500317469583e-23,6430402060271896e-23,6235776067808681e-23,0.17703770270836575,30879130979789163e-23,8562461068297892e-24,0.07658421412017322,0.4863437663464712,0.260033814938143,4661626230980926e-23
1480919373652204e-25,547055932376152e-24,20603086865370287e-25,0.8844360847586314,3775651363604962e-25,35689973778326047e-25,394252567103727e-23,11795233126572488e-25,0.11556390176535224,1652161847906006e-24
5775526693818812e-25,6226972400053556e-25,7073225329629147e-25,17735586055982635e-25,6859028536917093e-25,0.999999991563338,4968070317686999e-25,659179489544909e-24,2230694304748671e-24,6831565885020219e-25
11356553481558874e-24,21872535979269449e-23,27701039873679734e-24,0.9999963953324975,657595951557728e-23,790029274951699e-22,21058183851445525e-23,18252474495022514e-24,28721066148239797e-22,16036465768558007e-23
9941812821013894e-24,1341116651600564e-23,11438783626269482e-24,0.9999989220293051,2667941907428516e-24,11184690427671472e-24,7268387973359308e-23,9946257317421973e-24,8781856184727755e-22,6850918817415291e-23
2990542215733596e-22,2393045322014514e-22,6170814016304737e-22,0.003572763200279728,0.9964187499799354,4426064370760674e-22,36498439206656682e-22,6374456534231682e-22,6845092937585263e-22,1916973763480817e-21
1764151587328663e-24,4925682918970384e-24,20305974764895046e-24,0.32216642003265883,922603799004142e-23,0.05471034961767264,18602404493683997e-25,0.5231614419583819,0.09996174694211997,3367068627907155e-24
1608341760773679e-23,0.000931819196857096,1095508079002984e-22,0.998958418595538,208101195754063e-22,13127893224753243e-24,3773052310874306e-23,6271216438581649e-23,2710506008957889e-23,0.00010947508882139199
6115437285827859e-23,15810951369823866e-22,32781496505178987e-22,22768349625844417e-23,0.9999732938199543,17855047486572018e-22,15820748565026965e-21,13002844334582034e-22,5143710604629801e-22,21371885800858486e-22
0.016904266227931064,9087285606064477e-24,4401417000225432e-24,2867213211518277e-24,0.36414337359267057,22938174637725744e-25,0.6189523138714867,20941118242072887e-24,3394723130782062e-24,33241620635556953e-25
19843136055262184e-25,13089942332037516e-23,8597900390718555e-23,0.431028025260458,3247578026202667e-21,0.4056654796136481,7004733636890222e-20,2601032224299818e-23,0.16323262120451773,3341337224451468e-22
12001985304168563e-21,0.9999860113839789,8361642252444842e-22,6327223387140266e-22,10403297674740452e-23,2908048596922603e-24,6490405260709181e-25,28844138631101708e-24,352789118291164e-21,28520394557141675e-24
6115776840222178e-23,8483786668602719e-24,14436371002150557e-24,0.426079472961703,10648320941884602e-24,4561224836754382e-24,0.26486352257692025,12784015233188474e-22,0.3090556173710031,9401495969464393e-24
2270879419083974e-24,0.25202920307674975,8543108750952981e-23,34063732205508592e-25,4146508289386595e-24,0.49049468662972834,3115231472880148e-24,19304783329307333e-21,0.2574567046626641,2477463059521331e-24
37923044335344456e-24,3673236950335601e-22,2653167661016832e-22,12596175060694677e-23,8781900822700802e-23,14699748773053362e-22,3668634042592565e-20,0.7089543034208814,0.29099270350541956,13952408673900394e-21
23112107160242476e-26,30687001217337596e-24,18277273623219225e-25,17554494705881e-22,5642009929012668e-25,156512815208791e-23,0.13743430208653235,6831022370351467e-24,0.8625656543299669,1218898872722246e-25
5107640441137877e-24,4583334581285317e-24,402449568569094e-23,0.9999837664495946,3698967757256749e-24,3389090764797909e-23,59104997050987454e-24,15796632236864033e-24,1609963200933905e-20,7711447229972022e-24
5987955413461257e-23,8996872981140932e-22,1795482796838336e-22,16896942632672242e-22,0.9687165168089503,6980472618348181e-23,0.031279170347941344,1758578968565265e-22,6494020056536358e-22,5889691145437687e-22
2477197257171089e-24,5235810511576516e-22,15544779568493824e-23,0.7737808049753562,11938078722429187e-24,0.22621848251519985,65473028205202065e-25,4047758380777237e-24,35196517544266886e-25,4952064191793075e-24
4399765734429604e-24,0.9999998398608694,8586552734304966e-24,121437173742083e-21,2385586643666249e-24,3564128076393143e-24,13165457638874644e-25,3075801882865502e-24,7077890936081637e-24,8295673989066235e-24
27519781905116376e-24,22538895295933794e-23,6344110880761934e-23,0.9999980930469586,40891547065913435e-24,12007422701472516e-22,38767815662797826e-24,10786671201819489e-23,1272062402101379e-22,7512828655557672e-23
28266378137471045e-27,0.6006486510120251,7276653687223845e-24,16111903119640196e-25,34722417290936276e-25,16155872863801803e-26,1683970649193578e-24,1351049780493446e-22,0.39935119880216574,8469530323196433e-25
358547011517309e-24,9647288247725089e-25,986768920161978e-24,0.44086027914389797,5281679703558442e-25,9205260220195825e-25,9060267702754788e-25,4745709196218454e-25,0.559139714764104,9526511750409996e-25
7102643655962448e-20,292692095654792e-20,10249992924828296e-22,0.6090759866838208,10015950610014182e-23,0.14498766924232503,0.24501814094530686,14080297279029307e-23,0.0008420546978481486,9291117327318427e-22
3903698149654357e-24,9598582592592496e-24,722859049506245e-23,0.581506910470912,27660004525789278e-25,12606155717635877e-24,5092471253077874e-24,24314907363973086e-25,0.41849304086642475,5035660511656994e-24
